3.503853765972257,3.503853765972257,0.0,59.0,18.0,64.0,53.0,33.0,65.0,2.0,41.0,8.0,16.0,10.0,7.0,134.0,32.0,104.0,72.0,72.0,99.0,13.0,85.0,33.0,74.0,71.0,29.0,0.43882978723404253,0.2925531914893617,0.26861702127659576,0.38875305623471884,0.30684596577017115,0.30440097799511,0.014892032762472078,0.007446016381236039,0.01340282948622487,0.01340282948622487,0.014892032762472078,0.01340282948622487,0.0014892032762472078,0.007446016381236039,0.004467609828741623,0.0029784065524944155,0.0387192851824274,0.010424422933730455,0.035740878629932984,0.005956813104988831,0.0193596425912137,0.024571854058078928,0.016381236038719285,0.0029784065524944155,0.008935219657483246,0.004467609828741623,0.0029784065524944155,0.02531645569620253,0.0029784065524944155,0.028294862248696945,0.01340282948622487,0.011913626209977662,0.029039463886820552,0.04318689501116903,0.004467609828741623,0.03648548026805659,0.02531645569620253,0.011913626209977662,0.10201042442293373,0.0029784065524944155,0.05361131794489948,0.023827252419955324,0.03723008190618019,0.06031273268801191,0.06701414743112435,0.008935219657483246,0.035740878629932984,0.017870439314966492,0.007446016381236039,0.04616530156366344,0.0029784065524944155,0.016381236038719285,0.0029784065524944155,0.008935219657483246,0.007446016381236039,0.0014892032762472078,1.0,0.2114101924750058,-0.13893529623429396,-0.2284215747170895,0.05709408524491262,0.15865746473066136,0.10027723700349771,-0.015471021826537566,0.09623283563128268,0.1263941622026698,0.16716896244456464,0.10002815642089148,0.08954924155294224,0.02958339328330669,-0.01652951850152636,0.008038108599110166,0.05955623404447866,0.02579131269485538,0.06590536414689194,0.004908487728319878,0.036218817594468544,0.07080079937936937,0.11944240015448157,0.008476236103391165,-0.02570631544231681,-0.010212912466864076,0.05536379449121845,0.054211407961706155,0.0249608454583914,0.0069784140270957445,0.018874124129232568,0.03187390746995163,0.04638964868282304,0.029128500729864452,0.011422356836658465,0.013833629671564896,0.0037727878994507033,-0.001144904790399095,0.03224641078760949,-0.009532323476742363,0.06553552794958414,1.0,0.21156772615047156,-0.19252081598237095,-0.166439046428033,0.1363631152760198,0.06766169277134428,0.03387370499017765,0.023213424626029353,0.1697639268620579,0.08709520183331168,0.14834019495396358,0.1274826986402181,0.13442098433797045,0.052151009704813976,-0.014816338406209568,0.02188969143188964,-0.003497673494464027,-0.07740576147140671,0.010088487985560024,-0.08370668883783654,-0.04429679434626227,0.004416583249072226,0.055739898023526364,-0.050101288293199,0.0007721338979316808,0.034044372661630996,0.01965693001462813,0.02621092892569175,0.018870736320703192,0.03458736152517234,-0.006717977340016485,0.0020188555533626356,0.022496242940126664,-0.0015280448062041491,-0.019371296360156977,0.01608910234035911,-0.02040131271129063,-0.038430528822147626,0.014199167107353382,-0.052025137049172894,0.060530706390666926
3.530433281676225,0.6445909304857811,0.885331347728965,4.0,108.0,118.0,117.0,91.0,69.0,31.0,46.0,16.0,10.0,4.0,0.0,134.0,113.0,124.0,123.0,115.0,123.0,102.0,122.0,113.0,112.0,117.0,106.0,0.19381107491856678,0.3811074918566775,0.4250814332247557,0.26994301994301995,0.3297720797720798,0.40028490028490027,0.014892032762472078,0.007446016381236039,0.01340282948622487,0.011169024571854059,0.022338049143708117,0.014892032762472078,0.0022338049143708115,0.007446016381236039,0.0037230081906180195,0.0029784065524944155,0.0379746835443038,0.011169024571854059,0.021593447505584513,0.005956813104988831,0.018615040953090096,0.029784065524944156,0.018615040953090096,0.0014892032762472078,0.011913626209977662,0.004467609828741623,0.004467609828741623,0.024571854058078928,0.004467609828741623,0.03201787043931496,0.00967982129560685,0.014147431124348473,0.024571854058078928,0.040208488458674606,0.008190618019359643,0.04244229337304542,0.03127326880119136,0.011169024571854059,0.0967982129560685,0.005956813104988831,0.049143708116157855,0.020104244229337303,0.040208488458674606,0.05658972449739389,0.058823529411764705,0.00967982129560685,0.035740878629932984,0.02308265078183172,0.005956813104988831,0.05063291139240506,0.0007446016381236039,0.017870439314966492,0.0052122114668652275,0.004467609828741623,0.007446016381236039,0.0022338049143708115,1.0,-0.039428357288709734,-0.03117638872763806,-0.025959695014605967,0.03707314386620548,-0.022729692494969422,0.05066412005290096,0.0016864369552122723,-0.008570300681806342,-0.016135195466698858,-0.01057713006056346,0.014118798983972579,-0.013781603824031258,0.0076300760312655825,0.044121687472701544,-0.011164799460948062,0.04847444959903156,0.00275193650442798,-0.02521170012944425,0.0011935995042101485,-0.001000164170162353,-0.0017210944762898154,0.028468815752030807,-0.014300970153177684,0.00632111371081297,0.008103270590730368,-0.01820446392651388,0.00724717454995049,0.01116307319152571,-0.022311412602354752,0.02514010313548548,-0.006487815179806155,0.008999138633864994,-0.024762982300292,0.013677467762004498,0.007843007451539596,0.01857550830473422,0.021407040058356423,-0.011989286762836336,-0.03275159879309109,-0.039606622871443065,1.0,-0.03945773758475196,-0.03283091388544426,-0.028661146709849147,0.03402411787703953,-0.02176334188350832,0.05092977247023333,0.006206375790762407,-0.007407938010884867,-0.012496608300743381,-0.016375878901960798,0.013777075737411737,-0.016424536764883462,0.007191123336117387,0.04647520368605114,-0.008148222940485993,0.05544337857172075,0.005722127429373739,-0.02454197366662982,0.004044597664675829,-0.01172647009246546,-0.0006209968376507583,0.026104821787425857,-0.013174850935951023,0.012326160454843865,0.009435514763883632,-0.01705822152695305,0.006515282333247071,0.005530530149219448,-0.021366578025251527,0.02092307063176033,-0.006662895886606748,0.011084196286505308,-0.02447902975238602,0.013530024577115798,0.010533770251645572,0.013547169129307115,0.03073160657778191,-0.01711671665853402,-0.029928921470953655,-0.04167482976075611
3.5133864771546515,0.6233214035044241,0.8771407297096053,17.0,109.0,120.0,108.0,94.0,61.0,18.0,23.0,7.0,21.0,0.0,7.0,134.0,112.0,125.0,113.0,118.0,116.0,103.0,119.0,113.0,112.0,111.0,108.0,0.17264957264957265,0.39316239316239315,0.4341880341880342,0.2666184971098266,0.32947976878612717,0.40390173410404623,0.016381236038719285,0.008190618019359643,0.008935219657483246,0.01563663440059568,0.014892032762472078,0.012658227848101266,0.0014892032762472078,0.0029784065524944155,0.0029784065524944155,0.0022338049143708115,0.04318689501116903,0.011913626209977662,0.03425167535368578,0.0052122114668652275,0.016381236038719285,0.020104244229337303,0.021593447505584513,0.0014892032762472078,0.006701414743112435,0.005956813104988831,0.0029784065524944155,0.026061057334326135,0.0014892032762472078,0.020104244229337303,0.016381236038719285,0.011169024571854059,0.02680565897244974,0.049143708116157855,0.011169024571854059,0.03648548026805659,0.02308265078183172,0.016381236038719285,0.09828741623231571,0.0029784065524944155,0.05584512285927029,0.029039463886820552,0.03276247207743857,0.05361131794489948,0.06999255398361877,0.011913626209977662,0.04169769173492182,0.016381236038719285,0.00967982129560685,0.03350707371556218,0.0022338049143708115,0.017870439314966492,0.0037230081906180195,0.011169024571854059,0.012658227848101266,0.0022338049143708115,1.0,0.02974392603806832,0.006805274549471066,0.014911220803694239,-0.0007110344178919338,0.0005450608377459615,-0.04170723018333312,0.0019980127903336396,-0.018042185026946184,0.030926172779092303,-0.015566602499678766,0.012351725534975419,0.004538807763017913,-0.011911213450872283,-0.0019499139653304475,-0.009199994271438857,0.0021890013485333683,0.037314297987450055,-0.009954369017335596,0.02095445239728487,0.026560706492066377,-0.03738207873874778,-0.015572821206559203,0.003333492391971659,0.060657182819238084,-0.06206419118485816,-0.003353198693949479,0.015492735660743146,-0.04969997033507855,-0.010859705599612949,-0.006739713097565495,-0.03489794246894608,-0.01781359625438114,-0.00444367247651516,0.05140918115600891,-0.002993546371306588,0.018551495955124665,0.049104230116186705,0.01008389762798302,-0.02583855623146909,-0.002727018975714613,1.0,0.02976608991738133,0.005934662222471253,0.014579718844012244,-0.0016274008830737497,0.00043501847056456606,-0.04217489368723654,0.004532351511061811,-0.0179158371555523,0.033547664298212466,-0.017700022009315215,0.01387221855941092,0.0010676340279766802,-0.011399995373430814,-0.0034349373414581112,-0.00618202119929253,0.0010903817674575342,0.04044057036211567,-0.013853226197519487,0.022311321753741765,0.023399714652770947,-0.040410101254930136,-0.01381649275056049,0.00672794658482606,0.06286252374635971,-0.06451529934079792,-0.0008046171200736819,0.014424259839577467,-0.05351408338721859,-0.010294083714764661,0.002959178298794685,-0.041329464695928894,-0.011994153019075342,-0.006890489725438527,0.05579593927588477,-0.010143173849159704,0.01512290682517269,0.050398682815538554,0.006127554960503749,-0.030123701310811286,0.004524648825442449
3.4801742966347406,0.6211581928707783,0.8801191362620998,5.0,99.0,122.0,110.0,82.0,92.0,25.0,37.0,24.0,15.0,12.0,8.0,134.0,107.0,129.0,125.0,123.0,128.0,47.0,129.0,108.0,107.0,117.0,88.0,0.21236133122028525,0.36608557844690964,0.4215530903328051,0.29135618479880776,0.3450074515648286,0.36363636363636365,0.010424422933730455,0.0037230081906180195,0.01712583767684289,0.012658227848101266,0.010424422933730455,0.01340282948622487,0.0029784065524944155,0.012658227848101266,0.004467609828741623,0.0014892032762472078,0.039463886820551006,0.011169024571854059,0.03425167535368578,0.004467609828741623,0.018615040953090096,0.026061057334326135,0.01340282948622487,0.0029784065524944155,0.006701414743112435,0.004467609828741623,0.004467609828741623,0.026061057334326135,0.0022338049143708115,0.03127326880119136,0.011913626209977662,0.010424422933730455,0.039463886820551006,0.04988830975428146,0.0029784065524944155,0.039463886820551006,0.029784065524944156,0.011913626209977662,0.10722263588979895,0.0029784065524944155,0.05212211466865227,0.018615040953090096,0.04095309009679821,0.05956813104988831,0.058823529411764705,0.008935219657483246,0.03052866716306776,0.014147431124348473,0.006701414743112435,0.044676098287416234,0.007446016381236039,0.016381236038719285,0.0007446016381236039,0.011169024571854059,0.006701414743112435,0.0014892032762472078,1.0,0.015140517422451785,0.01623183102071565,0.03586827538170469,-0.0002708525318250071,-0.04888237575032023,0.02529884762546524,-0.0019399868727489036,0.0055423875689290586,0.02816430869924965,0.03211698137060365,-0.030375226830472387,-0.02046106493280482,-0.007589927366424108,-0.026757866701853688,0.00859560964645597,-0.008739984736313024,0.03927917521603274,0.005075904791375456,0.01281944017211655,0.028563997049609973,-0.02246633399650973,-0.055375805882089076,0.012552048874522242,0.004132539788246368,0.0008856830143940383,0.08337824916842787,0.05825190326842143,0.03754236265570989,-0.03687352706119638,-0.02587340292364732,0.050808021365968896,-0.0019002511370513943,-0.033915913364337844,0.058170274686848204,-0.03234478890916167,0.007738680342536165,0.008513453254045754,0.016448492234957177,-0.042246147115409784,-0.021936925350828862,1.0,0.015151799477162995,0.01603014269321137,0.0354805928109697,-0.001579508049283411,-0.05026028566571398,0.025700355861753864,-0.0010114117314800072,0.008358890392572387,0.0264206072302312,0.029095446914418434,-0.030643942287279125,-0.023694060392793252,-0.007392929514479473,-0.021647905560703493,0.013077436315911867,-0.012255652432037802,0.04094496789326831,0.002547336758406819,0.008921756354828479,0.029085533893712424,-0.023200718139847875,-0.05234310762219473,0.01183937085830611,0.008791089901365673,0.004064414189905046,0.07975504548505895,0.050384652856357716,0.03860641688001111,-0.04763446613613013,-0.03155666245951119,0.06849817835490234,0.0031890106270286286,-0.0379820579672923,0.049853177557554786,-0.041374061852128406,0.005558947578195911,0.0031821582892419317,0.02357103133462171,-0.025738537225313555,-0.029856808056855855
3.496608427876494,0.6376458417002631,0.8845867460908414,11.0,100.0,116.0,109.0,76.0,74.0,21.0,40.0,20.0,4.0,22.0,1.0,134.0,107.0,127.0,127.0,115.0,125.0,67.0,122.0,118.0,112.0,117.0,76.0,0.21043771043771045,0.35185185185185186,0.4377104377104377,0.2828507795100223,0.3504083147735709,0.36674090571640683,0.01563663440059568,0.006701414743112435,0.010424422933730455,0.011169024571854059,0.01563663440059568,0.012658227848101266,0.0014892032762472078,0.008190618019359643,0.005956813104988831,0.004467609828741623,0.04169769173492182,0.008190618019359643,0.02680565897244974,0.006701414743112435,0.02680565897244974,0.029784065524944156,0.016381236038719285,0.0007446016381236039,0.01340282948622487,0.0052122114668652275,0.0014892032762472078,0.02531645569620253,0.0052122114668652275,0.03425167535368578,0.01563663440059568,0.020104244229337303,0.03127326880119136,0.03350707371556218,0.0037230081906180195,0.0387192851824274,0.022338049143708117,0.00967982129560685,0.10573343261355175,0.0007446016381236039,0.04690990320178704,0.02084884586746091,0.03648548026805659,0.06552494415487714,0.05584512285927029,0.008190618019359643,0.039463886820551006,0.014892032762472078,0.005956813104988831,0.05212211466865227,0.0029784065524944155,0.01340282948622487,0.0037230081906180195,0.010424422933730455,0.0052122114668652275,0.0022338049143708115,1.0,0.03218321446547353,0.03400446632726518,0.06805715898380735,0.03714210734865771,0.01951032977003095,-0.03941698632806302,-0.00035396872115034785,-0.0034695902903863073,-0.009424289475366917,-0.013765844922340086,0.012689166025443874,-0.012927693817500465,0.039455346673585065,-0.051257309347689115,-0.0001932774140792866,-0.0279431163531475,-0.011493957966815576,0.013023973309909885,-0.03124956014320366,0.06415172935187269,0.01530900143952026,-0.019001063018011372,0.011257694574250595,-0.03398286699286642,0.027944478869682793,0.04193912744806696,-0.04129478228597529,0.027645853420390745,0.024989183124626866,-0.013119343872436158,-0.00881750000831513,0.004413601556738342,-0.008262832829391269,-0.04049706833865339,-0.0432069949074972,0.018973843433159384,-0.009656278793480124,0.04291962230096689,0.016240300579010467,-0.037094276398463535,1.0,0.03220719599637179,0.033052163064621325,0.06622540714291278,0.03229995665736618,0.013375904118198497,-0.047506503308290565,-0.0036961216043710234,-0.004163747026299528,-0.004468436376198158,-0.01027997154596056,0.016217725234905857,-0.01379120907335233,0.04223472241461214,-0.055121762714708235,0.0010096140536007985,-0.03196860480368308,-0.003789700655517516,0.01651111587741712,-0.022812811520915802,0.06556838262999697,0.013537178952273932,-0.02444841007326824,0.004392732388748296,-0.042661274141787976,0.030748786826117123,0.045647486072458034,-0.03549970848703215,0.023496671891008708,0.02242095780556572,-0.018601908220511366,-0.01408924425804338,0.00868516143639897,-0.020145562112535344,-0.0322811402576532,-0.03535990896152227,0.025329473391283178,0.0018201633227743952,0.04717444027375049,0.01569967230977846,-0.045120864530490884
3.433319439963279,0.6230434410442509,0.8786299329858526,8.0,97.0,117.0,111.0,79.0,97.0,15.0,44.0,12.0,3.0,4.0,2.0,134.0,102.0,120.0,116.0,112.0,130.0,39.0,122.0,111.0,110.0,121.0,84.0,0.2529711375212224,0.34804753820033957,0.398981324278438,0.29669485011529595,0.345119139123751,0.35818601076095313,0.012658227848101266,0.006701414743112435,0.01340282948622487,0.008190618019359643,0.011169024571854059,0.011913626209977662,0.0,0.011169024571854059,0.0029784065524944155,0.0022338049143708115,0.03127326880119136,0.008190618019359643,0.04988830975428146,0.007446016381236039,0.024571854058078928,0.01712583767684289,0.01563663440059568,0.0029784065524944155,0.00967982129560685,0.005956813104988831,0.0022338049143708115,0.027550260610573342,0.0,0.029039463886820552,0.007446016381236039,0.014147431124348473,0.03201787043931496,0.049143708116157855,0.004467609828741623,0.0379746835443038,0.02084884586746091,0.008190618019359643,0.0975428145941921,0.0052122114668652275,0.0573343261355175,0.017870439314966492,0.045420699925539834,0.06701414743112435,0.07073715562174236,0.00967982129560685,0.04616530156366344,0.018615040953090096,0.004467609828741623,0.04318689501116903,0.0037230081906180195,0.010424422933730455,0.0022338049143708115,0.006701414743112435,0.007446016381236039,0.03648548026805659,1.0,0.060089441017071886,0.02299138710559102,0.009513208076337135,0.02176111611560694,-0.01255568430196365,0.033807366798242824,0.0226053130122513,0.04592864503193444,0.008769845152214134,0.019067172479336595,0.03651460023637057,0.04303266815051729,-0.04188205916243681,0.027145366611126487,-0.010745090735624296,0.0345074486372264,0.005055640507052158,0.03071308945604349,0.020178643967572144,0.02595665595280615,-0.0004924970170440886,0.03640175489214255,0.0013354700532731477,0.04491138130969954,0.009344889118263167,-0.02401434457155812,0.018466266473824385,-0.022646972270043364,0.024216802812449874,0.03806606924690709,-0.025941376587970934,-0.025355725769946307,-0.03409811191791474,-0.00812823114588365,0.01938976609977527,-0.017056649830398257,-0.047854652937158286,-0.01760778199330372,0.025126752559352938,0.022367994428480295,1.0,0.06013421705359729,0.01947999503735264,0.007033527069034677,0.020486137323990426,-0.015496711267955557,0.034837720956610814,0.01902393193104671,0.04237807922094442,0.0029741588955872044,0.014971418628005908,0.03444609711273566,0.036644210048793716,-0.049030011779281554,0.02732008131258272,-0.01597925968810356,0.032990349004545554,0.0009012422820917881,0.022257841972437152,0.016607486363157887,0.017912766937902256,-0.0008591604101577706,0.030042854784602762,-0.004757404435204958,0.04197762852536163,0.0043594372651093545,-0.03677994271457894,0.022136400549765105,-0.03640576171996064,0.03022386409547986,0.02731360010349333,-0.03540819385184383,-0.027246902019652634,-0.03538760390100505,-0.005979567008835219,0.02339561912807839,-0.028965271258153208,-0.04343985412601285,-0.01735472129272109,0.031479148836770186,0.026681499900926598
3.48955572571389,0.6292843463421555,0.889054355919583,6.0,107.0,126.0,117.0,88.0,61.0,16.0,70.0,29.0,10.0,5.0,1.0,134.0,116.0,129.0,121.0,124.0,126.0,105.0,123.0,121.0,112.0,121.0,109.0,0.21540880503144655,0.3836477987421384,0.4009433962264151,0.26578764746703676,0.33171408743927827,0.4024982650936849,0.014892032762472078,0.011913626209977662,0.008190618019359643,0.012658227848101266,0.014147431124348473,0.011169024571854059,0.0037230081906180195,0.005956813104988831,0.0052122114668652275,0.0029784065524944155,0.04393149664929263,0.014147431124348473,0.03648548026805659,0.007446016381236039,0.014147431124348473,0.024571854058078928,0.02084884586746091,0.0022338049143708115,0.008935219657483246,0.0022338049143708115,0.0037230081906180195,0.018615040953090096,0.0029784065524944155,0.02308265078183172,0.011169024571854059,0.005956813104988831,0.03052866716306776,0.045420699925539834,0.004467609828741623,0.03052866716306776,0.02680565897244974,0.011169024571854059,0.10871183916604617,0.0014892032762472078,0.04318689501116903,0.022338049143708117,0.04839910647803425,0.05956813104988831,0.07520476545048399,0.010424422933730455,0.03425167535368578,0.0193596425912137,0.008935219657483246,0.039463886820551006,0.0052122114668652275,0.017870439314966492,0.005956813104988831,0.011169024571854059,0.007446016381236039,0.0007446016381236039,1.0,0.01603281724351491,-0.00413031728059511,0.0034364400003360947,-0.017163779546374734,0.0066371373279732,-0.021898113141575148,-0.04387542886212191,-0.04074144040108874,0.00453650921599961,0.003934627523354523,0.02216599051943173,0.009627532642334293,0.03961943756674154,-0.018321057523392158,-0.007707153633029287,0.022788144314937638,-0.027015662878549493,-0.0001052376967788277,-0.06880887712213173,-0.03426249546881433,0.04897253952202738,-0.04670568062097669,0.002199534037217918,-0.04326021139833477,0.005635543433378691,0.022414907819411,-0.05621741278158544,-0.035497018069199165,0.02231582019683966,0.015771692442932077,0.025812228547993227,-0.02412594624684496,0.01341972677298216,0.06573873140654185,0.000633254896566024,0.04361343615482249,0.00549171767294138,-0.03309501923302985,-0.00208415925491385,-0.016253406759935165,1.0,0.01604476420122244,-0.004395043230042133,0.0035823028398381833,-0.01735153095316371,0.007254970010134692,-0.022400054794030975,-0.04323930081456412,-0.04026673089338594,0.005788974285094759,0.002919630339083583,0.02147016389229888,0.00784381676479532,0.039026482567607275,-0.023446063739637542,-0.009499527120767648,0.02177917684249014,-0.025236098534242107,0.002092685712916576,-0.06659861063373512,-0.029021113561975124,0.0500582065956059,-0.051520333261839156,0.002190263060953437,-0.047644511981534535,0.005077497613419897,0.012661046361408,-0.06377546515658261,-0.03445793327452924,0.023226686730687576,0.01578715284098628,0.023342322776096824,-0.027142840021687143,0.01916674601096971,0.0574996610185615,0.002115046234674613,0.042683972339880374,0.0074997146521130756,-0.029723866805550798,-0.007708866897349934,-0.0028954392332107117
3.551359293828708,0.6485334465578027,0.8950111690245719,16.0,107.0,118.0,115.0,94.0,62.0,62.0,30.0,11.0,5.0,8.0,1.0,134.0,107.0,127.0,118.0,114.0,126.0,107.0,129.0,109.0,113.0,117.0,108.0,0.17170111287758347,0.35771065182829886,0.47058823529411764,0.27608232789212206,0.3222143364088006,0.40170333569907735,0.022338049143708117,0.006701414743112435,0.011913626209977662,0.018615040953090096,0.021593447505584513,0.017870439314966492,0.0014892032762472078,0.0029784065524944155,0.008935219657483246,0.004467609828741623,0.03127326880119136,0.008935219657483246,0.035740878629932984,0.011169024571854059,0.020104244229337303,0.02084884586746091,0.014147431124348473,0.0014892032762472078,0.016381236038719285,0.0029784065524944155,0.0037230081906180195,0.03127326880119136,0.004467609828741623,0.02531645569620253,0.01563663440059568,0.008935219657483246,0.03052866716306776,0.029784065524944156,0.005956813104988831,0.03648548026805659,0.022338049143708117,0.018615040953090096,0.08116157855547282,0.0007446016381236039,0.05063291139240506,0.0379746835443038,0.03052866716306776,0.058078927773641105,0.06701414743112435,0.00967982129560685,0.04169769173492182,0.02084884586746091,0.0052122114668652275,0.040208488458674606,0.0007446016381236039,0.020104244229337303,0.0037230081906180195,0.008935219657483246,0.007446016381236039,0.0022338049143708115,1.0,0.024651365430260617,-0.05542764093351823,-0.004143794671499026,0.025280923938638993,0.03783307696897471,0.07090684057925403,-0.013865163924795422,0.01277912717463983,0.015420570848480206,0.011019646085735229,-0.01070752886656541,-0.006048418703636571,0.01276011933169094,0.0040814212023221235,0.004144015405962662,-0.011866096348741228,-0.006742450979373037,-0.010191237286258982,-0.0005532525277962091,0.042150926455729744,0.007965102563258185,0.0007534354179001135,0.007551277897141987,0.0023599884867075475,0.022503332348137492,-0.009039271035594881,0.02024100497034042,0.005201735338416289,-0.00024556752967698215,0.0241199074119568,0.007333004078775414,-0.02089707997575285,-0.003618302059441741,0.008650988882118184,0.02440634414638574,0.005663142222858521,0.03732309217032808,0.010750028388705509,-0.028904984594554796,-0.02558490710682542,1.0,0.024669734555022367,-0.056153077394908615,-0.0013264556348672202,0.022466421619044535,0.03658283034445747,0.07235493824649732,-0.013299226285066617,0.021236711590979424,0.011781545948937513,0.007461025597673285,-0.014281451211995047,-0.0096478268833138,0.012070406708678904,-0.0014932625229671403,0.004033595151711394,-0.012131471420824894,-0.004335093853860355,-0.012176147368464197,-0.002921560480242369,0.0430758849897993,0.006490653100552682,0.007837603448662661,0.009384544465562101,0.0025263909265733583,0.021385892948668037,-0.016589923578958363,0.023685002439070738,0.00011676553350632232,-0.0017315000803071645,0.023331073512143596,0.003615872762353899,-0.017968289933887473,-0.007980964728459574,0.005715186712755619,0.021456922174002448,0.003415045381558782,0.04325324593237095,0.013006342074307155,-0.026912830060294046,-0.02927580838561483
3.516313317988739,0.6248827510556435,0.8868205510052122,2.0,109.0,122.0,113.0,84.0,78.0,35.0,21.0,1.0,1.0,5.0,0.0,133.0,111.0,129.0,119.0,116.0,124.0,105.0,125.0,109.0,111.0,117.0,108.0,0.17688266199649738,0.34851138353765326,0.4746059544658494,0.27149964463397297,0.32338308457711445,0.4051172707889126,0.0193596425912137,0.008190618019359643,0.0193596425912137,0.011913626209977662,0.018615040953090096,0.014147431124348473,0.0022338049143708115,0.008935219657483246,0.0037230081906180195,0.0052122114668652275,0.03350707371556218,0.012658227848101266,0.03723008190618019,0.006701414743112435,0.023827252419955324,0.02680565897244974,0.0193596425912137,0.0029784065524944155,0.008190618019359643,0.004467609828741623,0.004467609828741623,0.023827252419955324,0.0014892032762472078,0.026061057334326135,0.010424422933730455,0.011913626209977662,0.029784065524944156,0.04095309009679821,0.004467609828741623,0.027550260610573342,0.026061057334326135,0.010424422933730455,0.10498883097542815,0.0029784065524944155,0.05212211466865227,0.018615040953090096,0.04393149664929263,0.06031273268801191,0.07148175725986597,0.011913626209977662,0.03052866716306776,0.0193596425912137,0.007446016381236039,0.03276247207743857,0.0014892032762472078,0.014892032762472078,0.006701414743112435,0.0052122114668652275,0.00967982129560685,0.0007446016381236039,1.0,-0.0010173255164959503,0.0012184106127898751,-0.01771178784528412,0.002942697188007976,-0.05582730826833179,-0.003854662332215957,-0.0023740468666360835,0.01658050699491959,0.02921070667357152,-0.02508337951361723,-0.008264067015372375,0.002837867210765726,0.029207886748109202,0.024605104391552515,0.005737031152440331,-0.00633453681404087,0.0550394106385196,-0.00872137626473464,-0.024561965125473227,-0.0049476783139041705,0.0375623679977085,0.030252738845813098,0.006597741150243485,-0.004737557388537032,-0.06911194283364071,0.03381568592585149,0.025004620731369304,0.03775465097405515,0.050520109132618535,-0.008047245536664905,-0.024887713834501647,0.025013490282461855,-0.00014888831531233453,-0.034223409871854085,0.00918281110352512,0.003964098211877638,0.02806723077237522,0.018303227556472124,0.030401597796190706,-0.024154254632340142,1.0,-0.001018083583199728,0.001219192549501233,-0.017749003861831685,0.0029152117173497113,-0.05600552409990725,-0.004305524433825982,-0.0022188623907614963,0.014734975797624365,0.02973095788531324,-0.028530796388262766,-0.008343161851334645,0.0035270924465484956,0.03029608708553515,0.02846962450120864,0.0032642184138114813,-0.006816899789305905,0.05596758401487194,-0.00535617241935366,-0.020308903108540284,-0.002649121241692778,0.03576100160954603,0.0344707479150586,0.006236445754636826,-0.004464400586665376,-0.07209943358369343,0.034590478839749306,0.032961030346942456,0.03925602312033398,0.05095899423487061,-0.02330407322821537,-0.02482316990187656,0.03431326226512442,0.010092814669257747,-0.03231210663822329,-0.0009095138085308109,-0.0007930016151677847,0.031202428120059352,0.020551266271352644,0.030796141076259564,-0.027007081432158683
3.487363074732282,0.6507221327936199,0.8771407297096053,5.0,109.0,129.0,125.0,100.0,69.0,57.0,20.0,12.0,16.0,6.0,4.0,134.0,113.0,131.0,125.0,115.0,130.0,95.0,129.0,123.0,115.0,125.0,110.0,0.1441717791411043,0.3880368098159509,0.4677914110429448,0.27197231833910035,0.33079584775086507,0.3972318339100346,0.010424422933730455,0.0052122114668652275,0.008935219657483246,0.014147431124348473,0.010424422933730455,0.012658227848101266,0.0,0.008935219657483246,0.005956813104988831,0.0029784065524944155,0.0379746835443038,0.017870439314966492,0.03127326880119136,0.008935219657483246,0.017870439314966492,0.03350707371556218,0.008935219657483246,0.0007446016381236039,0.008190618019359643,0.0029784065524944155,0.004467609828741623,0.022338049143708117,0.0052122114668652275,0.029039463886820552,0.017870439314966492,0.016381236038719285,0.029039463886820552,0.04318689501116903,0.0037230081906180195,0.04244229337304542,0.02531645569620253,0.008935219657483246,0.0953090096798213,0.0007446016381236039,0.06105733432613552,0.029039463886820552,0.03648548026805659,0.06105733432613552,0.06478034251675353,0.007446016381236039,0.03127326880119136,0.01712583767684289,0.008190618019359643,0.04690990320178704,0.0,0.01563663440059568,0.0037230081906180195,0.011913626209977662,0.00967982129560685,0.0037230081906180195,1.0,-0.034281714966219165,-0.0046685795054701796,0.04776664396170804,0.024467368892167104,-0.00598157749367348,0.010792616504080426,0.020205470435027028,0.02027418624780084,-0.029026828922235803,0.0030840520072153957,-0.011030349136060118,-0.012258347181480972,-0.06546357371935568,0.035679322335824847,0.02781120144312301,-0.009963916904355762,-0.015988445234161514,0.007595337359584885,-0.012406143360521536,-0.01920088125658127,-0.008770180468956246,-0.005295905002252165,0.029896088444757996,-0.004135788832726413,-0.04091534493713955,0.020457465954016117,0.003915901104072049,-0.048083870703792976,-0.004191900960493907,-0.0025369817854413177,-0.0386792355705294,0.005643801768718751,-0.03189910439938954,0.0363871985337705,0.016835657811353353,-0.0035390519189702064,0.009964855897211744,0.024668819495085315,0.028498427399082298,-0.03832263427653208,1.0,-0.03430726020836985,-0.0058594269172156065,0.04756883760527004,0.02788819656902446,-0.003767427468369029,0.008438557959284719,0.01851322923728745,0.021729764177992026,-0.028401944015436074,-0.001189884717715001,-0.014247924589206052,-0.011533071809319678,-0.06629943305504739,0.03162144827265159,0.0319273880733641,-0.00022055052439906282,-0.015297641384057665,0.0015381636929942557,-0.010479400417830914,-0.01693670732578533,-0.010163593295496497,-0.011682031889729223,0.033707303349557086,-4.6884619095251945e-05,-0.04162326015946078,0.012757061570642672,0.010878413068160408,-0.04224498812549592,-0.011552564971514759,-0.008969368264477796,-0.03583270661948472,0.0074863417225800016,-0.03442477323563961,0.03879649685427537,0.026220907389834167,0.006392563035975991,0.0037233584035269835,0.017381919561015886,0.036274768381756736,-0.040070819761655926
3.499262514959402,0.6303867027246173,0.8801191362620998,4.0,113.0,120.0,116.0,84.0,94.0,58.0,41.0,15.0,3.0,3.0,1.0,134.0,115.0,127.0,120.0,116.0,124.0,105.0,122.0,113.0,113.0,117.0,107.0,0.21319018404907975,0.3343558282208589,0.45245398773006135,0.2689313517338995,0.32696390658174096,0.4041047416843595,0.01712583767684289,0.004467609828741623,0.011913626209977662,0.01563663440059568,0.018615040953090096,0.010424422933730455,0.0029784065524944155,0.0037230081906180195,0.005956813104988831,0.0037230081906180195,0.04318689501116903,0.014147431124348473,0.02680565897244974,0.004467609828741623,0.022338049143708117,0.02308265078183172,0.02308265078183172,0.0022338049143708115,0.008190618019359643,0.0022338049143708115,0.0022338049143708115,0.018615040953090096,0.0029784065524944155,0.03127326880119136,0.014147431124348473,0.007446016381236039,0.02531645569620253,0.039463886820551006,0.005956813104988831,0.03127326880119136,0.03127326880119136,0.011913626209977662,0.10201042442293373,0.0029784065524944155,0.05658972449739389,0.02308265078183172,0.0387192851824274,0.05584512285927029,0.06329113924050633,0.008935219657483246,0.04318689501116903,0.020104244229337303,0.012658227848101266,0.044676098287416234,0.0037230081906180195,0.01712583767684289,0.0007446016381236039,0.010424422933730455,0.008935219657483246,0.0007446016381236039,1.0,0.035699156467250054,-0.00036320965975628105,0.01692574834379589,0.0032833091722528924,-0.031349959867004895,0.012528784008465783,0.021372163264079175,-0.011852877688817518,0.03915745580122746,-0.009770371764664689,0.004896267362365368,-0.0015023544655923184,-0.021719236497961116,0.00486309711861165,-0.05925963731948812,-0.007224448899320949,0.0039652528996951915,-0.010869700636845536,-0.004829184911404087,0.03834258996064781,0.03960228527865155,-0.05285251873073627,-0.016245535437996853,-0.005878820141638245,0.008928343665436664,-0.012585498799406555,-0.05962207943084382,-0.002999096233505553,0.017342344832552852,0.02136159923959287,0.019962694947427546,-0.02219397541768389,-0.03127075207018582,0.015552491681435156,-0.05327178117093784,0.014718491498853301,0.0063337774202076825,-0.004063304649371612,0.02408733694798227,0.014465136564302985,1.0,0.035725757925124314,-0.0016421770983306432,0.017057142944865086,0.0020786720116269053,-0.03166471994690756,0.014601642359236753,0.020385637504274846,-0.012388370459547045,0.040217748215878285,-0.014623906235044688,0.007043615875173486,-0.0020237812937869016,-0.023182724608996102,0.008991108985211781,-0.06214975627993935,-0.0031491157704323087,0.005526567237638139,-0.013325717098048539,-0.0008053169034571015,0.03539167855440011,0.038858605764753175,-0.051884215600413085,-0.01725701348493117,-0.0012068109898147623,0.012523228242299482,-0.011836402272777258,-0.0655067886048982,-0.0016078695539605116,0.019899122732804368,0.017453392118585185,0.02226725395112826,-0.029762266888906933,-0.027902571114801634,0.02125119388052255,-0.054556177675695525,0.030672598008324576,-0.006117984369076167,-0.006748195583498656,0.029158316857170647,0.003735174284636905
3.473786290079141,0.6387362756808246,0.8763961280714817,17.0,106.0,118.0,116.0,96.0,80.0,11.0,66.0,24.0,3.0,11.0,9.0,134.0,111.0,123.0,126.0,115.0,123.0,65.0,127.0,123.0,115.0,123.0,104.0,0.2480974124809741,0.3637747336377473,0.3881278538812785,0.27645788336933047,0.34485241180705545,0.37868970482361414,0.01563663440059568,0.005956813104988831,0.02084884586746091,0.011913626209977662,0.011913626209977662,0.018615040953090096,0.0022338049143708115,0.005956813104988831,0.0029784065524944155,0.0014892032762472078,0.035740878629932984,0.011169024571854059,0.0379746835443038,0.005956813104988831,0.021593447505584513,0.026061057334326135,0.014892032762472078,0.0007446016381236039,0.008935219657483246,0.0007446016381236039,0.0022338049143708115,0.029039463886820552,0.0037230081906180195,0.03127326880119136,0.016381236038719285,0.014892032762472078,0.029039463886820552,0.05212211466865227,0.0052122114668652275,0.03648548026805659,0.02531645569620253,0.006701414743112435,0.11094564408041697,0.0029784065524944155,0.045420699925539834,0.02308265078183172,0.03425167535368578,0.05063291139240506,0.06552494415487714,0.011913626209977662,0.03723008190618019,0.014147431124348473,0.008190618019359643,0.04616530156366344,0.0014892032762472078,0.014892032762472078,0.0022338049143708115,0.006701414743112435,0.008935219657483246,0.0014892032762472078,1.0,-0.03641764533134318,0.003092530376332786,-0.012603302387017557,-0.05234077670526167,0.0026193146205137083,-0.0009069434344425798,0.023029457250209502,0.027535098867504007,-0.06494366272157778,0.01779854745914123,0.012258273613847803,0.029623555567621054,0.029270701616011283,-0.00626678734109623,-0.013043392646143837,0.012741972607776608,-0.02300068699766671,0.015009144171098283,0.006433263661974304,9.120241327477166e-05,0.013982726795265125,-0.0033680648165969377,0.006203566023702884,0.020511289060204666,-0.014173995112193676,0.047555972405228554,0.011401098598595474,-0.015560303174444212,-0.020252362729977626,0.03278976259910428,0.020508878205666967,0.060282444704869535,0.02405537949150303,-0.0006897479073080409,-0.015597109014213588,-0.026172756135268087,0.028474777634565532,-0.00021762593123649925,-0.003685246970705989,-0.0018405163226900246,1.0,-0.036444782175852376,0.00177127314769546,-0.012470893505492036,-0.05349450151038508,-0.0012072761053194567,-0.0008052976036766383,0.02174826468021607,0.02670558627930805,-0.06374375802032349,0.01374927754394907,0.017100167501761295,0.032220130909605876,0.025711740757240774,-0.003179928392126957,-0.01278551158209194,0.018476364384372005,-0.016758660709615483,0.00747555407646885,0.006372375728348098,0.0001443734953107351,0.014929866145532595,0.001982016291080187,0.0043624995281389195,0.018864555096643847,-0.010478650597409208,0.04425103637053795,0.018713692243573256,-0.013601763183239765,-0.02301998336347146,0.03940054874091599,0.022955091764229125,0.06133214597316009,0.02877540205859157,-0.001789505819924217,-0.006780112317333744,-0.019372849797057775,0.026406868724509442,-0.004783345022886245,-0.008018464249872305,-0.006597635088221042
3.5104164727009484,0.6431567906664586,0.8868205510052122,6.0,114.0,128.0,119.0,82.0,82.0,53.0,48.0,10.0,13.0,9.0,1.0,134.0,115.0,131.0,127.0,121.0,130.0,105.0,128.0,121.0,121.0,127.0,117.0,0.20451127819548873,0.3368421052631579,0.45864661654135336,0.26540284360189575,0.33175355450236965,0.4028436018957346,0.01563663440059568,0.00967982129560685,0.017870439314966492,0.00967982129560685,0.0193596425912137,0.011913626209977662,0.0,0.007446016381236039,0.008935219657483246,0.0037230081906180195,0.03350707371556218,0.010424422933730455,0.028294862248696945,0.004467609828741623,0.018615040953090096,0.02308265078183172,0.018615040953090096,0.0022338049143708115,0.01340282948622487,0.005956813104988831,0.0052122114668652275,0.029039463886820552,0.0029784065524944155,0.028294862248696945,0.010424422933730455,0.008935219657483246,0.0379746835443038,0.039463886820551006,0.004467609828741623,0.029784065524944156,0.029039463886820552,0.011913626209977662,0.09903201787043932,0.0052122114668652275,0.06478034251675353,0.024571854058078928,0.04244229337304542,0.058823529411764705,0.06701414743112435,0.006701414743112435,0.03127326880119136,0.01563663440059568,0.00967982129560685,0.034996276991809384,0.0022338049143708115,0.021593447505584513,0.0029784065524944155,0.0052122114668652275,0.005956813104988831,0.0014892032762472078,1.0,-0.025416261174089183,0.05762539640552364,-0.03995052028434287,-0.028733389214371526,0.007752175947221144,-0.0010168260125197072,0.015143134320291657,0.029703061728276265,0.014158906885931072,0.0033627129393728585,-0.006024436562878025,-0.08665504931665569,-0.0069672095109785,0.03460246272844145,-0.001845448763181104,0.008817108258306075,-0.00784195969294475,-0.010197527485263366,-0.04384217527480626,-0.01586510382742279,-0.028581945152966297,0.013442547851257987,-0.012313422665973779,0.012506222092946858,-0.040275363027091206,-0.0211257369395611,-0.02024547327198239,-0.0036738795141885226,-0.021051746695496875,-0.03475781899701414,0.009759854375722504,-0.013868400375491658,-0.0029456808211112432,-0.018573509040623385,-0.00183317980929677,-0.009082630603569956,0.002937673524098971,0.03602782633540128,-0.008750484769489782,0.028821917618784616,1.0,-0.025435200265873155,0.057101332583615265,-0.037349361715249024,-0.03406817947867702,0.010843757234908125,0.0015295450547273795,0.011759770706154906,0.03042876755260472,0.014765814626541118,0.001539368342466477,-0.004452551507432869,-0.08591425007797564,-0.0101925010216505,0.044635005560934346,-0.006980434816852083,-0.0029469733753926548,-0.0038020426111414016,-0.009460175803072441,-0.04323169969179088,-0.011925362047376662,-0.02432814730970598,0.00941196517493542,-0.013889998808286237,0.0006285813280073371,-0.04078826839599842,-0.015957379628682173,-0.014774916212079965,-0.003539772645862274,-0.022597250202451524,-0.040722684377756654,0.002826864874774122,-0.013405850068166204,-0.007929444808517153,-0.015224050483830565,-0.0002217652150211498,-0.0091942358193806,-0.0035663304494779166,0.032682362830351114,-0.008748283733121255,0.02391542377645237
3.511865697971273,0.622447271501697,0.885331347728965,2.0,111.0,126.0,117.0,96.0,67.0,44.0,25.0,8.0,8.0,1.0,0.0,134.0,111.0,131.0,127.0,125.0,130.0,111.0,127.0,115.0,113.0,115.0,111.0,0.15537190082644628,0.3785123966942149,0.46611570247933887,0.2696551724137931,0.3310344827586207,0.3993103448275862,0.010424422933730455,0.00967982129560685,0.017870439314966492,0.01563663440059568,0.01712583767684289,0.01340282948622487,0.0037230081906180195,0.007446016381236039,0.008935219657483246,0.0037230081906180195,0.045420699925539834,0.017870439314966492,0.04318689501116903,0.0052122114668652275,0.016381236038719285,0.024571854058078928,0.020104244229337303,0.0022338049143708115,0.007446016381236039,0.0037230081906180195,0.004467609828741623,0.024571854058078928,0.004467609828741623,0.027550260610573342,0.017870439314966492,0.010424422933730455,0.011913626209977662,0.03723008190618019,0.0052122114668652275,0.03276247207743857,0.02680565897244974,0.011169024571854059,0.0967982129560685,0.004467609828741623,0.04244229337304542,0.02308265078183172,0.02531645569620253,0.06105733432613552,0.08265078183172003,0.00967982129560685,0.03723008190618019,0.017870439314966492,0.0052122114668652275,0.049143708116157855,0.0014892032762472078,0.012658227848101266,0.004467609828741623,0.010424422933730455,0.006701414743112435,0.0007446016381236039,1.0,-0.0356418581261415,0.0392268446545458,0.002809856990147851,0.037694382630000085,-0.02374780250572898,-0.013147864931803947,0.02332269924161076,-0.014458911280095015,0.02301024345317082,0.04365243786182017,0.01764359564831891,0.0011698575954659188,0.03665471744812743,-0.010424475167739438,0.030619061411171863,0.008984770566947048,0.013751219828961408,-0.0006342488045574555,0.0067215963887703135,0.0001307838955680447,0.02925778636365785,0.03664235936198827,-0.0069861835321824994,-0.005955275805660836,0.009746925034726264,0.010081654680027313,-0.011838229480734664,0.010583801341081691,-0.02408712628106001,-0.033869060654745806,0.012618810520981334,-0.006193340432463118,0.030084535869699548,-0.025631516228947833,0.08585186008909865,-0.01585281565226911,0.02818916620499402,-0.028213397886910466,-0.03992749619055142,-0.01676219926821323,1.0,-0.035668416887785444,0.038061535815678234,0.005536709768664434,0.03669987863156168,-0.021674443043187025,-0.017701734520193992,0.02385306833932609,-0.012951325526026326,0.02241617260480282,0.04718548350726486,0.016953064737499853,0.0005649518222600173,0.03391296614598237,-0.01173130453372516,0.029982332842606364,0.012780545273687173,0.009091476891924377,0.0016866041423925537,0.0026319286546377546,-0.0038655908329098326,0.030167469118807595,0.037063677133429666,-0.009092422782584273,-0.010985413316184781,0.004866426285178152,0.0063522670939949255,-0.009157493676087609,0.006862581406540434,-0.026126824615070817,-0.03941918258400336,0.008986821704104081,-0.009365414304357672,0.03182829069785056,-0.023274771308959205,0.07849632944304605,-0.009281906938340637,0.019394664550822765,-0.0275617852276994,-0.04782412955453662,-0.012219511125712856
3.464621064519311,0.601466781288345,0.8845867460908414,9.0,111.0,114.0,113.0,105.0,75.0,43.0,30.0,17.0,8.0,6.0,3.0,134.0,113.0,120.0,124.0,119.0,119.0,105.0,129.0,117.0,111.0,113.0,111.0,0.17981072555205047,0.3832807570977918,0.43690851735015773,0.26996466431095406,0.33286219081272084,0.3971731448763251,0.021593447505584513,0.010424422933730455,0.01563663440059568,0.017870439314966492,0.008935219657483246,0.018615040953090096,0.0014892032762472078,0.00967982129560685,0.0029784065524944155,0.0007446016381236039,0.04839910647803425,0.007446016381236039,0.0387192851824274,0.0037230081906180195,0.012658227848101266,0.03127326880119136,0.011169024571854059,0.0022338049143708115,0.0052122114668652275,0.0037230081906180195,0.0022338049143708115,0.026061057334326135,0.0029784065524944155,0.028294862248696945,0.01563663440059568,0.01340282948622487,0.028294862248696945,0.034996276991809384,0.0037230081906180195,0.02308265078183172,0.02531645569620253,0.011913626209977662,0.10647803425167536,0.0029784065524944155,0.05658972449739389,0.029784065524944156,0.039463886820551006,0.05286671630677588,0.07446016381236038,0.008935219657483246,0.0379746835443038,0.016381236038719285,0.008190618019359643,0.034996276991809384,0.0,0.017870439314966492,0.004467609828741623,0.014147431124348473,0.005956813104988831,0.03648548026805659,1.0,-0.003770531475307795,-0.043305962027672985,0.00010508086952160925,-0.015675336234242544,0.014051307419722457,-0.02341702890231619,0.04262080358640886,0.0028890487361128456,-0.005221099194068759,-0.001971904721339309,-0.05058900877622549,0.033974502928402914,-0.016454089397506446,0.03255738657050835,0.025139790863904273,-0.041193576368270715,0.03283267596951245,-0.06904481012586908,-0.04925119703076352,0.0269837496870751,-0.0058075952399223064,-0.016736342713890334,-0.015282358060852964,0.0017534043934934282,0.02289068227280404,0.012884815637071305,0.031869726486799727,-0.007180908161768788,-0.018304300253549434,0.02070298676786635,-0.047331029675120144,-0.0343333881757117,0.004992185481796282,-0.04552810944753113,-0.029530760365418966,0.022691635170753652,-0.007471950765516587,0.016927013809706664,0.030548734367131902,-0.00018293184817210723,1.0,-0.003773341111280446,-0.04338540542123768,-0.00022957918757684912,-0.017637752912842405,0.013997710943090122,-0.024933646016904842,0.04404326187648792,0.0007228473176159719,-0.0008628829109033722,-0.002958569318200162,-0.04932733612094258,0.03224957941667669,-0.019252452530340716,0.0345304972475208,0.02201428888092514,-0.036170520279421345,0.032055407074527975,-0.06725401535633369,-0.05097599118323006,0.022196872629911425,-0.010480630053225701,-0.02378444018346023,-0.007933036070048938,-0.006373600325441958,0.029673317026988503,0.018089981754668014,0.02877945652618113,-0.0010375216419015783,-0.02663900390677036,0.025047189653531483,-0.04715734515972961,-0.03932009930390798,0.009349359733272194,-0.05932086523109837,-0.03287034832634245,0.027258733399634687,-0.02202467505454495,0.02502873894741874,0.03376017629889227,-0.00678105457173828
3.5064762899372037,0.6492480015336761,0.892777364110201,1.0,109.0,125.0,123.0,95.0,79.0,43.0,33.0,1.0,2.0,9.0,0.0,134.0,118.0,129.0,127.0,119.0,130.0,109.0,125.0,123.0,123.0,127.0,108.0,0.18225806451612903,0.3564516129032258,0.4612903225806452,0.2642663043478261,0.3342391304347826,0.4014945652173913,0.016381236038719285,0.008190618019359643,0.012658227848101266,0.012658227848101266,0.01563663440059568,0.01712583767684289,0.0022338049143708115,0.008935219657483246,0.007446016381236039,0.0037230081906180195,0.039463886820551006,0.014147431124348473,0.04318689501116903,0.0052122114668652275,0.024571854058078928,0.018615040953090096,0.018615040953090096,0.0022338049143708115,0.010424422933730455,0.0037230081906180195,0.0037230081906180195,0.02531645569620253,0.0037230081906180195,0.02308265078183172,0.014892032762472078,0.01712583767684289,0.03052866716306776,0.04393149664929263,0.0014892032762472078,0.034996276991809384,0.024571854058078928,0.00967982129560685,0.11094564408041697,0.0022338049143708115,0.054355919583023084,0.023827252419955324,0.03276247207743857,0.04169769173492182,0.0766939687267312,0.008935219657483246,0.02680565897244974,0.018615040953090096,0.0052122114668652275,0.0387192851824274,0.0037230081906180195,0.016381236038719285,0.0052122114668652275,0.007446016381236039,0.006701414743112435,0.0014892032762472078,1.0,-0.011751750936478395,0.01299366449080195,0.025660429985107095,-0.017483897047801674,-0.023689525249121275,0.009190632846637223,-0.028765888934691623,-0.03459382978004006,0.023482658323605236,-0.007750706528752957,0.01712541780365769,-0.03796961738172347,0.022721803494880573,0.03871596088668258,-0.014010314994870949,0.02766175271271132,0.04834819880234873,0.002939659465173756,0.021388206090184395,0.039603962066989545,-0.006412640329232627,0.013552592459772498,0.0022447889362539344,-0.007705412933671188,-0.023654237882381704,0.019843628965761816,-0.004459748969561641,0.018866131523826837,0.0033020375210483298,-0.0016672393967178734,-0.007376093260371407,0.006194666694049621,0.021361655067665675,0.0001486019163002227,-0.003449086790664605,0.032879160147705276,-0.03451332906164866,-0.014046240487934271,-0.0017821670939612306,-0.015601060749873134,1.0,-0.01176050782987369,0.012876514958403367,0.026028297420225253,-0.01711112744176686,-0.02489341766835344,0.00847160939988443,-0.02719682069340094,-0.034839856972748,0.022369482411596444,-0.0051704370584743425,0.01773001249672891,-0.041674818115214105,0.021679329639643787,0.04076293136357391,-0.014141656881267641,0.02528448389217006,0.048221055809352105,0.00722864092658341,0.019501131139447132,0.03579658182056966,0.0028793191386967194,0.014016220049211556,0.0012323654937736008,-0.002296107299942618,-0.021124208961272626,0.022165231542591615,-0.00236546938757019,0.020622098006956305,0.004400183534510369,-0.005473515976789963,-0.011277830868741836,0.006988509258047899,0.01734061354147639,-0.0010098015605578034,-0.006172491732888626,0.030308755853530638,-0.04071472786834194,-0.014456669319311633,-0.006302478790290103,-0.013626410583550469
3.5186935311748173,0.638137605495708,0.8883097542814594,1.0,105.0,123.0,116.0,93.0,98.0,19.0,46.0,31.0,5.0,7.0,0.0,134.0,114.0,128.0,124.0,121.0,130.0,95.0,125.0,117.0,121.0,123.0,110.0,0.2251552795031056,0.3804347826086957,0.3944099378881988,0.2697642163661581,0.33495145631067963,0.39528432732316227,0.011913626209977662,0.008935219657483246,0.0193596425912137,0.016381236038719285,0.012658227848101266,0.011913626209977662,0.0022338049143708115,0.010424422933730455,0.004467609828741623,0.0014892032762472078,0.034996276991809384,0.011913626209977662,0.03276247207743857,0.004467609828741623,0.02308265078183172,0.02531645569620253,0.014147431124348473,0.0029784065524944155,0.011913626209977662,0.008190618019359643,0.0007446016381236039,0.020104244229337303,0.0014892032762472078,0.029784065524944156,0.016381236038719285,0.008935219657483246,0.024571854058078928,0.03425167535368578,0.006701414743112435,0.04839910647803425,0.02084884586746091,0.01340282948622487,0.10424422933730454,0.005956813104988831,0.044676098287416234,0.02531645569620253,0.039463886820551006,0.07222635889798958,0.0573343261355175,0.00967982129560685,0.03276247207743857,0.016381236038719285,0.008190618019359643,0.04318689501116903,0.0037230081906180195,0.018615040953090096,0.0029784065524944155,0.012658227848101266,0.004467609828741623,0.0029784065524944155,1.0,-0.00858130468532894,-0.03676820968184451,0.01026179024012357,0.022334371229747782,0.021473555345377288,0.00017061008105850718,0.01562853622714174,0.022282938975817526,-0.017635399123701753,-0.0010160935756450091,0.015044144676774231,-0.037857823597261746,0.026859060150435505,0.017247620555981655,0.027285540336385944,-0.058194683729849234,-0.02593496852085898,-0.017063757943471782,-0.03254199461518285,0.004175452634870395,0.01413219773211859,-0.019650537613304347,-0.030302429874508548,0.009986328891785806,0.008760399341723995,-0.0008585221876025626,-0.010074899568950498,-0.013966752201642264,0.012427661128041126,0.005591267313546209,-0.03797306491315653,-0.012327341488353774,0.03700097089970148,0.013842838713731133,0.013689132557443697,-0.00024746287810379573,0.03392266050964181,-0.009918628154893736,0.024195605149627156,-0.027824930556168782,1.0,-0.008587699100146609,-0.036899516546236084,0.00965384406285929,0.021248799996931404,0.02271005811363381,0.0020629581038887775,0.016931844918659802,0.021917843780380794,-0.017197581174589895,-0.0006262181009817209,0.012697725178678428,-0.03948493667729426,0.027303966411290907,0.015376670098540303,0.02953627542936263,-0.05698586457518048,-0.02434395728579435,-0.025265749206759607,-0.035866658577004155,0.005161763629358176,0.013286264581291602,-0.017498069615743798,-0.025771715783027414,0.011714739024274437,0.008437735175946214,0.0012755523796783342,-0.004301346343391128,-0.02122515805899439,0.012153982127637292,0.008645195493354739,-0.03449120019847223,-0.013279542853739805,0.0361753061613224,0.011986225326126134,0.012346424127605875,0.0030624043792817374,0.036230691976593773,-0.012754975652366725,0.024454547250754865,-0.034489464158181195
3.5053097127525032,0.6302189996780836,0.8830975428145942,5.0,110.0,120.0,119.0,94.0,86.0,25.0,48.0,17.0,11.0,8.0,7.0,134.0,123.0,126.0,123.0,121.0,127.0,97.0,125.0,123.0,115.0,123.0,113.0,0.21384615384615385,0.3707692307692308,0.4153846153846154,0.26620689655172414,0.33241379310344826,0.4013793103448276,0.0193596425912137,0.004467609828741623,0.01712583767684289,0.011913626209977662,0.016381236038719285,0.01563663440059568,0.0029784065524944155,0.0029784065524944155,0.004467609828741623,0.0014892032762472078,0.026061057334326135,0.011913626209977662,0.03052866716306776,0.008190618019359643,0.017870439314966492,0.02680565897244974,0.016381236038719285,0.0037230081906180195,0.008190618019359643,0.004467609828741623,0.0,0.02531645569620253,0.0022338049143708115,0.03201787043931496,0.01340282948622487,0.012658227848101266,0.03201787043931496,0.04244229337304542,0.008190618019359643,0.03276247207743857,0.028294862248696945,0.01563663440059568,0.10052122114668652,0.0029784065524944155,0.05137751303052867,0.027550260610573342,0.04616530156366344,0.06180193596425912,0.058078927773641105,0.008935219657483246,0.029039463886820552,0.017870439314966492,0.011169024571854059,0.05584512285927029,0.0029784065524944155,0.008190618019359643,0.0037230081906180195,0.006701414743112435,0.007446016381236039,0.0037230081906180195,1.0,-0.00466359480919906,-0.0269909334833177,0.032857699698663076,-0.029602335377233946,-0.04415810036503523,0.0034878959412217633,0.03398811281100189,0.025724240412791078,-0.02642107921740497,0.02879965745140219,-0.020493843524821795,-0.036483268890418585,-0.00866426509881486,0.03832870059574502,0.02565703343055385,0.044326804347443155,0.038486201173027874,0.0503306282402627,0.05080766897948259,-0.015907262376879373,-0.03589665446609727,0.03609366386896923,-0.011116343655271015,-0.03933772734608794,0.030182134418430814,-0.010557584187619923,-0.013718513499622388,-0.0361021709790907,0.0070581016541555,0.008454573384154476,0.034581148363708486,0.013637854791006047,-0.007511205054091507,-0.02257674058959408,0.004108450606158733,0.01862990982621212,-0.012904083021801278,-0.04438532718991666,-0.006468988585223163,0.007086502799199005,1.0,-0.004667069917104556,-0.027053559227507337,0.03270007619453866,-0.030191501697565477,-0.04287467468079829,0.0004842345697108653,0.03394325631684106,0.0283340105598844,-0.02752851773602393,0.026333761822909422,-0.02146362564416257,-0.02943919492561911,-0.011444879447489047,0.03681417390012928,0.02766733635852321,0.04512115910899544,0.035052326598319236,0.05343092468662591,0.061847891021759305,-0.009576358257419107,-0.034235871253914724,0.03546126260347147,-0.007367442874751731,-0.04051374431306195,0.02062410371208446,-0.015833805260073514,-0.004968200595106257,-0.03733807784083416,0.004359876387860865,0.009089389493141316,0.042901639767733576,6.597425402383223e-05,-0.02266754815135738,-0.02616325845166903,-0.0010934064281442391,0.015616398594872018,-0.017443197928986815,-0.04924067140871642,-0.013111929118381212,0.011277179816296515
3.510063841574617,0.622034856834601,0.8845867460908414,5.0,107.0,122.0,121.0,83.0,68.0,33.0,12.0,12.0,8.0,6.0,0.0,134.0,110.0,126.0,127.0,112.0,126.0,107.0,121.0,110.0,110.0,117.0,107.0,0.14731369150779897,0.3882149046793761,0.464471403812825,0.27078891257995735,0.326226012793177,0.40298507462686567,0.01712583767684289,0.004467609828741623,0.0193596425912137,0.0193596425912137,0.014892032762472078,0.011913626209977662,0.0022338049143708115,0.0029784065524944155,0.0029784065524944155,0.0037230081906180195,0.04095309009679821,0.014892032762472078,0.03350707371556218,0.006701414743112435,0.026061057334326135,0.03052866716306776,0.018615040953090096,0.0007446016381236039,0.008935219657483246,0.0052122114668652275,0.0052122114668652275,0.020104244229337303,0.0052122114668652275,0.023827252419955324,0.014892032762472078,0.00967982129560685,0.022338049143708117,0.0387192851824274,0.0052122114668652275,0.027550260610573342,0.040208488458674606,0.014892032762472078,0.08860759493670886,0.0029784065524944155,0.05584512285927029,0.026061057334326135,0.03201787043931496,0.06329113924050633,0.05956813104988831,0.008190618019359643,0.0379746835443038,0.01563663440059568,0.005956813104988831,0.055100521221146684,0.0029784065524944155,0.01712583767684289,0.0014892032762472078,0.00967982129560685,0.0029784065524944155,0.0014892032762472078,1.0,-0.02176752282676199,0.005762286458959031,0.024890964273305005,0.03485224504932419,0.012469311244161925,0.018513219567892102,0.019951077112975214,0.02899068331585292,0.056446611435091526,-0.05082773992876771,-0.0043727386928736015,0.004109091774775031,-0.02920624528272899,0.07616712015667702,-0.008717505630562375,0.02589897170963426,0.06540481182206281,0.044141969428145016,-0.006942139955885894,0.02364795713185332,0.017884006427786432,-0.013928184609998054,0.0203617644380317,-0.01867721031396832,0.009898574691512393,-0.006622510913136758,-0.03088916690943172,0.04600675401261094,0.03604525165344235,0.002043688648308632,-0.0056172682062835735,-0.007459228342274315,-0.03995393925357721,-0.03410455928550359,0.01379497409174385,0.00605442060950075,-0.011868241421255726,0.022431129162053816,-0.029380413081131568,-0.0750984427474041,1.0,-0.021783743037512193,0.005298863489773989,0.025199829979317724,0.036056466874909245,0.013838421719855436,0.018195450346401736,0.019010349701032225,0.02804628770760817,0.056367913612921476,-0.05146008293170382,-0.010702633349249646,-0.0013640527770126978,-0.032544665424833676,0.07741748435796433,-0.006776260398945749,0.025920582986647383,0.06621962067238646,0.043683313379418776,-0.00021789906496286874,0.015719635950729498,0.009768446637438656,-0.020252873315089636,0.0036707633498398898,-0.01846754391544803,0.0004926179706483669,-0.014748078720082923,-0.02617130651428688,0.04692470911057455,0.04161703631024853,0.007956540690325614,-0.008197889907065145,-0.021038738461579172,-0.043926436520192055,-0.05080906129540437,0.003685725812025946,0.008067927593688578,-0.023760038702405846,0.02858149221581973,-0.023076909954096884,-0.07394288787640557
3.4801573553185454,0.633582688021247,0.8897989575577067,3.0,95.0,121.0,112.0,97.0,90.0,24.0,40.0,19.0,8.0,8.0,2.0,134.0,107.0,126.0,120.0,121.0,127.0,71.0,123.0,112.0,117.0,118.0,89.0,0.2148626817447496,0.38126009693053314,0.40387722132471726,0.2813186813186813,0.3443223443223443,0.37435897435897436,0.021593447505584513,0.005956813104988831,0.021593447505584513,0.01340282948622487,0.011169024571854059,0.010424422933730455,0.0007446016381236039,0.00967982129560685,0.0037230081906180195,0.0007446016381236039,0.03276247207743857,0.00967982129560685,0.039463886820551006,0.0037230081906180195,0.021593447505584513,0.02084884586746091,0.014147431124348473,0.0029784065524944155,0.007446016381236039,0.0052122114668652275,0.0014892032762472078,0.03052866716306776,0.0022338049143708115,0.027550260610573342,0.01712583767684289,0.008190618019359643,0.029784065524944156,0.045420699925539834,0.008190618019359643,0.029784065524944156,0.029039463886820552,0.008935219657483246,0.0967982129560685,0.0029784065524944155,0.06701414743112435,0.0193596425912137,0.04988830975428146,0.05658972449739389,0.058078927773641105,0.00967982129560685,0.027550260610573342,0.021593447505584513,0.008190618019359643,0.04988830975428146,0.0029784065524944155,0.01563663440059568,0.0007446016381236039,0.008190618019359643,0.008190618019359643,0.0014892032762472078,1.0,-0.029549396696587224,0.042648864988121295,0.028024068312721605,0.024990747808587805,-0.038159546537586644,-0.028653989814550036,0.03555214506428705,-0.004118457815487712,0.013760965122642257,0.043849312578065396,0.03957499147208905,-0.04888875735441427,0.028576287395599805,0.009175797642629645,0.0021027106325599222,-0.04736663674752529,0.03196529549425525,0.05611711989269232,-0.04417388532841984,0.022214680960634444,0.055139677174377656,-0.021305800009558076,-0.03564136640972439,0.03799374078771249,-0.009505401145343434,0.012740016287006453,-0.031107953938041447,-0.002621596170676099,-0.028280158789881712,-0.027945107221488505,-0.022685139060275063,0.0005591661298113585,0.03994527115016336,0.020257930310154597,0.013406241464452956,0.013963876335903005,0.004670908721160192,0.016632126272212857,-0.0014910720906960097,0.003381920071049141,1.0,-0.02957141562110034,0.04187462196328999,0.03061568801675711,0.02506619551219463,-0.039474420327358074,-0.03429440928842864,0.03592416032539436,0.002562378912988722,0.01464378684664284,0.0431708097840328,0.03741734932738086,-0.05040783461475159,0.02133383158065369,0.010663824894348512,0.006111959985754936,-0.04356671206921298,0.023560521879189923,0.05907449922280804,-0.03777930193520321,0.011364746151734504,0.05175058002585426,-0.01970787320549031,-0.032937311323332774,0.02944585092331697,-0.007426113045984237,0.02283413134998906,-0.03188932462276001,-0.024403948213207117,-0.021802561404831153,-0.020814576769118538,-0.03447408379344155,0.0031916181975598355,0.05430058461999241,0.024972935338177394,-0.0036133140669076923,0.01404132530084783,0.010995098669850585,0.016663004156703628,-0.0050057900661873815,0.0169917809723561
3.475097088549361,0.6139568912697129,0.8786299329858526,12.0,76.0,117.0,103.0,76.0,96.0,21.0,53.0,15.0,13.0,16.0,0.0,134.0,84.0,123.0,118.0,121.0,127.0,51.0,129.0,107.0,114.0,113.0,88.0,0.2692307692307692,0.34615384615384615,0.38461538461538464,0.2979373567608862,0.35141329258976317,0.35064935064935066,0.016381236038719285,0.005956813104988831,0.010424422933730455,0.00967982129560685,0.02084884586746091,0.00967982129560685,0.0007446016381236039,0.010424422933730455,0.0037230081906180195,0.0022338049143708115,0.03425167535368578,0.012658227848101266,0.039463886820551006,0.0052122114668652275,0.01563663440059568,0.02680565897244974,0.0193596425912137,0.0022338049143708115,0.00967982129560685,0.0037230081906180195,0.0014892032762472078,0.027550260610573342,0.0014892032762472078,0.029784065524944156,0.018615040953090096,0.011913626209977662,0.03648548026805659,0.05956813104988831,0.0037230081906180195,0.04318689501116903,0.02084884586746091,0.011913626209977662,0.08786299329858525,0.0022338049143708115,0.04839910647803425,0.02084884586746091,0.04393149664929263,0.06478034251675353,0.06180193596425912,0.008935219657483246,0.040208488458674606,0.010424422933730455,0.0052122114668652275,0.04095309009679821,0.0037230081906180195,0.01563663440059568,0.0037230081906180195,0.011169024571854059,0.004467609828741623,0.0,1.0,0.017395148334877233,-0.02074698094766995,-0.061885831705835045,0.02735695279311432,0.026948378707615503,0.02277447948334548,-0.014825874055933181,-0.024073641533156675,0.022765482568478452,-0.03331199746990685,0.005699151879387526,0.04971590745101346,-0.014929456171121512,-0.008173908334906662,-0.02041246489440248,0.057908344135894116,0.04992647417700225,-0.005355543658724902,0.010616326482998149,-0.04050864177941252,0.004561630364545436,-0.062154476716375216,0.045326046249299826,0.004537614412289976,0.003816127911673078,-0.015679088952468997,0.0021189722412706027,0.021870067716721613,-0.0302931768406038,0.003965828345147907,-0.02053216602952803,0.020204842018690383,-0.028327341652241267,-0.014857108370674662,-0.011840450650352928,0.024976711901787824,-0.016964898819416267,-0.028896996851493315,0.019710110050562703,-0.0015332570256979935,1.0,0.0174081104424293,-0.02108735616970279,-0.06133381145881684,0.0292449542362116,0.023676946709549156,0.019389171891189584,-0.011258615045536869,-0.020801129478724707,0.024533179483285667,-0.03888137697121982,0.004914785686057594,0.053452031646360594,-0.02110765657672415,-0.0034878109516646265,-0.015092428826695033,0.05607437022524232,0.04617933539131883,-0.011056397056239519,0.02571932898841827,-0.03873092533959473,-0.002218810128158781,-0.0640403570339111,0.04131537074152894,0.005293145891865968,-0.0023950216285460457,-0.0031768333832667335,0.0082928960672025,0.013113683702610787,-0.03765623033606346,0.005287663903985369,-0.013831861139726726,0.013053271239304585,-0.034287212256897175,-0.010015352922885811,-0.015744459033369282,0.02424262047541299,-0.019406856514184317,-0.01706409559374632,0.026444679834439138,-0.014281416317958802
3.5195351722900297,0.6400490288061903,0.8845867460908414,1.0,111.0,122.0,106.0,93.0,71.0,42.0,31.0,28.0,5.0,7.0,3.0,134.0,111.0,131.0,125.0,116.0,128.0,111.0,125.0,112.0,111.0,118.0,111.0,0.16612903225806452,0.3741935483870968,0.4596774193548387,0.270062805303559,0.32379623168178645,0.4061409630146546,0.017870439314966492,0.00967982129560685,0.010424422933730455,0.017870439314966492,0.02084884586746091,0.022338049143708117,0.0029784065524944155,0.00967982129560685,0.005956813104988831,0.0007446016381236039,0.044676098287416234,0.008935219657483246,0.029039463886820552,0.007446016381236039,0.0193596425912137,0.024571854058078928,0.017870439314966492,0.004467609828741623,0.008190618019359643,0.0022338049143708115,0.0022338049143708115,0.022338049143708117,0.0037230081906180195,0.023827252419955324,0.011169024571854059,0.008190618019359643,0.023827252419955324,0.04244229337304542,0.0007446016381236039,0.02531645569620253,0.027550260610573342,0.0193596425912137,0.10275502606105734,0.0037230081906180195,0.055100521221146684,0.020104244229337303,0.035740878629932984,0.06850335070737155,0.058078927773641105,0.00967982129560685,0.04095309009679821,0.014892032762472078,0.011169024571854059,0.03350707371556218,0.0022338049143708115,0.0193596425912137,0.008935219657483246,0.00967982129560685,0.008935219657483246,0.0007446016381236039,1.0,0.036291282736934036,0.004226857245385132,0.0448873987347134,-0.022707178454505757,0.003857774004715384,0.00944928885917096,-0.029247355586802342,0.03424932913046107,-0.002241285401075432,-0.014594470789967466,0.02164267031946148,0.008504767080870664,-0.026065553915583507,0.04068107411557348,-0.07110051031948914,-0.01732713968738544,-0.021524837314543976,0.0029783213894932128,-0.03834679196510664,-0.017220842142076656,-0.024065802304506462,0.01593498105493976,0.007189486609655151,-0.021310304295092227,-0.027879017846826212,-0.02933492152389982,-0.01798898854115803,0.019273996560270075,-0.04303391097801837,-0.02160174130421928,-0.004593909888040718,0.0021285967050662566,-0.015091286125460738,0.004882949855893686,-0.017667302732758405,0.026846587068272833,-0.013393862377361223,-0.006125164102226269,-0.014531463138046073,0.011274643577608774,1.0,0.03631832542153682,0.0029179894102257663,0.04478808096956636,-0.02611735675265628,0.005437521811988917,0.00725779261295373,-0.027941671246570557,0.03572127580046068,-0.005375827362148734,-0.011643432332007828,0.0183869959285884,0.009262773920314797,-0.026009295334717127,0.039563722774763686,-0.07327116996383959,-0.010574417901387481,-0.026332084308954597,0.015377851034819444,-0.04303582267685391,-0.014997779020345051,-0.01956937152216625,0.015641318651900667,0.009332008693951925,-0.020275855172206127,-0.02980358794672951,-0.029868468408225816,-0.008133746408343733,0.0177906200737463,-0.03837841776188007,-0.024520201409382724,-0.00483158311466043,0.002410842761942368,-0.012147227364379117,-0.0008309613213779928,-0.017810017041057495,0.021814543709710817,-0.014010726894439607,-0.0013993699225630025,-0.021652740149894465,0.010389847121101088
3.4939521409928567,0.6234356811873878,0.8868205510052122,5.0,107.0,119.0,111.0,92.0,98.0,31.0,26.0,13.0,16.0,3.0,0.0,134.0,108.0,128.0,117.0,118.0,130.0,101.0,128.0,116.0,121.0,123.0,103.0,0.20772946859903382,0.37359098228663445,0.41867954911433175,0.2747021723896286,0.33076384022424665,0.3945339873861247,0.011169024571854059,0.005956813104988831,0.01340282948622487,0.01340282948622487,0.00967982129560685,0.01712583767684289,0.0014892032762472078,0.007446016381236039,0.0037230081906180195,0.0022338049143708115,0.0387192851824274,0.012658227848101266,0.03052866716306776,0.007446016381236039,0.02084884586746091,0.029039463886820552,0.014892032762472078,0.0022338049143708115,0.006701414743112435,0.008190618019359643,0.0029784065524944155,0.03350707371556218,0.0029784065524944155,0.03201787043931496,0.01340282948622487,0.010424422933730455,0.0387192851824274,0.0379746835443038,0.007446016381236039,0.03127326880119136,0.027550260610573342,0.012658227848101266,0.10052122114668652,0.0052122114668652275,0.0573343261355175,0.024571854058078928,0.03723008190618019,0.055100521221146684,0.0759493670886076,0.008190618019359643,0.0387192851824274,0.011169024571854059,0.0052122114668652275,0.03276247207743857,0.0037230081906180195,0.01712583767684289,0.0029784065524944155,0.00967982129560685,0.006701414743112435,0.0,1.0,0.03044844539360307,-0.025544074488213466,-0.001434810201060539,-0.015772642632255807,-0.027853732826274617,-0.04785192966939378,-0.005493543282698093,0.003222111342126507,0.008647493597220854,0.02403693772096206,0.0002885265308682103,0.027130079717700446,-0.013570309277660118,0.00689860164133071,0.030329458357621252,0.02123486782362711,-0.040896729814203475,0.029364473530661638,0.022132861425316275,-0.0014563974380832271,0.04130028855335065,0.011752230504629115,-0.012442070714505746,0.021232572484461365,0.0257543036523289,0.0025280437865119717,0.023677272593945354,-0.0029337865366344568,-0.00794496854605707,-0.049199703998740144,-0.016751971124601445,0.004889752373647033,0.004382206877628754,0.015527302247478492,-0.016668871533887363,0.038068843103322404,0.014593858599991471,-0.0290235112469964,0.005033852643019861,-0.062405908696721434,1.0,0.030471134250081182,-0.026535299325040625,0.00017101982380108996,-0.01648585619027982,-0.027033202903127097,-0.047331957714444005,-0.004132927161174683,0.0006808470488080548,0.00741497680360518,0.021675625937103836,-0.0033398552360337065,0.026408149018712003,-0.015522531965848385,0.010687933615662422,0.03148325898686896,0.023286564011592882,-0.040342799727183354,0.035637208085868885,0.01843131307915288,0.0013504182725823694,0.04619590050695794,0.009735853213383164,-0.011878710024490471,0.025420828531169073,0.027455615881779825,0.0037965032200262924,0.030538500805353835,-0.005312219617967516,-0.00418250650005685,-0.05190044103796341,-0.014024959376560371,0.006710678604772825,0.0025580662193427552,0.008377847778064653,-0.02125939026352683,0.031521624675682404,0.0042744299739593036,-0.023708174431600792,0.004412722464863887,-0.06888313447841674
3.4578715342523267,0.6096433159945774,0.8808637379002234,16.0,113.0,126.0,106.0,88.0,84.0,32.0,54.0,47.0,6.0,7.0,12.0,134.0,120.0,128.0,123.0,113.0,128.0,113.0,123.0,121.0,117.0,115.0,111.0,0.22286541244573083,0.35745296671490595,0.4196816208393632,0.26625172890733056,0.3278008298755187,0.40594744121715076,0.018615040953090096,0.006701414743112435,0.014892032762472078,0.011913626209977662,0.010424422933730455,0.01563663440059568,0.0,0.01712583767684289,0.0029784065524944155,0.0022338049143708115,0.0387192851824274,0.011913626209977662,0.03201787043931496,0.006701414743112435,0.02084884586746091,0.02308265078183172,0.020104244229337303,0.0007446016381236039,0.008190618019359643,0.0052122114668652275,0.0007446016381236039,0.029039463886820552,0.0022338049143708115,0.029784065524944156,0.010424422933730455,0.007446016381236039,0.027550260610573342,0.03648548026805659,0.005956813104988831,0.03127326880119136,0.029784065524944156,0.01340282948622487,0.11243484735666419,0.0029784065524944155,0.054355919583023084,0.027550260610573342,0.039463886820551006,0.05584512285927029,0.07446016381236038,0.010424422933730455,0.0379746835443038,0.01712583767684289,0.0052122114668652275,0.03723008190618019,0.0037230081906180195,0.014147431124348473,0.0007446016381236039,0.00967982129560685,0.004467609828741623,0.03648548026805659,1.0,-0.0158619659463036,0.025303347551070367,-0.03478309392355301,0.06980830150142897,-0.016665848487591655,0.05227679922656331,-0.020374542569473707,0.029536210289705205,-0.0024254228162052553,-0.009308027202149582,0.027523875284095858,0.020562358302217608,-0.016867051717975902,0.03952926030051663,0.008930737655980082,0.01827823678686378,-0.01920603308739015,-0.024243918188282552,0.0021943629122153333,-0.0032787179260368913,-0.000662483013536452,0.006921221433085975,-0.01547616547519251,0.029437893555416497,-0.00011789006977657971,0.03641918521764297,-0.039766658599003975,-0.014351331296111054,0.017025328974792718,-0.0417093617996149,-0.019391986253253064,-0.020765572191170548,0.06782889007711165,-0.04181145339419796,-0.020609449938121714,-0.04300189054096558,0.01794659311959753,-0.022325374927166092,0.002626774247068236,0.00019624350059906844,1.0,-0.01587378559305941,0.02509543198308119,-0.03410050589320137,0.06848324798440113,-0.013233332400549332,0.047995744417394015,-0.014112510657967018,0.021660108361485006,0.004098070018095986,-0.018676943018250406,0.03315524513218488,0.0156359066867341,-0.016548115535668227,0.04037598638738592,0.007933346843394177,0.01557916019549618,-0.018025498214024285,-0.031195987693031082,0.004326169712789653,-0.011381281495326486,0.002604301649297667,0.007150918476101865,-0.017374008374020134,0.03438859818284346,-0.001076923955389778,0.03520443367794603,-0.03722214520834227,-0.02392653267448761,0.026645684396519133,-0.055872868879529365,-0.013718662738509736,-0.01967967531587723,0.06927844104841052,-0.03357664559867574,-0.02941709747476869,-0.031249836143749096,0.0038748998802392493,-0.014716879381261498,-0.0003477212530110984,0.005443654886341615
3.4947636344195594,0.6337012739064027,0.8771407297096053,3.0,112.0,121.0,120.0,86.0,80.0,48.0,42.0,10.0,11.0,6.0,7.0,134.0,119.0,129.0,123.0,125.0,126.0,93.0,126.0,121.0,117.0,115.0,114.0,0.19349845201238391,0.35139318885448917,0.4551083591331269,0.26768377253814146,0.33703190013869627,0.39528432732316227,0.00967982129560685,0.004467609828741623,0.011169024571854059,0.008190618019359643,0.00967982129560685,0.011913626209977662,0.0007446016381236039,0.008190618019359643,0.0052122114668652275,0.0029784065524944155,0.03723008190618019,0.007446016381236039,0.04169769173492182,0.0037230081906180195,0.016381236038719285,0.023827252419955324,0.018615040953090096,0.0037230081906180195,0.010424422933730455,0.0037230081906180195,0.0052122114668652275,0.02308265078183172,0.005956813104988831,0.03350707371556218,0.014892032762472078,0.010424422933730455,0.03127326880119136,0.04690990320178704,0.0052122114668652275,0.03425167535368578,0.03052866716306776,0.0052122114668652275,0.10052122114668652,0.0014892032762472078,0.05286671630677588,0.029784065524944156,0.03723008190618019,0.05658972449739389,0.06701414743112435,0.010424422933730455,0.035740878629932984,0.017870439314966492,0.010424422933730455,0.04765450483991065,0.0052122114668652275,0.012658227848101266,0.0037230081906180195,0.011913626209977662,0.010424422933730455,0.0029784065524944155,1.0,-0.029715484610300484,-0.0019095684223784566,-0.001671085416060673,0.042496033585584445,-0.02052277494289342,-0.005591205266232202,-0.00014088565184926878,0.012058373181851415,0.0016346451354747064,0.02316158072513755,-0.03418502926371739,0.015194044580360458,0.0014738701119103906,0.02917148361914204,-0.03541724084187598,0.005793181477184415,-0.02591101176415069,0.008813779272161234,0.013669981042389387,0.009729411209906239,0.005327316807917562,-0.07488281802896365,0.04622791353799682,0.021054474412076547,0.035901522937368084,-0.027845067387797753,-0.018169560541247316,-0.0060232017341684055,0.0017674029717823355,-0.07523491852295612,-0.0005795242290863919,0.053938517725468094,0.024371535480830372,-0.013673389541513205,0.046250741518441246,-3.395985570847258e-06,-0.018563408898843815,-0.03157386187025157,0.0010920681436032897,-0.012191049700851388,1.0,-0.029737627296299234,-0.00279921829921671,-0.001816719477936809,0.04255165003556551,-0.01812073546790621,-0.006575811134239226,-0.000491960794866162,0.010284462932131077,0.003939515213538177,0.023758181987353966,-0.03341271214612935,0.012552719136793167,0.002354692507553121,0.028069352856942092,-0.030588565386282116,0.0018927016671131758,-0.026593037764114293,0.005054454253339795,0.01863277113550558,0.009182741052167391,0.00913698828788097,-0.08017082680553375,0.04334120741364486,0.022497142528328472,0.042903736880834153,-0.02353227813832565,-0.025237247047754582,-0.012324672012103936,0.0024966273141646535,-0.07262482488570288,-0.0021527564646409546,0.05581296217794621,0.019290178374166054,-0.002423325622844193,0.04494850100441318,0.005888861859098146,-0.029091062166285223,-0.029577185119533906,-0.009560785074806245,-0.0007132331984596084
3.5090290125816215,0.6420913804614687,0.889054355919583,9.0,111.0,123.0,122.0,75.0,81.0,40.0,53.0,22.0,27.0,4.0,7.0,134.0,113.0,129.0,125.0,117.0,130.0,105.0,126.0,117.0,117.0,121.0,109.0,0.21216617210682492,0.3649851632047478,0.4228486646884273,0.2702702702702703,0.32986832986832987,0.39986139986139985,0.01340282948622487,0.00967982129560685,0.014147431124348473,0.014147431124348473,0.011169024571854059,0.012658227848101266,0.0022338049143708115,0.004467609828741623,0.0014892032762472078,0.0037230081906180195,0.04169769173492182,0.010424422933730455,0.03201787043931496,0.006701414743112435,0.017870439314966492,0.027550260610573342,0.014147431124348473,0.0029784065524944155,0.010424422933730455,0.0014892032762472078,0.004467609828741623,0.02308265078183172,0.0029784065524944155,0.02680565897244974,0.01563663440059568,0.01712583767684289,0.024571854058078928,0.04169769173492182,0.004467609828741623,0.03723008190618019,0.022338049143708117,0.0052122114668652275,0.10201042442293373,0.0014892032762472078,0.05063291139240506,0.02531645569620253,0.03201787043931496,0.06180193596425912,0.06701414743112435,0.008190618019359643,0.04095309009679821,0.016381236038719285,0.011169024571854059,0.044676098287416234,0.004467609828741623,0.02084884586746091,0.004467609828741623,0.01340282948622487,0.014892032762472078,0.0022338049143708115,1.0,0.09191047893645252,-0.017825182573409898,-0.008068094939930059,-0.0170849547531008,0.008091422760455418,-0.021304291141977176,0.01733154390449126,-0.013723523782117969,0.04068929494883457,0.03774418421330119,0.02219343207967368,0.03913326228789188,0.004533126476256623,0.047795012353439775,0.006787634350093553,0.024310583472257365,0.0343785072453335,0.0010640640957073411,0.03422825410979307,-0.0009206361710438277,0.006081980307530865,0.043518083812030345,-0.013928959804382739,0.009754394073871995,-0.04302298569541017,-0.0504675706743539,-0.023793824697137457,-0.01987927511835305,0.02855353012898211,0.03456785259296883,-0.005899625330722023,0.006100476265888893,-0.017553289565414496,-0.007689305034352738,0.046977858242559414,-0.01739948959679386,-0.04142493681466197,-0.038107640814863,0.016789760123513204,0.04781293815370923,1.0,0.0919789666256749,-0.026536399180360125,-0.003996408231649379,-0.01662528041753214,0.011112452768632645,-0.02420862497565419,0.022173601437988952,-0.018945162025883634,0.04558142562131399,0.028658489851152352,0.019388488422076453,0.03637864491189921,0.0016486518524047376,0.04948553635281189,0.0009486263699871195,0.027339548096820415,0.03154790386549922,-0.001471217819532028,0.03311584535629666,-0.005112933355258481,0.00336707489243359,0.043688371705242014,-0.026164129365651007,0.010375079751991322,-0.048437475783456814,-0.052007267498478796,-0.021139775011284747,-0.0267503563635002,0.022603424383153235,0.027237429406753673,-0.024529352880224176,0.009031996422464215,-0.026904337595195872,-0.005695096478813509,0.05679169440790821,-0.02973573047900838,-0.026682535952237556,-0.032644167237379826,0.023064757134875866,0.051368949773055686
3.4973728628736676,0.6183818424391654,0.8786299329858526,5.0,102.0,118.0,99.0,89.0,65.0,34.0,29.0,18.0,19.0,13.0,2.0,134.0,109.0,123.0,123.0,111.0,123.0,87.0,115.0,111.0,105.0,110.0,104.0,0.16694772344013492,0.3794266441821248,0.4536256323777403,0.2745387453874539,0.33210332103321033,0.3933579335793358,0.01712583767684289,0.0052122114668652275,0.018615040953090096,0.011913626209977662,0.016381236038719285,0.014147431124348473,0.0014892032762472078,0.004467609828741623,0.0029784065524944155,0.0022338049143708115,0.03350707371556218,0.011169024571854059,0.035740878629932984,0.010424422933730455,0.02308265078183172,0.023827252419955324,0.021593447505584513,0.0037230081906180195,0.014892032762472078,0.004467609828741623,0.0037230081906180195,0.0193596425912137,0.0014892032762472078,0.022338049143708117,0.01712583767684289,0.011169024571854059,0.026061057334326135,0.04095309009679821,0.0052122114668652275,0.04690990320178704,0.028294862248696945,0.011169024571854059,0.09381980640357408,0.0037230081906180195,0.049143708116157855,0.01563663440059568,0.03648548026805659,0.05956813104988831,0.07967237527922562,0.008190618019359643,0.0379746835443038,0.01712583767684289,0.006701414743112435,0.04616530156366344,0.0007446016381236039,0.014892032762472078,0.0037230081906180195,0.0052122114668652275,0.008190618019359643,0.0022338049143708115,1.0,-0.031703248204243695,0.03735215884082628,0.05624983687548487,0.000373411603211808,-0.0038217283903994956,0.00103294794508317,-0.0041344733145670335,-0.01320792604312254,0.04097426806171527,-0.044479315676194606,0.09137458253400939,0.025460816088855524,0.02367940406958282,-0.00592370559425537,0.0046251124599412,0.016744001077996,0.025361319960444884,0.0011018065503436004,-0.04435580529625708,0.017249616399933766,-0.02054000929088603,0.03325799700915014,0.012299859132012569,-0.028314326449023784,-0.04151228996475376,0.004518771038026019,0.002454558800616748,0.02205135689653483,0.07062331625093328,-0.012386683394007992,-0.0038584543560818097,0.03717670572460597,0.04311346673146684,0.004917351615428266,-0.012149576682409367,-0.044896117239614924,-0.015073794403495773,-0.029544894235432658,-0.018125029976363883,0.03696005526484696,1.0,-0.03172687208517086,0.0364379505837053,0.05881262914177365,0.0026698532528574804,-0.008139272142264196,-0.002805446677343366,-0.003941864541440239,-0.012872490279268978,0.04106580685048122,-0.04099206539060079,0.08856762216180694,0.0299814446119671,0.023935339708075477,-0.016826799033901364,-0.0017459082527903748,0.01618504235626125,0.029720236756406098,-0.00016314817224333145,-0.04375584685515437,0.0038771020031147644,-0.01103830299013301,0.030620707148309622,0.012599894419140169,-0.03535727403638697,-0.049791798590869844,0.0015471795017489422,0.009169030023605229,0.0266291696559424,0.06728642539460825,-0.0020126045324953615,-0.015458037305761696,0.034997143384580716,0.044698709101556544,0.004905545332174034,-0.019182147745840417,-0.042174919064388854,-0.014011090769143201,-0.03085256374666824,-0.015024377632062371,0.028584779711030135
3.4824974218265523,0.6223622400621863,0.8905435591958303,3.0,119.0,126.0,118.0,77.0,106.0,47.0,47.0,6.0,13.0,32.0,1.0,134.0,119.0,129.0,123.0,123.0,130.0,113.0,127.0,122.0,124.0,127.0,121.0,0.22446043165467625,0.3079136690647482,0.4676258992805755,0.2620643431635389,0.3297587131367292,0.4081769436997319,0.02084884586746091,0.006701414743112435,0.011913626209977662,0.008190618019359643,0.011169024571854059,0.008935219657483246,0.0,0.005956813104988831,0.0022338049143708115,0.004467609828741623,0.03723008190618019,0.01340282948622487,0.024571854058078928,0.010424422933730455,0.017870439314966492,0.02531645569620253,0.0193596425912137,0.0014892032762472078,0.007446016381236039,0.004467609828741623,0.0029784065524944155,0.020104244229337303,0.0029784065524944155,0.0379746835443038,0.011169024571854059,0.011169024571854059,0.02680565897244974,0.04690990320178704,0.006701414743112435,0.02680565897244974,0.040208488458674606,0.01712583767684289,0.10796723752792256,0.0007446016381236039,0.05658972449739389,0.023827252419955324,0.03052866716306776,0.05212211466865227,0.06403574087862993,0.008935219657483246,0.03201787043931496,0.02531645569620253,0.0052122114668652275,0.04988830975428146,0.0014892032762472078,0.017870439314966492,0.0037230081906180195,0.01340282948622487,0.012658227848101266,0.0007446016381236039,1.0,0.030011279636067013,-0.0017862948943283062,0.022897266799026945,0.046917122967215195,-0.01794690636225078,0.03668265563798439,-0.007246133059015463,0.00792017135336702,0.007921607152974373,-0.022666708273205,-0.025396363022537474,0.004712497378474898,0.004370999194154026,-0.013992974341510396,-0.022155796913671585,-0.02983395423640401,-0.004046608231067461,0.0520423492189607,-0.007123291654845373,-0.01212660376232585,0.04045184082698037,-0.030247335142154504,-0.046402687516884464,-0.07787204801088463,0.002974279270323661,-0.02844344463175909,-0.015544709678767024,-0.008985837755588815,-0.0059681361679502515,-0.02050454654923211,-0.024620292842089556,0.038673373601053024,0.01786134542743459,0.03427280107757782,0.022713896343234646,0.011343847258994982,-0.030671834044998278,-0.004222791053982501,0.03824822195852575,-0.06503277781441286,1.0,0.0300336427356468,-0.0026934082211962054,0.023104303861845223,0.045730767578429574,-0.02071781904884218,0.03787798688978084,-0.011789173716524723,0.00752759769971321,0.007684040114064402,-0.026897406628030897,-0.022054752660842898,0.0032032336480534124,0.005335381697588026,-0.01146562604263464,-0.02110241276221523,-0.028780374400918924,-0.0009916075425727786,0.055035012692855295,-0.007350138943097364,-0.00885987663988466,0.03892121958452446,-0.03699590216030752,-0.04129343820880325,-0.08257375807932694,0.004957935008966184,-0.025960143094707972,-0.013456217512043199,0.003456973246107286,-0.004269417867292601,-0.014470335126938027,-0.025409099110014623,0.04686719223222135,0.017245619633212,0.03478659520431205,0.020865422986425745,0.0038794912784438154,-0.033155579688780405,-0.015806060200607423,0.028494086956389362,-0.07491344849029259
3.4934936765850018,0.6366053021483986,0.8838421444527178,3.0,110.0,126.0,111.0,99.0,82.0,21.0,43.0,27.0,16.0,1.0,8.0,134.0,111.0,131.0,123.0,119.0,128.0,105.0,127.0,109.0,112.0,115.0,110.0,0.19783616692426584,0.3910355486862442,0.41112828438948995,0.2731741573033708,0.32514044943820225,0.40168539325842695,0.010424422933730455,0.007446016381236039,0.012658227848101266,0.01712583767684289,0.014892032762472078,0.01340282948622487,0.0022338049143708115,0.0052122114668652275,0.007446016381236039,0.0022338049143708115,0.03723008190618019,0.01340282948622487,0.03201787043931496,0.00967982129560685,0.010424422933730455,0.023827252419955324,0.0193596425912137,0.005956813104988831,0.008190618019359643,0.0037230081906180195,0.0022338049143708115,0.02084884586746091,0.0022338049143708115,0.03127326880119136,0.008935219657483246,0.014147431124348473,0.02084884586746091,0.045420699925539834,0.0052122114668652275,0.028294862248696945,0.023827252419955324,0.01563663440059568,0.1154132539091586,0.0037230081906180195,0.05956813104988831,0.02531645569620253,0.0387192851824274,0.058078927773641105,0.06254653760238273,0.0037230081906180195,0.03276247207743857,0.018615040953090096,0.008935219657483246,0.04988830975428146,0.0037230081906180195,0.01712583767684289,0.0029784065524944155,0.011913626209977662,0.008190618019359643,0.0029784065524944155,1.0,0.0056332634662032924,-0.008928755559231042,0.022182978147632645,0.05409180650246311,1.1491703579594148e-05,-0.03483883837177395,0.034862054063954484,0.012273900992987759,0.013066242929237255,0.04516755778395794,0.009345081249561429,0.054346662057728846,-0.026321310105704893,4.3162629359922546e-05,0.008021349202599786,-0.004308737962387054,0.022229394968648165,-0.012979035958024401,-0.022186241594942483,0.03294389072208054,0.001149899880437487,0.03424244272883903,-0.021326243925643838,-0.01020456290538881,0.01644625134922063,-0.004293180553739805,-0.004960761363405808,0.07452171161224434,-0.018559607063745702,0.02392230874932379,0.03125538145183455,0.018419919234270936,-0.030588399080962645,0.002427051936733058,0.015777255664272554,-0.017364161945828446,-0.0166851272561047,0.008474926912614754,-0.006424279237560157,0.026991121353837973,1.0,0.005637461128994792,-0.00897413829711487,0.02233660456664247,0.05394814503229109,-0.00015892802291952792,-0.0346564773860683,0.033131757712592545,0.008583938292893379,0.015152529813116771,0.04805087555946977,0.005102753194465272,0.05294859366593451,-0.02829719738147696,-0.0045142288548462774,0.005127289377732787,-0.006927189234794777,0.023252675777556655,-0.01150935411741761,-0.029726291370343813,0.031922553836242026,-0.0028844574579779637,0.03326884822285968,-0.01716500004166147,-0.018264664003031575,0.01704534646486536,-0.0045781475220402585,-0.006099201561197639,0.08281499580445074,-0.027524865075352012,0.027673278790294128,0.03254530481393313,0.0014293780879127338,-0.02515175991108215,0.002067281428524006,0.007765111703696863,-0.013233151680383543,-0.021002227515560825,0.0027861334111399607,-0.010675731118408732,0.021221785891592227
3.5281109239279247,0.6213033731390616,0.8868205510052122,11.0,114.0,124.0,112.0,91.0,81.0,41.0,38.0,23.0,12.0,6.0,20.0,134.0,115.0,127.0,124.0,120.0,130.0,97.0,125.0,123.0,117.0,125.0,111.0,0.19316493313521546,0.3536404160475483,0.45319465081723626,0.268646408839779,0.3342541436464088,0.39709944751381215,0.01340282948622487,0.014892032762472078,0.006701414743112435,0.01712583767684289,0.008935219657483246,0.014892032762472078,0.0022338049143708115,0.007446016381236039,0.006701414743112435,0.004467609828741623,0.03648548026805659,0.010424422933730455,0.0387192851824274,0.0052122114668652275,0.017870439314966492,0.029039463886820552,0.014147431124348473,0.004467609828741623,0.011169024571854059,0.005956813104988831,0.0029784065524944155,0.034996276991809384,0.0037230081906180195,0.03052866716306776,0.014892032762472078,0.011913626209977662,0.029784065524944156,0.04765450483991065,0.004467609828741623,0.029784065524944156,0.020104244229337303,0.011169024571854059,0.0953090096798213,0.0037230081906180195,0.040208488458674606,0.028294862248696945,0.035740878629932984,0.06403574087862993,0.06254653760238273,0.010424422933730455,0.03648548026805659,0.018615040953090096,0.004467609828741623,0.04690990320178704,0.0022338049143708115,0.0193596425912137,0.0037230081906180195,0.007446016381236039,0.0052122114668652275,0.0029784065524944155,1.0,-0.0024197134402586173,0.0043157784877956825,0.04162262211451815,0.007375842196517794,0.05281582946145438,0.026203983254107718,0.00756154935562521,0.008098852846194533,-0.040890855917874225,0.012481385050053877,0.009524813843918909,0.04527018070683433,0.027462556362148022,0.010432197027939414,0.016949764608460295,-0.023195326486855326,-0.002219496089661571,0.031207165944569574,-0.05553822259408893,0.007328630345902119,-0.021746680100716495,-0.009302779704543547,-0.008199363304100994,-0.03931740425208639,-0.020132921919833645,-0.0063105097518498555,0.026041296510030603,-0.017040431595767912,-0.009573786709070567,0.053268029074571024,0.0206094298136435,-0.00893703767542446,-0.005761647663819758,0.012424660828434481,-0.01624738653239641,-0.008827996946682118,0.0017217110980021228,-0.005020443850696713,-0.015821695875057506,0.019325252263891844,1.0,-0.0024215165054152854,0.004316376712684114,0.04173770275982138,0.007601375923306498,0.052786069147519765,0.024957870600638372,0.006864722437526285,0.0036656013767047456,-0.044277422440853705,0.008437239997544305,0.006591989239549905,0.048032110563263425,0.027243177739797717,0.014103858404789737,0.014331842848854555,-0.02765308917808362,-0.009264701503599294,0.02289717428543594,-0.057228630061501036,0.005475938439970358,-0.01889582779899927,-0.0023986898622763,-0.010458749465469798,-0.03580505265232466,-0.023483112491718597,-0.005985753009183631,0.03326859738505362,-0.01729411967440228,-0.001843950095078105,0.05484977307833551,0.029574806406230343,-0.009443683602550783,-0.011299472502103941,0.014504434810677523,-0.022308940681841923,-0.007112083924523998,0.0050038643980412105,-0.004972461746793908,-0.010721806476502293,0.019836412677472572
3.474124040895205,0.6344186276644659,0.8793745346239762,6.0,83.0,126.0,109.0,84.0,101.0,17.0,28.0,31.0,14.0,3.0,7.0,134.0,101.0,131.0,116.0,117.0,126.0,45.0,123.0,113.0,117.0,113.0,100.0,0.22167487684729065,0.39080459770114945,0.38752052545155996,0.2866766467065868,0.34655688622754494,0.36676646706586824,0.012658227848101266,0.0052122114668652275,0.014147431124348473,0.011169024571854059,0.01340282948622487,0.011169024571854059,0.0,0.008935219657483246,0.0022338049143708115,0.0029784065524944155,0.035740878629932984,0.012658227848101266,0.035740878629932984,0.006701414743112435,0.016381236038719285,0.03350707371556218,0.017870439314966492,0.0029784065524944155,0.00967982129560685,0.0052122114668652275,0.0037230081906180195,0.03350707371556218,0.0014892032762472078,0.03201787043931496,0.014147431124348473,0.012658227848101266,0.028294862248696945,0.04244229337304542,0.004467609828741623,0.0387192851824274,0.018615040953090096,0.004467609828741623,0.0960536113179449,0.0014892032762472078,0.05956813104988831,0.020104244229337303,0.03723008190618019,0.07222635889798958,0.055100521221146684,0.012658227848101266,0.03723008190618019,0.014147431124348473,0.005956813104988831,0.05361131794489948,0.0037230081906180195,0.01340282948622487,0.0029784065524944155,0.008935219657483246,0.011169024571854059,0.0014892032762472078,1.0,0.023645977351202975,0.08175383805878926,-0.0062533935664201715,0.008284011916156098,0.010903076441378709,0.011561204187496186,0.03957613178527656,0.022930671123443862,0.0019547058631801746,0.0007617944989114293,0.045770623815023184,-0.006693193324479097,-0.011180044083253656,0.030470801949316242,-0.010357046163278705,0.01848841771531184,-0.009832289400851396,-0.012700519493904704,0.004001446696128798,-0.047853408323847865,-0.008773987676221975,0.016134502890769918,0.023477531649857473,-0.001895542856545649,0.008658434286058315,0.005769297561069951,-0.006763385295051312,0.0019106024569440594,-0.00453086106620936,0.02915672331744754,-0.02016931397739373,-0.004081515536741816,0.04328102483270717,0.03224872225859459,0.022934766635630908,-0.04203584258914578,-0.06333156934869565,-0.005414974260880577,-0.012994087534677781,0.006147044904730888,1.0,0.02366359730451983,0.0813613614658376,-0.01004461522934144,0.0020231337346058764,0.012133103945729772,0.010265288462306501,0.03779499760039429,0.019927344578556168,-0.0052305004301181485,-0.002181501461617692,0.046710069984081594,-0.009804829503549769,-0.01983362605509674,0.0322444221696681,-0.011577225444197918,0.012871091224279459,-0.008649143187061573,-0.01886095421430255,0.005154333721112355,-0.04555497815820404,-0.009721628108814983,0.02210732464704787,0.024562971201940915,-0.004515800473529442,0.004781117661417602,0.009299038643659982,-0.006441377290646052,0.0031957364384745577,-0.0030135848580985316,0.024766180569723673,-0.017181105250295016,-0.0077011608499686895,0.044743148487057446,0.033557237078350996,0.015218593375515977,-0.049617681165331044,-0.07115661076154918,0.004323675588893621,-0.0038506575953506732,0.0006903707232161127
3.529358378651624,0.6488529812981046,0.8868205510052122,9.0,115.0,124.0,125.0,104.0,76.0,52.0,23.0,27.0,11.0,11.0,2.0,134.0,115.0,131.0,124.0,123.0,130.0,115.0,129.0,113.0,121.0,125.0,113.0,0.15905743740795286,0.39322533136966126,0.4477172312223859,0.2668024439918534,0.32654446707399865,0.406653088934148,0.022338049143708117,0.008935219657483246,0.01712583767684289,0.011169024571854059,0.014892032762472078,0.014147431124348473,0.0029784065524944155,0.008935219657483246,0.004467609828741623,0.0037230081906180195,0.03201787043931496,0.008935219657483246,0.03723008190618019,0.008935219657483246,0.014147431124348473,0.03127326880119136,0.022338049143708117,0.0022338049143708115,0.011169024571854059,0.0029784065524944155,0.006701414743112435,0.02680565897244974,0.0022338049143708115,0.02531645569620253,0.011913626209977662,0.00967982129560685,0.03276247207743857,0.04095309009679821,0.006701414743112435,0.040208488458674606,0.022338049143708117,0.014892032762472078,0.10201042442293373,0.0037230081906180195,0.05584512285927029,0.024571854058078928,0.03276247207743857,0.05361131794489948,0.06552494415487714,0.010424422933730455,0.03350707371556218,0.01563663440059568,0.007446016381236039,0.0387192851824274,0.0029784065524944155,0.014147431124348473,0.0022338049143708115,0.0052122114668652275,0.00967982129560685,0.0014892032762472078,1.0,-0.004990974965345542,-0.00867786442348257,-0.035090092926837436,-0.016348141076440913,0.06734327870054561,-0.06266906979364119,0.0018683094862393913,-0.008587659859996297,-0.05038299195680977,-0.007957922061022799,0.003161183246730541,0.056796620450246006,-0.0075657817859585445,0.030434838120989422,0.05518929521365524,-0.0044507287041301346,-0.016432451866263385,-0.00773887854655542,-0.023274109097412496,-0.014642083651901191,-0.00996325441113408,0.03107701627949268,-0.01526422785278934,0.0025791085501380966,-0.0259609296641567,-0.00018284803122043167,-0.025053506719440153,-0.010662803244437602,-0.020571311770609415,-0.04983009339637634,0.008611355881437358,-0.013084764185943135,-0.019218450247515877,0.009413887926779912,-0.01923043344496692,0.027133314786917356,0.01618209831770995,-0.01972695922644991,0.014010747001013351,-0.017753656266112923,1.0,-0.004994694022696774,-0.008715971206882984,-0.03525953086168722,-0.016861038573573336,0.06689695696201944,-0.06415650968427514,0.0014408072314023648,-0.005170634455148979,-0.05360107646820823,-0.014873277044178635,0.010531828002542598,0.049336615863541884,-0.008873805666312434,0.03838281771135839,0.055865794375716794,-0.00526577063090884,-0.02078355731110992,0.00240810955123363,-0.03004642305428313,-0.019353608950558997,0.0018963865830786493,0.03292391886608555,-0.016771204319374445,0.009444789104763505,-0.024301925838221484,-0.009210579538025466,-0.038640088572191554,-0.009379300907798618,-0.030210509663672617,-0.054176521976410486,0.012260116670966955,-0.009346598535153431,-0.026211658886744506,0.009091590162523212,-0.014045531346240278,0.011125103762455723,0.016813135297473823,-0.021420812170268776,0.011094964446442172,-0.011400853045653732
3.4703908870253057,0.6513684466409815,0.8875651526433358,12.0,121.0,122.0,106.0,93.0,103.0,45.0,41.0,32.0,18.0,6.0,3.0,134.0,121.0,128.0,123.0,120.0,128.0,117.0,125.0,125.0,123.0,125.0,123.0,0.2222222222222222,0.3547008547008547,0.4230769230769231,0.2593833780160858,0.32908847184986595,0.41152815013404825,0.014147431124348473,0.005956813104988831,0.012658227848101266,0.014147431124348473,0.01712583767684289,0.01340282948622487,0.0014892032762472078,0.0052122114668652275,0.005956813104988831,0.0052122114668652275,0.04393149664929263,0.005956813104988831,0.035740878629932984,0.008190618019359643,0.01563663440059568,0.027550260610573342,0.020104244229337303,0.0,0.007446016381236039,0.004467609828741623,0.004467609828741623,0.02308265078183172,0.0037230081906180195,0.02084884586746091,0.01712583767684289,0.011169024571854059,0.027550260610573342,0.03276247207743857,0.0052122114668652275,0.03425167535368578,0.02308265078183172,0.012658227848101266,0.11094564408041697,0.0029784065524944155,0.06403574087862993,0.024571854058078928,0.03723008190618019,0.06403574087862993,0.07892777364110201,0.007446016381236039,0.02680565897244974,0.017870439314966492,0.0052122114668652275,0.034996276991809384,0.0022338049143708115,0.01563663440059568,0.0029784065524944155,0.011169024571854059,0.011169024571854059,0.0014892032762472078,1.0,-0.05665522384137309,0.0049495271603716045,0.016809576176891657,0.008011790159226269,0.06585953375732274,-0.010554747502070862,0.015166547213921319,0.012390576690358998,0.009651627839092956,-0.035935266839846686,0.03640327915313657,-0.029171495543688877,0.02538643885090367,0.03390226057097185,-0.01990817327307406,0.009785183708390951,0.0046752050541868,0.01601778267448834,0.00917894779665109,7.173687683760458e-05,-0.0007305643273017598,0.014113947083249163,-0.04717863900186902,0.019344738139463424,0.006148475619485627,-0.0028098196317680405,0.007895619016566695,-0.05281596791592631,0.026477381010166976,-0.008744086138814632,0.02270329706641995,-0.012654660170163765,-0.015929943494116847,0.0009235371817595629,-0.012771081623945827,0.01707297348356243,0.02699401545012002,-0.029749332238998314,-0.03737829681348275,0.03884170065910389,1.0,-0.05669744084870643,0.0017479280960158356,0.017282474287509442,0.00999123877677507,0.06723767545748138,-0.0033963324313259356,0.013748620888338243,0.011836927158892278,0.009903275301157208,-0.04024605686497571,0.032787058157608025,-0.02824397958980814,0.02219486016715631,0.035759582802811836,-0.011452386025877656,0.0022663889987353234,0.009196369911278666,0.012881687534151353,0.0075158703268364165,0.0012647814400715753,-0.0011611530122791953,0.008955097279753415,-0.04606756804305273,0.01388167788199353,0.005154946841838007,0.0012254871462153527,0.004210909122145797,-0.04771127328559536,0.01925812359402248,-0.006469952498613598,0.024170606122273453,-0.011175795028028014,-0.016169686394129617,-0.0006844833266227456,-0.014522468625678835,0.015856322452244165,0.03635651683816786,-0.033659264923303296,-0.03765396178216597,0.033230856771429715
3.4576517001595555,0.6117695973784864,0.8726731198808637,3.0,111.0,120.0,121.0,96.0,109.0,7.0,48.0,15.0,13.0,2.0,1.0,134.0,110.0,123.0,125.0,119.0,122.0,105.0,129.0,110.0,111.0,119.0,109.0,0.2476780185758514,0.37925696594427244,0.37306501547987614,0.2718926553672316,0.3283898305084746,0.3997175141242938,0.014147431124348473,0.007446016381236039,0.014147431124348473,0.00967982129560685,0.014892032762472078,0.01340282948622487,0.0,0.005956813104988831,0.0022338049143708115,0.004467609828741623,0.04095309009679821,0.010424422933730455,0.034996276991809384,0.0037230081906180195,0.01712583767684289,0.02680565897244974,0.014147431124348473,0.0022338049143708115,0.00967982129560685,0.0052122114668652275,0.0052122114668652275,0.02680565897244974,0.005956813104988831,0.029039463886820552,0.012658227848101266,0.014892032762472078,0.029784065524944156,0.04690990320178704,0.0014892032762472078,0.029784065524944156,0.022338049143708117,0.01563663440059568,0.11243484735666419,0.0029784065524944155,0.06180193596425912,0.016381236038719285,0.035740878629932984,0.058078927773641105,0.07892777364110201,0.00967982129560685,0.029039463886820552,0.01563663440059568,0.008190618019359643,0.04244229337304542,0.0022338049143708115,0.014147431124348473,0.0022338049143708115,0.010424422933730455,0.0052122114668652275,0.0022338049143708115,1.0,0.09817518535821758,0.037507635358139,0.09389958028164798,0.002735312281379075,-0.005119056129815486,0.04528560315345764,-0.030596798121568607,-0.01886442944373827,0.03843144165447547,-0.01382427173238793,0.028828625675829105,0.037597010334418236,0.045764193021911426,0.029749862232752763,-0.02089089616264233,-0.019521825490720318,0.011612863171013177,-0.0025919463499332464,-0.030938205263825787,-0.010705913239530698,0.003091087823977538,-0.0017220278358119256,0.004443963464496076,-0.02556017856590779,-0.03552667887410884,0.002388836347392846,0.03817962233204114,-0.019298936166897596,-0.011899982989572459,-0.012982109204065033,-0.06480497950811955,0.004704408506094297,-0.008068194209702912,-0.05298000549997459,-0.017460944104275542,-0.020225706435138928,0.0018813366591902275,-0.01079068924861314,-0.003715421137892775,0.01245751772311246,1.0,0.0982483412340434,0.028182880523147612,0.08868009565048285,-0.015747061226493667,-0.00929237043231521,0.03962128368571953,-0.03787519018797114,-0.013541866189539193,0.036626951235436224,-0.01399031782091761,0.03387155456249629,0.024004492540094437,0.04514896139363858,0.015788005180351825,-0.038677221125136135,-0.01937736189029322,0.011974233010270802,-0.00021144733538708098,-0.028202636799015822,-0.008412528539700419,0.011711190819427078,0.000352736245271172,0.00017132309046885837,-0.029524070292346452,-0.032803593621679464,0.005675060616667015,0.044899388084876424,-0.017528019162390183,-0.010539314808110383,-0.016257842600846423,-0.059136262762054935,0.019881932522968573,-0.0057677465861693,-0.04127882562001485,-0.012659094539517725,-0.015241820474507072,0.027389310710661176,-0.015445948507400423,-0.0038071106273026537,0.014556184572147158
3.490293921270241,0.6291412508046037,0.8823529411764706,2.0,111.0,118.0,117.0,93.0,84.0,19.0,61.0,11.0,10.0,12.0,1.0,134.0,118.0,123.0,123.0,120.0,130.0,105.0,129.0,119.0,113.0,117.0,109.0,0.2300469483568075,0.3615023474178404,0.4084507042253521,0.27291666666666664,0.3298611111111111,0.3972222222222222,0.011169024571854059,0.0037230081906180195,0.012658227848101266,0.01712583767684289,0.01712583767684289,0.014147431124348473,0.0029784065524944155,0.0052122114668652275,0.008935219657483246,0.004467609828741623,0.03127326880119136,0.008935219657483246,0.03425167535368578,0.0022338049143708115,0.01712583767684289,0.02531645569620253,0.01712583767684289,0.0037230081906180195,0.005956813104988831,0.0014892032762472078,0.0022338049143708115,0.027550260610573342,0.0037230081906180195,0.03127326880119136,0.01340282948622487,0.011913626209977662,0.024571854058078928,0.039463886820551006,0.0052122114668652275,0.03425167535368578,0.03648548026805659,0.018615040953090096,0.10424422933730454,0.0037230081906180195,0.055100521221146684,0.0193596425912137,0.040208488458674606,0.06031273268801191,0.06478034251675353,0.008190618019359643,0.04393149664929263,0.023827252419955324,0.00967982129560685,0.03723008190618019,0.0007446016381236039,0.016381236038719285,0.0014892032762472078,0.006701414743112435,0.007446016381236039,0.0029784065524944155,1.0,0.03855612816637458,0.03043087759164013,0.03525514167457506,-0.020378285416519756,-0.002336535490506252,0.012611007603859598,-0.04038873711986818,0.020960419162229002,0.02291321069372788,-0.046741798216231104,0.020989642832080498,-0.006469995637161262,0.04349909579893471,-0.028185978596752013,0.013169648169967631,-0.00362779359113192,-0.028244505024586204,-0.02193413485179575,0.04102680201489976,-0.02396816090092415,-0.030677046269892042,-0.04577470888068907,0.009173496082155518,-0.00042632411797885824,0.050638225069867,0.00674358144991467,0.0006868208391669553,0.027355616256126924,0.017965336369903388,0.03696415365167156,0.0018507975492105845,-0.0157177882961529,-0.026244312431143824,0.028762823484401002,-0.0005799949844711429,-0.042718608181823145,0.027553179323499946,-0.003978875130873275,-0.002365522364343158,0.051662155767295596,1.0,0.038584858515231794,0.02903069227791017,0.03314939009632024,-0.02393692393712012,-0.002712503430697901,0.013016693557778567,-0.04003339864910469,0.023174077375665722,0.02288766942942704,-0.047146885075389666,0.020445471063714783,-0.006345121464005847,0.04882887521482653,-0.03763238503934769,0.015719041225193655,-0.0036066904963024723,-0.030880096597652427,-0.018444889372618227,0.04595579364775998,-0.023642861460483233,-0.035047914086698564,-0.04763970851308043,0.025612565830273208,-0.0057037870752166325,0.05574927685656494,0.0022647683129358395,-0.0035882950417114754,0.017905469946436686,0.02392213598702299,0.03926862506588086,-0.005700920649104366,-0.024353738011885808,-0.020448129430574384,0.028667562926359923,0.00952150835472673,-0.050144164670495546,0.03396784992067348,-0.014781552011513136,-0.0006978846263703314,0.05368853853295547
3.4837229420937397,0.6180181440902551,0.8793745346239762,2.0,111.0,119.0,111.0,107.0,83.0,24.0,26.0,9.0,16.0,1.0,0.0,133.0,111.0,121.0,117.0,117.0,120.0,111.0,115.0,111.0,111.0,111.0,111.0,0.18226600985221675,0.39901477832512317,0.4187192118226601,0.26493880489560834,0.3282937365010799,0.40676745860331176,0.016381236038719285,0.006701414743112435,0.01712583767684289,0.0193596425912137,0.014892032762472078,0.00967982129560685,0.0014892032762472078,0.006701414743112435,0.0037230081906180195,0.0007446016381236039,0.034996276991809384,0.010424422933730455,0.020104244229337303,0.006701414743112435,0.029039463886820552,0.03276247207743857,0.011913626209977662,0.0022338049143708115,0.011169024571854059,0.004467609828741623,0.0029784065524944155,0.026061057334326135,0.0052122114668652275,0.028294862248696945,0.01712583767684289,0.007446016381236039,0.03052866716306776,0.034996276991809384,0.0037230081906180195,0.04616530156366344,0.023827252419955324,0.01340282948622487,0.10722263588979895,0.0029784065524944155,0.04244229337304542,0.023827252419955324,0.0387192851824274,0.06329113924050633,0.06850335070737155,0.005956813104988831,0.044676098287416234,0.02084884586746091,0.008935219657483246,0.03723008190618019,0.0022338049143708115,0.01712583767684289,0.0037230081906180195,0.0037230081906180195,0.006701414743112435,0.0014892032762472078,1.0,0.05598845824056187,-0.03260448406777076,0.01604742810818234,0.06692477428248211,0.013593464583936503,0.00961032079880769,0.02794646018128462,0.038273555368617984,-0.01640972299080868,0.0016877429807937968,0.05138103178736567,0.019417820578614672,-0.0013590994232838087,-0.002411173208942475,-0.02099009956699839,0.018883327517590684,0.0026395783632732904,-0.0014414643503363842,-0.02898966518493356,0.004244006571455067,0.03184400963452471,-0.020873965644729462,0.011830316714913249,0.06910639234251909,0.017489097035249535,0.007768848990420949,0.04847732795160732,-0.014330720655559136,-0.0050083127664450715,-0.012852435847802119,0.0397044664318964,0.021783392218702433,0.014805230873446588,0.03990494411294897,0.08111561495137273,0.008931789120448447,-0.018267345514269184,-0.03558151436468054,0.00426171315276679,-0.027518619020789014,1.0,0.05603017840318523,-0.035905212216977594,0.020079221881714997,0.06415367970186063,0.007347822693180804,0.012729612806731561,0.02563691459211233,0.031901215060466614,-0.02053865379923337,0.003930549916455292,0.04610755644885462,0.009716956219580969,0.0012834225712336927,-0.004067581584434333,-0.02919582207466706,0.018722400193181783,-0.001179935437914014,-0.002447821266494554,-0.0308317221994953,0.006626372581179544,0.030827055489817512,-0.02532646742372924,0.02012386734091874,0.06498446067598262,0.009610803160197256,0.016954646592043328,0.0470971122450529,-0.0318466806604038,-0.004084365295540223,-0.01398367919557141,0.03272934292829768,0.010565104137976516,0.01867128369900186,0.038043609324514595,0.06949053725142959,0.0025033740275511897,-0.0220287414772343,-0.04764627848244046,-0.00313285775221411,-0.0341408421799005
3.506725902978789,0.6251505134299191,0.8860759493670886,3.0,105.0,124.0,116.0,81.0,90.0,20.0,26.0,24.0,9.0,8.0,0.0,134.0,107.0,129.0,124.0,118.0,130.0,101.0,127.0,112.0,113.0,123.0,106.0,0.19636963696369636,0.3795379537953795,0.4240924092409241,0.27457865168539325,0.3279494382022472,0.39747191011235955,0.014892032762472078,0.007446016381236039,0.01340282948622487,0.014892032762472078,0.017870439314966492,0.014892032762472078,0.0014892032762472078,0.008190618019359643,0.0022338049143708115,0.0022338049143708115,0.04244229337304542,0.008935219657483246,0.03723008190618019,0.005956813104988831,0.016381236038719285,0.02531645569620253,0.01712583767684289,0.0022338049143708115,0.008935219657483246,0.004467609828741623,0.0014892032762472078,0.021593447505584513,0.0014892032762472078,0.03052866716306776,0.011913626209977662,0.010424422933730455,0.02680565897244974,0.03723008190618019,0.008190618019359643,0.04616530156366344,0.023827252419955324,0.011169024571854059,0.09381980640357408,0.0029784065524944155,0.05584512285927029,0.027550260610573342,0.04616530156366344,0.04988830975428146,0.07073715562174236,0.011169024571854059,0.029039463886820552,0.021593447505584513,0.012658227848101266,0.04095309009679821,0.0014892032762472078,0.01340282948622487,0.0037230081906180195,0.014147431124348473,0.006701414743112435,0.0007446016381236039,1.0,0.03341476037240204,-0.013966180512978195,0.03487344614450764,0.01629920204020097,-0.05317440942958993,0.01922800440200687,0.01590435119406252,-0.016965602629265886,-0.003938888008591969,0.04548526828502681,-0.03020399108730127,0.018379371127549924,0.05516492827823522,-0.01659293857895284,0.01567125068592953,-0.011405439833656572,0.007829305197282404,-0.0012741915747033314,-0.00723557973831435,0.03310359103424396,-0.02628952909232187,0.007156238989457704,0.06499053456696186,0.02683060372825771,0.023828866813271343,-0.008431348941034538,-0.020032931595266337,-0.00376328354748194,-0.017601429076067137,-0.0392610100805474,-0.028994816428845098,-0.00026938013983533987,-0.007645396631381366,0.003894504712162744,-0.0057536189897520905,0.010441859520367271,-0.04705148952550765,-0.027520214890949687,0.014027917860078367,0.03367907292781567,1.0,0.03343965959771679,-0.015122130578373343,0.0359804462029661,0.013746948622542776,-0.0534797890133438,0.02232238110810523,0.011976137994441766,-0.014117155774496105,-0.002184091834006809,0.04140515978220025,-0.03111298942442451,0.023911750416257843,0.0488647102538458,-0.019696812648164853,0.023591833579140697,-0.022668494195664777,0.011200185569314326,0.0037551801527073545,-0.011891884100501765,0.03449229803773067,-0.028052091330774496,0.009325712092765788,0.061304239986572175,0.026270048346249943,0.02371732550066965,-0.016999674354020788,-0.02321239346355669,0.0016139128721481028,-0.015867899949811987,-0.0439001506008749,-0.022210968132198212,-0.0029726560327190017,-0.01106246688871896,0.012993094422871495,-0.01703109375865934,0.00956189742998463,-0.051205657946187776,-0.03099581465800226,0.022429334918733085,0.03547292753530836
3.53969201287563,0.6335627032256426,0.8883097542814594,1.0,108.0,122.0,117.0,89.0,94.0,24.0,20.0,15.0,5.0,4.0,2.0,134.0,111.0,123.0,118.0,115.0,127.0,99.0,123.0,111.0,110.0,117.0,110.0,0.1913477537437604,0.37603993344425957,0.43261231281198004,0.27467811158798283,0.32474964234620884,0.4005722460658083,0.01563663440059568,0.010424422933730455,0.014892032762472078,0.01340282948622487,0.021593447505584513,0.018615040953090096,0.0014892032762472078,0.006701414743112435,0.007446016381236039,0.0022338049143708115,0.04169769173492182,0.016381236038719285,0.021593447505584513,0.0052122114668652275,0.017870439314966492,0.024571854058078928,0.02084884586746091,0.0029784065524944155,0.007446016381236039,0.006701414743112435,0.0037230081906180195,0.024571854058078928,0.0052122114668652275,0.03201787043931496,0.01563663440059568,0.014892032762472078,0.020104244229337303,0.04988830975428146,0.004467609828741623,0.03350707371556218,0.024571854058078928,0.007446016381236039,0.0960536113179449,0.0037230081906180195,0.05361131794489948,0.03425167535368578,0.02680565897244974,0.0573343261355175,0.06626954579300075,0.012658227848101266,0.03127326880119136,0.00967982129560685,0.008190618019359643,0.045420699925539834,0.0052122114668652275,0.014147431124348473,0.0052122114668652275,0.00967982129560685,0.0052122114668652275,0.0014892032762472078,1.0,0.026281223938280595,-0.0007573197081260962,0.01358139883490815,-0.01705717670820731,0.027769169600235843,0.016458613803813412,0.0032583036233937135,-0.014840438369325158,0.021447179729153366,0.015579587391665945,0.047035749009691145,0.014796827418774933,-0.01996595945587321,0.03365124863537414,-0.022764311955163465,0.010952259153531029,-0.005386951353123727,-0.007618273164195743,0.014017164812994242,-0.009979472772600176,0.06995147811610014,0.006559702014023563,-0.001835463113357765,-0.04092532065942908,-0.012043036586243673,-0.026150739363769753,0.016825798696544773,0.03036308812069482,-0.017496581487403084,0.00022308456987012572,0.01078139713420716,0.03632604871049963,-0.01430328139468912,-0.0027779956541273453,0.017977356767828485,-0.01969711326969878,0.017457114858104274,-0.02323111487222174,-0.0036851214391791566,0.004167516222313061,1.0,0.026300807562675714,-0.0014511855037434979,0.013679440377986808,-0.017843794557587212,0.028867813942431708,0.014801457608510633,0.0030205833309060195,-0.01618509445691586,0.02306142262769246,0.01417077708035197,0.04651376681320391,0.010925062752463306,-0.019570968235675924,0.03371478216651275,-0.025026927279439972,0.010186217647404608,-0.009429157698010431,-0.005008346384627099,0.012957298488559837,-0.011805019830984533,0.06954147264559646,0.0017229170181524956,-0.003249849308635802,-0.04278894693562869,-0.01009634776538139,-0.029154957982453454,0.0196402824032643,0.026250892092371816,-0.011602777448292733,-0.003431555426377706,0.01202689083845164,0.031758009891349866,-0.02178810345755855,0.0029817670018635503,0.018578258475140316,-0.013962954598458017,0.01464971510070283,-0.024381230549789752,-0.0036796976509564207,0.004094456289235303
3.5294476997496944,0.6305273556264471,0.8845867460908414,4.0,104.0,127.0,116.0,88.0,73.0,30.0,52.0,20.0,7.0,12.0,21.0,134.0,113.0,131.0,123.0,115.0,130.0,79.0,128.0,113.0,111.0,121.0,99.0,0.19724770642201836,0.3532110091743119,0.44954128440366975,0.28060128847530424,0.33070866141732286,0.38869005010737295,0.008935219657483246,0.008190618019359643,0.011913626209977662,0.011169024571854059,0.016381236038719285,0.014892032762472078,0.0007446016381236039,0.00967982129560685,0.0037230081906180195,0.004467609828741623,0.0387192851824274,0.008935219657483246,0.035740878629932984,0.008935219657483246,0.020104244229337303,0.018615040953090096,0.018615040953090096,0.004467609828741623,0.005956813104988831,0.0037230081906180195,0.0029784065524944155,0.02680565897244974,0.0052122114668652275,0.02531645569620253,0.016381236038719285,0.01712583767684289,0.020104244229337303,0.04839910647803425,0.005956813104988831,0.04616530156366344,0.021593447505584513,0.012658227848101266,0.0967982129560685,0.004467609828741623,0.04988830975428146,0.02680565897244974,0.03425167535368578,0.05137751303052867,0.06552494415487714,0.00967982129560685,0.035740878629932984,0.01340282948622487,0.008935219657483246,0.05212211466865227,0.0052122114668652275,0.018615040953090096,0.0022338049143708115,0.01340282948622487,0.007446016381236039,0.0014892032762472078,1.0,0.02966324626051725,-0.010351567033245093,0.007703476177826807,0.02682894795509217,0.002672345671971686,-0.005885275329174237,-0.029905152448590416,0.010456101607289171,0.029839344432459346,0.06861275985329189,0.03804332302096919,-0.04096760019892618,-0.0004429554333363669,-0.012040088625046694,-0.020779675435232545,-0.040607513305525395,-0.020469473965644552,-0.0029704497028480914,-0.045883298540142996,0.03973635121136537,0.0062093252698659,-0.030853222791764147,-0.06919075631613246,-0.04867967937425583,0.002290569099234021,-0.032447124946489714,0.014704811214241345,0.013788123178417766,-0.004660051958808822,0.03458185540977968,0.009026852192827789,-0.06450613082857205,-0.0173155857884191,-0.023290243213340667,-0.029313981860795247,-0.03470329285291322,0.04142613677455905,0.037463818705648286,0.044624858511482235,-0.01306734381117157,1.0,0.029685350020770992,-0.011258146521766824,0.008374578004275025,0.026337060954850618,0.0012634623943370232,-0.005523263091717149,-0.030139241748227397,0.011481017707097389,0.02880715959821709,0.06861877897535383,0.03675576075439261,-0.0433382332998656,-0.000632767081769945,-0.01849862572542141,-0.02079712585311926,-0.035911324053464665,-0.014823627842800864,-0.0020610006750274427,-0.05280630071797393,0.039973204450176915,0.0004256127205599507,-0.02701467688449818,-0.06584254690217078,-0.04864721542293928,0.009746463345661923,-0.028398908326110993,0.029801324536531018,0.015552451985040372,-0.004792868783830812,0.030498742834173923,-0.0036725919925496664,-0.05767795324123566,-0.00653776034106287,-0.01728983894534207,-0.03200817587789098,-0.0329543534207059,0.04724797202738947,0.023454871501931315,0.04089608841795593,-0.024807444435658008
3.5049878703016386,0.6094449917751558,0.889054355919583,2.0,103.0,121.0,124.0,92.0,75.0,19.0,46.0,24.0,7.0,9.0,4.0,134.0,110.0,126.0,125.0,118.0,126.0,95.0,124.0,111.0,110.0,123.0,109.0,0.1964856230031949,0.39456869009584666,0.40894568690095845,0.2721474131821403,0.32884479092841956,0.39900779588944013,0.00967982129560685,0.006701414743112435,0.011169024571854059,0.018615040953090096,0.01340282948622487,0.016381236038719285,0.0022338049143708115,0.007446016381236039,0.007446016381236039,0.004467609828741623,0.027550260610573342,0.010424422933730455,0.03350707371556218,0.007446016381236039,0.0193596425912137,0.027550260610573342,0.022338049143708117,0.004467609828741623,0.014147431124348473,0.0029784065524944155,0.0029784065524944155,0.024571854058078928,0.0022338049143708115,0.03723008190618019,0.0052122114668652275,0.008190618019359643,0.03201787043931496,0.04393149664929263,0.0022338049143708115,0.035740878629932984,0.028294862248696945,0.011913626209977662,0.10424422933730454,0.0052122114668652275,0.05286671630677588,0.02308265078183172,0.029784065524944156,0.058078927773641105,0.07222635889798958,0.005956813104988831,0.035740878629932984,0.02084884586746091,0.005956813104988831,0.0387192851824274,0.004467609828741623,0.018615040953090096,0.0052122114668652275,0.010424422933730455,0.0052122114668652275,0.0014892032762472078,1.0,-0.004803325535020763,0.008656758597384233,0.010330905762685322,-0.04784495768107482,0.022920206514538004,0.01912404699047548,-0.0027980305745391176,0.05524956205874798,0.018401464706811244,0.017212712790248167,0.021733783082976604,0.03555437536660632,0.02162331113224131,-0.024016568733438236,-0.007080637480382131,0.0003463264620207821,-0.03478092662144619,0.03693977110781571,0.032258933048336824,0.043741573458114906,0.025234945735402903,0.0012031353744470339,-0.022036348733230345,-0.03880557129398335,-0.01726764597317482,-0.03378657032797552,0.022218183015607844,0.016868477981897435,-0.0061094733761225305,-0.014461580813324602,0.02138415489906297,-0.007711147872506763,0.04604475931287613,-0.011880740931703666,0.009706997056028732,0.018776027284678306,0.012229908339601962,0.005636768341492079,-0.002380481605154127,-0.01113641363261585,1.0,-0.0048069047641824715,0.008646762959179996,0.01043793432255204,-0.04797275305660276,0.022439711609563078,0.020191806922947184,-0.002105130928997418,0.05261361484284335,0.02088420810358159,0.01803214002739525,0.019761313280046214,0.04054696414342468,0.021324283285131234,-0.026468593149005314,-0.007757724262140352,-0.0005158239075845515,-0.037690283148540664,0.030331086547513535,0.03085376826094838,0.04138433641971683,0.017698137102841596,0.005586791705719063,-0.02116185209213663,-0.04111553518428017,-0.015735455743359654,-0.03716480637730435,0.018279867809833445,0.010214069898210332,-0.008314780486760303,-0.021543591351383715,0.02012815635488721,-0.004836422458164484,0.048107528958893093,-0.006760244358371795,0.019804910275073365,0.02310279146669723,0.02065811284806859,0.00250995183325581,-0.010702174628139757,-0.018512610080549653
3.5123421455955244,0.645654251383764,0.8808637379002234,0.0,113.0,125.0,116.0,90.0,72.0,39.0,19.0,1.0,6.0,0.0,1.0,134.0,113.0,129.0,124.0,126.0,125.0,113.0,127.0,113.0,117.0,117.0,112.0,0.1563573883161512,0.36597938144329895,0.47766323024054985,0.26620689655172414,0.3310344827586207,0.4027586206896552,0.0193596425912137,0.0052122114668652275,0.01563663440059568,0.011913626209977662,0.014147431124348473,0.01563663440059568,0.0022338049143708115,0.007446016381236039,0.0029784065524944155,0.0022338049143708115,0.044676098287416234,0.01340282948622487,0.03127326880119136,0.005956813104988831,0.01563663440059568,0.020104244229337303,0.018615040953090096,0.0029784065524944155,0.006701414743112435,0.006701414743112435,0.0022338049143708115,0.020104244229337303,0.0029784065524944155,0.026061057334326135,0.01563663440059568,0.01340282948622487,0.02680565897244974,0.04095309009679821,0.008190618019359643,0.029784065524944156,0.026061057334326135,0.012658227848101266,0.10647803425167536,0.0022338049143708115,0.05584512285927029,0.02531645569620253,0.029039463886820552,0.05956813104988831,0.07148175725986597,0.011913626209977662,0.03350707371556218,0.016381236038719285,0.010424422933730455,0.045420699925539834,0.0037230081906180195,0.016381236038719285,0.0052122114668652275,0.008190618019359643,0.00967982129560685,0.0014892032762472078,1.0,0.020891724020073207,0.060337026513128486,0.010648344003043202,-0.03435813880096444,0.014481801910512142,-0.01640280538507248,0.01075374333478718,-0.02443472560637502,-0.05862970856882752,-0.025318912698320872,-0.012229271337789512,0.030629445260333423,-0.03905713641751107,-0.010741858997073795,0.034649778262922475,-0.015871195032936693,0.0063961593507925706,-0.020072740955765583,-0.04002868774310469,-0.03664385003756255,0.02772827998613738,-0.011810876627543033,0.03306358879976008,-0.018378638555872087,0.030820237962589828,-0.01812980581560272,0.011802344694006,-0.008425954314477855,0.013624583710198404,-0.0338385167756688,0.07228973368684326,-0.021391476072951082,0.045423620047016895,-0.027093846312110127,-0.03874141045818305,-0.03847042853547875,-0.010422079176774308,-0.026306794278997982,-0.024532270077221335,-0.043694283475061754,1.0,0.02090729162366491,0.060016133721110525,0.008263228440696777,-0.03861329039300039,0.014890150925564512,-0.012751038546134352,0.010350948167668905,-0.02497091214355102,-0.05835752604248588,-0.02185570331577674,-0.002582297667847458,0.033266463970672136,-0.04298308595531098,-0.014272615645183,0.039482674574309005,-0.012433414652419915,-0.0035669646765954304,-0.023128980985701587,-0.042328177891035074,-0.03461026586110229,0.03919389209482575,-0.0150983415065227,0.027367986812336615,-0.01998268616735008,0.0350524302605417,-0.02193282668804542,0.005977069840922898,-0.014899088867579343,0.012334104524322853,-0.03766272258705565,0.08228637302649747,-0.02458443305328443,0.038853781312904005,-0.026549002885358983,-0.036734796277973714,-0.04326532272965975,0.0015095534077901244,-0.032661106488929906,-0.023141100187073917,-0.041986336355819096
3.513592853925384,0.6328157716934839,0.889054355919583,9.0,120.0,129.0,120.0,91.0,78.0,35.0,33.0,40.0,11.0,10.0,2.0,134.0,123.0,131.0,127.0,125.0,130.0,107.0,129.0,124.0,126.0,125.0,116.0,0.17699115044247787,0.3864306784660767,0.4365781710914454,0.2625250501002004,0.3353373413493654,0.4021376085504342,0.02308265078183172,0.0052122114668652275,0.014147431124348473,0.014147431124348473,0.020104244229337303,0.01340282948622487,0.0007446016381236039,0.005956813104988831,0.006701414743112435,0.0029784065524944155,0.044676098287416234,0.011913626209977662,0.029784065524944156,0.004467609828741623,0.023827252419955324,0.021593447505584513,0.016381236038719285,0.0022338049143708115,0.012658227848101266,0.0022338049143708115,0.004467609828741623,0.017870439314966492,0.005956813104988831,0.02680565897244974,0.01340282948622487,0.01712583767684289,0.03276247207743857,0.05137751303052867,0.005956813104988831,0.03127326880119136,0.026061057334326135,0.014147431124348473,0.11020104244229337,0.0022338049143708115,0.05658972449739389,0.02308265078183172,0.04318689501116903,0.058078927773641105,0.04690990320178704,0.008190618019359643,0.029039463886820552,0.021593447505584513,0.005956813104988831,0.03276247207743857,0.0014892032762472078,0.014892032762472078,0.0029784065524944155,0.00967982129560685,0.006701414743112435,0.0029784065524944155,1.0,-0.03762488798817592,0.014515332703305617,-0.013934821051730585,-0.02116737967627964,0.010273853543491467,-0.027898530988467743,-0.01545971168099695,0.0005173013947615423,0.0026321395188480755,0.013674504708287027,-0.056839609682116446,-0.054610417485563785,0.0025115050934817105,-0.018682139374159572,-0.027345794928275692,-0.0434286199933118,-0.027632721444297244,-0.04337859299424444,-0.007851538284802742,0.018607453430460497,0.08195098049388619,-0.03395708559910744,0.018587701716138324,0.0034874505357970027,-0.03427145325824218,-0.006218284025306196,0.016737070275241208,0.058191459356104085,-0.0010157869287667342,0.027022273029740654,0.01576409150850888,0.05126365854821264,-0.09466117842201349,0.002098569124864726,-0.022724819150360585,-0.012691576402993452,0.00625939384677285,-0.004134538965927728,-0.029072734472599653,-0.016688836841041214,1.0,-0.03765292441737725,0.013137864618071054,-0.012951765294617746,-0.022458322333160568,0.009076780042853956,-0.02695797617834103,-0.0184977193799199,-0.0002018393425684373,0.0027424320847021302,0.012239803811883875,-0.05682617418335332,-0.06044239374076082,-0.0008142408858029014,-0.018873685106955352,-0.03379006600663096,-0.0472722176470207,-0.03389593409022693,-0.05344007845380021,-0.016847089837785472,0.014922794274439124,0.08277381718522665,-0.03674151119606137,0.004125423125948899,0.0022233301243348253,-0.03695491914517174,-0.016563842622440223,0.016012206624358507,0.0543691598343318,-0.009789991220893484,0.016128712952006047,0.014652805369551094,0.06258434605352936,-0.09691407019698982,-0.009494410113679259,-0.01403844555910635,-0.015684000920515067,0.0003549328541621216,0.005961420156881636,-0.01934335056581579,-0.023656600454487472
3.458738274279468,0.6188736053339003,0.8763961280714817,9.0,92.0,120.0,109.0,74.0,85.0,26.0,51.0,16.0,6.0,5.0,4.0,134.0,103.0,123.0,117.0,112.0,128.0,57.0,120.0,109.0,100.0,115.0,92.0,0.24288107202680068,0.34338358458961477,0.4137353433835846,0.2916030534351145,0.33435114503816793,0.37404580152671757,0.01340282948622487,0.005956813104988831,0.012658227848101266,0.00967982129560685,0.01712583767684289,0.014147431124348473,0.0014892032762472078,0.0052122114668652275,0.004467609828741623,0.0029784065524944155,0.03648548026805659,0.008935219657483246,0.028294862248696945,0.0037230081906180195,0.018615040953090096,0.022338049143708117,0.021593447505584513,0.0022338049143708115,0.014147431124348473,0.0029784065524944155,0.0029784065524944155,0.02084884586746091,0.0014892032762472078,0.026061057334326135,0.012658227848101266,0.010424422933730455,0.03350707371556218,0.0379746835443038,0.0022338049143708115,0.03276247207743857,0.03276247207743857,0.010424422933730455,0.11169024571854058,0.0029784065524944155,0.05956813104988831,0.02308265078183172,0.03127326880119136,0.06478034251675353,0.07446016381236038,0.011169024571854059,0.03201787043931496,0.020104244229337303,0.007446016381236039,0.05063291139240506,0.0022338049143708115,0.01712583767684289,0.0052122114668652275,0.006701414743112435,0.0052122114668652275,0.0037230081906180195,1.0,0.001379600815783829,0.029590348207870987,-0.019322427447746045,-0.010741687226637974,-0.0040091529255774725,0.05073658548839606,0.011613150881166186,0.019367578795645594,0.01766125873853955,0.01964388671462288,-0.0038320494332556355,0.009495643672170312,0.04577279107832327,0.043892296654924466,0.03364478976696813,-0.00887323643304599,0.01781478740992517,0.005936698200660724,0.004443142247279651,0.07363090982658978,-0.03879770827029663,0.02009486841939975,-0.009597991119593549,-0.013166205460697343,-0.0017532571860189564,0.010347242009168877,-0.040375690821388734,0.061524162183629036,-0.02669360251893784,-0.001323480014504353,-0.0018685411736627225,0.0031434959944526626,-0.07805345588413018,0.002571735537535795,-0.032369193044156176,-0.030342703800773786,-0.006455000917226078,-0.016145015214025133,-0.014321539631296553,0.012190721466752522,1.0,0.0013806288342754595,0.029632630320380705,-0.01946342786202209,-0.01160331335380938,-0.002836696610326803,0.051338307825579646,0.011314118215154665,0.01616607610032974,0.018966297127838122,0.020412387951666923,-0.0036977225642039566,0.007038472069867374,0.0468536322453201,0.04270746061427532,0.029739358014065707,-0.012221848591189138,0.018735476096480425,0.0078665733122167,-0.0010834569658534558,0.07001726217877194,-0.04476762132039353,0.014112200931116295,-0.010575725732070933,-0.01751780618876864,-0.002977460039175716,0.0008229568174469034,-0.04522194695639995,0.05490257392528157,-0.028695923153350202,-0.008408884745572864,0.0021460122955011107,-0.0008064499946950493,-0.08308249309780912,-0.004364779281892907,-0.03052446314709667,-0.030877240190815197,-0.00953092528847346,-0.016773668406056482,-0.007431576942097753,0.011651860414223524
3.493903092399315,0.626512390503914,0.8808637379002234,1.0,121.0,123.0,124.0,80.0,105.0,26.0,45.0,8.0,15.0,8.0,1.0,134.0,123.0,127.0,127.0,126.0,130.0,109.0,129.0,125.0,125.0,123.0,115.0,0.2298325722983257,0.3455098934550989,0.4246575342465753,0.2632283991962492,0.33690555927662424,0.39986604152712657,0.014892032762472078,0.006701414743112435,0.01712583767684289,0.0193596425912137,0.012658227848101266,0.007446016381236039,0.0,0.006701414743112435,0.005956813104988831,0.0037230081906180195,0.0387192851824274,0.011913626209977662,0.03350707371556218,0.010424422933730455,0.023827252419955324,0.018615040953090096,0.01340282948622487,0.0007446016381236039,0.011169024571854059,0.0052122114668652275,0.004467609828741623,0.029039463886820552,0.004467609828741623,0.02084884586746091,0.0193596425912137,0.008190618019359643,0.03350707371556218,0.03276247207743857,0.0052122114668652275,0.040208488458674606,0.024571854058078928,0.01563663440059568,0.11020104244229337,0.0037230081906180195,0.040208488458674606,0.020104244229337303,0.03723008190618019,0.06850335070737155,0.06999255398361877,0.008190618019359643,0.03052866716306776,0.0193596425912137,0.008935219657483246,0.04095309009679821,0.0007446016381236039,0.021593447505584513,0.0022338049143708115,0.008935219657483246,0.007446016381236039,0.0007446016381236039,1.0,0.03627179012621816,-0.004924826231692824,-0.011517730593604922,0.013726094000954012,0.015029150833548582,-0.019987498737176784,0.017625469996367278,0.017475792030223685,0.04544482704479671,0.014897760472380416,0.08801008734094046,-0.006512531623801097,0.03402475224481666,-0.034048288646558934,0.03642118409558241,0.002291030299028896,0.02220828002775581,-0.03638019098238878,0.03528728424714675,0.039277983834086656,0.00956093963280741,0.009599987941596354,-0.036105488753724095,0.012616034941862656,-0.0009115817775780351,0.01649824524441618,-0.0041093278145402515,0.03690218575213441,-0.0065595101135676025,0.0389938472437974,0.030092402151067947,-0.013017281587029474,0.03539518853591019,0.0004825762054841628,-0.0029884584503391664,-0.004760914491931669,0.054751080627742935,0.030302187416754386,0.02118749969328178,0.012852173225581189,1.0,0.036298818285775684,-0.006258021041065492,-0.011151334603361244,0.014585453829434221,0.01395119197150349,-0.021160275742629187,0.01974590214260509,0.016188425230678923,0.04391783250709987,0.01277330370430044,0.08916659203608433,-0.013172222921121256,0.036270119423973894,-0.036776223148462045,0.03922188004296465,-0.004548657998562941,0.02468856256610148,-0.045336113419919805,0.03896313388377043,0.024445203792818403,0.008314289809071944,-0.0011476640479439338,-0.03144545549691019,0.002049886833208548,0.005696240390997065,0.006439848625834678,0.00024735965840602274,0.028368537860532395,-0.004882620704002084,0.03145107296684127,0.028494149556542614,-0.020315093624366926,0.041057829316245464,0.002806804369651747,-0.00893325830427845,-0.004810027335168841,0.051779662530272885,0.02727237540365498,0.011643228700516813,0.013127758776241907
3.466673862746165,0.6036149415328278,0.8875651526433358,6.0,107.0,124.0,110.0,92.0,77.0,26.0,55.0,5.0,5.0,4.0,2.0,134.0,108.0,129.0,117.0,121.0,123.0,97.0,121.0,107.0,113.0,110.0,109.0,0.22512234910277323,0.3458401305057096,0.4290375203915171,0.27213822894168466,0.32973362131029516,0.39812814974802013,0.012658227848101266,0.008935219657483246,0.016381236038719285,0.012658227848101266,0.020104244229337303,0.014892032762472078,0.0029784065524944155,0.006701414743112435,0.004467609828741623,0.0029784065524944155,0.045420699925539834,0.010424422933730455,0.04244229337304542,0.0052122114668652275,0.016381236038719285,0.020104244229337303,0.008935219657483246,0.0007446016381236039,0.008190618019359643,0.00967982129560685,0.0022338049143708115,0.02680565897244974,0.0022338049143708115,0.027550260610573342,0.010424422933730455,0.008935219657483246,0.02680565897244974,0.04244229337304542,0.004467609828741623,0.03350707371556218,0.027550260610573342,0.014147431124348473,0.09903201787043932,0.0014892032762472078,0.055100521221146684,0.02531645569620253,0.028294862248696945,0.06254653760238273,0.06850335070737155,0.005956813104988831,0.04095309009679821,0.016381236038719285,0.006701414743112435,0.05658972449739389,0.0014892032762472078,0.01712583767684289,0.0029784065524944155,0.005956813104988831,0.006701414743112435,0.0014892032762472078,1.0,-0.05460416627451985,-0.024842251110376527,0.017079183947388072,-0.029009473760575975,0.07728512332657636,0.008399911217571342,0.02851326259821799,0.010149545846993128,0.020866483184133245,0.03050360548940689,0.006153985140301744,-0.005563332377145523,-0.006538800041881629,0.019071018849294515,-0.02181617952413727,0.07697035636257242,-0.014498176737599972,-0.009562115782406564,0.011368266776654354,0.024787400221826135,-0.03301667405978025,-0.0015789084759239124,-0.014858756097615253,-0.0022697622756845527,0.052705804149953815,-0.0049810541221357255,0.005568356767984516,-0.010038284771938404,0.025481109403942923,0.01902934887655748,0.06033349772399239,0.0019670221368069296,0.04348649872851795,0.015381055121766624,0.0025095533959825045,0.00612108997785457,-0.06357264833938721,0.03087655290785933,0.004145955714893056,-0.03391332557081271,1.0,-0.05464485492301055,-0.02794881847078168,0.014246274123328958,-0.0281500525860841,0.07557718023640653,0.015166966401007275,0.03526485970534467,0.011316565078568276,0.02798935659964363,0.028082546717889817,0.010469465044004802,-0.008335491441427723,-0.00912428280772708,0.014311292514775148,-0.026260587282786407,0.07337635809647443,-0.010658439121223906,-0.005236497262649519,0.0028035287864032394,0.03312999645848072,-0.0433183961530333,-0.0026439624150695904,-0.021897587455357304,-0.0034761781981536757,0.04479803767447234,0.0017835398619068983,0.00749851014691043,-0.006538087607651639,0.03138825672472427,0.011947249909140922,0.07372767897861329,-0.00019960584226103365,0.05483756980309534,0.013154336111651331,0.00738100375328526,-0.013159135901260487,-0.060880909484482396,0.01239127622353121,-0.005636854281432572,-0.03894261117068775
3.4692451145797247,0.61183766792543,0.8786299329858526,8.0,95.0,128.0,115.0,84.0,87.0,25.0,50.0,14.0,13.0,5.0,5.0,134.0,103.0,131.0,125.0,110.0,130.0,73.0,129.0,113.0,113.0,121.0,99.0,0.23052464228934816,0.35930047694753575,0.41017488076311603,0.2845763939174511,0.333816075307748,0.38160753077480086,0.008190618019359643,0.008935219657483246,0.011169024571854059,0.012658227848101266,0.016381236038719285,0.011913626209977662,0.0,0.008190618019359643,0.0052122114668652275,0.004467609828741623,0.0379746835443038,0.008935219657483246,0.045420699925539834,0.007446016381236039,0.02308265078183172,0.017870439314966492,0.017870439314966492,0.0029784065524944155,0.008935219657483246,0.0029784065524944155,0.0029784065524944155,0.021593447505584513,0.0022338049143708115,0.028294862248696945,0.011913626209977662,0.011169024571854059,0.03276247207743857,0.04318689501116903,0.0014892032762472078,0.04244229337304542,0.022338049143708117,0.012658227848101266,0.11020104244229337,0.0029784065524944155,0.06254653760238273,0.02531645569620253,0.03723008190618019,0.05137751303052867,0.05584512285927029,0.008935219657483246,0.03127326880119136,0.02084884586746091,0.00967982129560685,0.05137751303052867,0.0014892032762472078,0.01563663440059568,0.0014892032762472078,0.008190618019359643,0.011169024571854059,0.0007446016381236039,1.0,0.03335653744587858,0.0005992650328507287,-0.008075592545248957,-0.01887108391137674,0.005099718037367404,-0.0017348339724155822,-0.0005500342583386886,0.026657932379514512,-0.01175023532938341,0.006511356806922261,0.002753721694467917,0.008807783542004401,-0.02143444342902254,-0.023277856902748258,0.01208625538331558,0.058237709907294676,-0.035690953155279356,0.000699060465033749,-0.005797201756534397,0.0017226534046527742,0.06636939550037661,0.00972368288672408,-0.04281470750322992,-0.018634394958457024,-0.030609257598394175,0.0007691808558720145,0.04679857469463549,-0.011704803534633513,0.010853103582120494,0.017099359706464826,0.05650799757157759,-0.009876717194427178,-0.013739736976887799,0.031589232988740924,0.039758225233450996,-0.0033308521561682945,0.015224602040250015,0.015722533585632796,0.008521549645466697,0.008953748518049197,1.0,0.03338139328600218,-0.0005147322014833236,-0.008105568522214321,-0.018408178097221648,0.006374678297345738,-0.002182834269950289,-0.0007184156539000831,0.026640807516446076,-0.013456288857158568,0.007291474092085255,0.0027299105005113154,0.009525084772877751,-0.023002750101052544,-0.021534428299064778,0.013972247522388114,0.057534242569806944,-0.04090370414782563,0.002332542604588003,-0.004305023212769371,0.003046323053696772,0.06706122179414267,0.0063971566775428085,-0.046248145411111156,-0.017602313059482642,-0.023468300910925433,9.766493223645573e-05,0.04641632640763997,-0.01739543765116357,0.011198286135975143,0.019936147986908095,0.057483953386384894,-0.018265270037706272,-0.008495266865661436,0.035848120765285624,0.04448989898355792,-0.009020152701980042,0.004474577929453214,0.019607650843652732,0.009945181241997848,0.013636950964733165
3.4717982454565965,0.6197028902332915,0.8719285182427401,14.0,103.0,115.0,108.0,105.0,82.0,19.0,60.0,24.0,8.0,6.0,4.0,134.0,107.0,124.0,119.0,122.0,130.0,69.0,127.0,121.0,115.0,116.0,109.0,0.24074074074074073,0.37808641975308643,0.38117283950617287,0.28068916008614503,0.34242641780330224,0.3768844221105528,0.014147431124348473,0.010424422933730455,0.011913626209977662,0.014147431124348473,0.01712583767684289,0.00967982129560685,0.0014892032762472078,0.010424422933730455,0.0037230081906180195,0.0029784065524944155,0.035740878629932984,0.007446016381236039,0.0379746835443038,0.004467609828741623,0.016381236038719285,0.0193596425912137,0.017870439314966492,0.0007446016381236039,0.007446016381236039,0.0022338049143708115,0.005956813104988831,0.016381236038719285,0.0029784065524944155,0.028294862248696945,0.014892032762472078,0.014892032762472078,0.03127326880119136,0.05658972449739389,0.004467609828741623,0.03723008190618019,0.02084884586746091,0.008190618019359643,0.11988086373790022,0.004467609828741623,0.04244229337304542,0.02531645569620253,0.049143708116157855,0.058078927773641105,0.05956813104988831,0.00967982129560685,0.0387192851824274,0.02084884586746091,0.00967982129560685,0.03723008190618019,0.0029784065524944155,0.01340282948622487,0.0037230081906180195,0.00967982129560685,0.005956813104988831,0.0014892032762472078,1.0,0.0027401011255650523,-0.007339702071067015,0.034453301460234086,0.01469407759425678,0.03626962529642868,0.03342296733066944,-0.0005299745229481883,0.04133732737045785,0.03190959431847155,-0.03981140271673372,-0.0427438235356695,0.029767347627827578,0.032271474940828236,0.0175380183427585,0.049237268401237905,-0.005574895069420983,0.011076911870709374,-0.011138537218585234,0.005655468600357706,-0.021256294487102277,-0.011187786483203378,0.02520030979181823,-0.015368899963130983,0.009708748064286007,-0.005500540898290867,0.02055428548273625,-0.016997987150654318,-0.017345491812312118,-0.006951791621896193,0.016146178911047675,0.006432981275490015,-0.026408760271105673,-0.014263963263871334,0.031702059032462725,0.021471167777559957,-0.003088262760284613,0.02543150073757353,0.004098929430863451,0.014561596963933172,0.00777912882675676,1.0,0.002742142929682457,-0.007358223358053317,0.034573049719879796,0.014502438667497883,0.03688989927952252,0.03252289420484651,-0.0010541432663699998,0.039570281951123984,0.028869143775146437,-0.04186770645641856,-0.04789877998163076,0.02536183968282572,0.031093353620265274,0.017555457928039607,0.05128916725176314,-0.0037729484592429244,0.00843253269439295,-0.01720828548356791,0.0075304752347543245,-0.028818593648450477,-0.021869472998890638,0.02221633619727641,-0.01395743230470784,0.014007199726558367,-0.0017936825112898173,0.027696784124038823,-0.022172494224447805,-0.020353707809777195,-0.009011522316368202,0.011480585898887188,0.003772842150069094,-0.025476466734554466,-0.007975999993976106,0.03140546169400573,0.02743393848393896,0.002454357903453614,0.027022244186028263,-6.673545290586676e-05,0.006956435285667368,0.0071353183360283335
3.446886758652768,0.608208006891638,0.885331347728965,8.0,78.0,111.0,107.0,82.0,88.0,3.0,54.0,24.0,13.0,24.0,4.0,134.0,93.0,125.0,116.0,117.0,124.0,23.0,125.0,108.0,107.0,125.0,70.0,0.2516778523489933,0.37919463087248323,0.3691275167785235,0.3022888713496448,0.35359116022099446,0.3441199684293607,0.00967982129560685,0.008190618019359643,0.00967982129560685,0.011169024571854059,0.006701414743112435,0.007446016381236039,0.0022338049143708115,0.007446016381236039,0.006701414743112435,0.0029784065524944155,0.034996276991809384,0.008935219657483246,0.0387192851824274,0.004467609828741623,0.016381236038719285,0.02531645569620253,0.014147431124348473,0.0014892032762472078,0.014147431124348473,0.0029784065524944155,0.0022338049143708115,0.039463886820551006,0.0014892032762472078,0.04169769173492182,0.014892032762472078,0.017870439314966492,0.04095309009679821,0.04616530156366344,0.0037230081906180195,0.05212211466865227,0.02531645569620253,0.008190618019359643,0.08935219657483247,0.004467609828741623,0.06105733432613552,0.0193596425912137,0.04318689501116903,0.06329113924050633,0.05956813104988831,0.0022338049143708115,0.03350707371556218,0.014892032762472078,0.005956813104988831,0.04393149664929263,0.0022338049143708115,0.00967982129560685,0.0014892032762472078,0.007446016381236039,0.008190618019359643,0.0022338049143708115,1.0,0.0023714913088122595,0.0005794583221159764,-0.00380396120926043,0.04512972426983248,0.011626465861751487,0.0017812769888959792,0.052099137659056494,0.006280368193557157,0.01681422849769141,0.0035745256768342187,-0.012593471366261745,-0.0027968792371710943,-0.026978128521678798,0.004421106629805262,-0.00782697030296552,-0.000391901930698198,0.05513013380120735,-0.019557689661314177,0.03291065590573363,-0.03356503459719908,-0.01840853390518068,-0.0011747108362750497,0.009894135727477684,0.005166978101824094,-0.010416076064607331,0.007846677476001351,-0.02527002488192173,0.02479704390300083,-0.012102182105870633,-0.051781121508074686,-0.03205990586472314,0.0476923256150862,-0.02641930490972614,0.004661173958781585,-0.03257497373875971,-0.03588242049252028,-0.008917978760827122,-0.07388654657175853,0.05547520469591862,-0.030672940634193218,1.0,0.00237325844093508,0.0005746934215945981,-0.003815240649061662,0.04528323656930754,0.011475329207708702,0.001673559770685812,0.05281830181379892,0.0041717274716785695,0.015930482625518223,0.0038134939772952094,-0.01752970917847138,-0.004276697616457919,-0.02915179950925262,0.0008700319669995779,-0.007381111348833034,-0.0018539434319421342,0.05840339019987098,-0.0185985679483176,0.03514636223890219,-0.030138383383483645,-0.02392147588893117,0.001364720367497045,0.006550129603882423,0.0008510379325893988,-0.006853757692079399,0.002538342615925402,-0.023206227075275872,0.027958346244102036,-0.010925958142826939,-0.05007322530348278,-0.03284751382897207,0.050236783304017825,-0.03103506415277665,0.009298289802289436,-0.029914812658400153,-0.04412970532616223,0.003180705871220078,-0.07527002003653277,0.06145135754552361,-0.028274974799579633
3.5054218167704554,0.6464812885251836,0.8808637379002234,2.0,104.0,124.0,119.0,86.0,103.0,36.0,55.0,14.0,15.0,7.0,0.0,134.0,110.0,128.0,123.0,121.0,130.0,75.0,125.0,117.0,123.0,121.0,91.0,0.24060150375939848,0.3518796992481203,0.4075187969924812,0.2782546494992847,0.34620886981402005,0.37553648068669526,0.01712583767684289,0.008190618019359643,0.008190618019359643,0.01712583767684289,0.004467609828741623,0.01340282948622487,0.0007446016381236039,0.006701414743112435,0.0029784065524944155,0.004467609828741623,0.0379746835443038,0.014147431124348473,0.0387192851824274,0.005956813104988831,0.02531645569620253,0.022338049143708117,0.014147431124348473,0.0037230081906180195,0.005956813104988831,0.006701414743112435,0.0029784065524944155,0.017870439314966492,0.0022338049143708115,0.03052866716306776,0.01712583767684289,0.02084884586746091,0.02084884586746091,0.04244229337304542,0.004467609828741623,0.027550260610573342,0.028294862248696945,0.01712583767684289,0.0953090096798213,0.0022338049143708115,0.0573343261355175,0.024571854058078928,0.040208488458674606,0.06031273268801191,0.06850335070737155,0.011169024571854059,0.03425167535368578,0.0193596425912137,0.007446016381236039,0.04690990320178704,0.0029784065524944155,0.014892032762472078,0.004467609828741623,0.011913626209977662,0.006701414743112435,0.0007446016381236039,1.0,0.022461870429489373,-0.011037975254068369,0.017750056945453573,-0.03262672189191614,-0.04368574110538928,0.01088938496303694,-0.027295999492612286,0.02321463390060212,0.004051580664355493,-0.007947886298426831,0.007991078291368765,-0.03227518524403138,-0.005734384582972795,0.008929827619390679,-0.023136021032915784,0.010742454967163532,0.036463597579710114,-0.021227332380173155,0.027513972933277005,0.0263483570246123,0.021614651944963748,0.008707197076168557,-0.011002418151625431,-0.03142217991217088,-0.03582494932233414,-0.033849848071463184,-0.03388331174370323,-0.03773563544732974,-0.04211345352984287,0.008115120438796431,-0.013340070561056799,-0.0023271391706008436,0.00886967379534907,0.04665653870426087,0.012652552909631225,0.020330837223100848,-0.00578516931239156,-0.008010965437637735,-0.02203815390183196,-0.008553712596901998,1.0,0.022478608037857107,-0.011565569319317999,0.018312837641852635,-0.03370940889094975,-0.04197722869424807,0.0118278646257122,-0.02784210154396446,0.0254770849685377,-0.0009218109777636724,-0.007657340500779983,0.006862410403036084,-0.03436369623719779,-0.0008538856121092939,0.0064291666184823435,-0.021718309342792563,0.010681273919200183,0.031912168917530126,-0.02048976104057296,0.026830421528598297,0.023651596562876468,0.026742216040260208,0.006813470278674428,-0.010978992096505751,-0.027294885021448834,-0.036570333194145495,-0.02826878164243274,-0.03485905672263797,-0.040461856762852556,-0.043948359514816904,0.002829386282159835,-0.017752747884352476,-0.0020830728571048676,0.0031375870836495355,0.046858543058723424,0.013307866573855173,0.016801494810093274,-0.007317340664499325,-0.009006797069615448,-0.022093616683825503,-0.010371361915576839
3.4917507393274856,0.6021130677971119,0.8897989575577067,1.0,103.0,116.0,110.0,96.0,96.0,22.0,30.0,7.0,17.0,0.0,0.0,134.0,103.0,121.0,118.0,108.0,128.0,103.0,121.0,104.0,105.0,123.0,104.0,0.21237458193979933,0.38461538461538464,0.40301003344481606,0.2791545189504373,0.3170553935860058,0.4037900874635568,0.01563663440059568,0.006701414743112435,0.01340282948622487,0.014147431124348473,0.014147431124348473,0.00967982129560685,0.0029784065524944155,0.0037230081906180195,0.0052122114668652275,0.0014892032762472078,0.04169769173492182,0.014892032762472078,0.029039463886820552,0.007446016381236039,0.01340282948622487,0.0193596425912137,0.017870439314966492,0.0037230081906180195,0.007446016381236039,0.004467609828741623,0.0014892032762472078,0.021593447505584513,0.0037230081906180195,0.02680565897244974,0.011913626209977662,0.011169024571854059,0.029039463886820552,0.03201787043931496,0.0037230081906180195,0.035740878629932984,0.024571854058078928,0.010424422933730455,0.09307520476545049,0.0037230081906180195,0.04616530156366344,0.024571854058078928,0.03276247207743857,0.06775874906924795,0.08041697691734921,0.010424422933730455,0.04244229337304542,0.03201787043931496,0.004467609828741623,0.05361131794489948,0.0037230081906180195,0.02084884586746091,0.0052122114668652275,0.012658227848101266,0.006701414743112435,0.0007446016381236039,1.0,0.01735830023929314,0.04168528555151145,0.01910439928077606,0.08917806376891738,0.037300925719692096,0.05285698773649116,-0.003996660605807888,0.04928026244918245,0.03269303769525948,0.04533539103345172,0.03591880630464902,0.04441865766182241,0.03780148470456149,0.04098440466129616,0.04598163421873438,0.03884169199300179,-0.027392618174484684,0.06157651208735805,0.00040573445761364277,0.018053170843885556,0.024485605146203744,0.03928223883380409,-0.02427958417281909,0.0426666632065417,-0.01377246089588239,0.023000492120945657,0.013616592245505054,0.04304831055408482,0.06298838747819119,-0.028237964292498186,-0.04166630570183002,-0.015270366816974138,0.03818041528555154,-0.022488047600758423,-0.042277031021145,-0.008200946346772315,0.0030970451810195584,0.01513509667209488,-0.0009186650028138577,0.035312415296486335,1.0,0.017371234889247886,0.04145820661838677,0.01776774217387959,0.08731656919734276,0.033569486194684,0.04535892374556537,-0.011015464492290612,0.037788009548801384,0.0250853062313937,0.0331635498706419,0.03064797509798996,0.032291553458992366,0.0279723935618163,0.02575838316311056,0.034057581217852406,0.02364100354516298,-0.04399742472709666,0.04753142632066088,-0.014144685140328787,0.0009191154125343544,0.01901780339625818,0.024041080307997776,-0.034809056347090556,0.02619610497964688,-0.021668242244136885,0.005551564760388677,0.009368625677951515,0.03164268468900367,0.062222325686661376,-0.04612711899445201,-0.05182993094806585,-0.02832761791660538,0.027843017937148704,-0.03091267472726157,-0.03959727220018458,-0.006784671243988223,-0.004139649922752304,0.016717540313557128,0.0013817495284247877,0.036738993771353305
3.481500663054318,0.6263394261215438,0.885331347728965,6.0,112.0,128.0,113.0,97.0,83.0,38.0,45.0,12.0,10.0,3.0,0.0,134.0,112.0,131.0,123.0,114.0,130.0,111.0,129.0,113.0,120.0,125.0,110.0,0.2071097372488408,0.35857805255023184,0.43431221020092736,0.2706611570247934,0.3236914600550964,0.4056473829201102,0.01563663440059568,0.005956813104988831,0.00967982129560685,0.011913626209977662,0.01563663440059568,0.01712583767684289,0.0014892032762472078,0.004467609828741623,0.0022338049143708115,0.006701414743112435,0.04765450483991065,0.00967982129560685,0.04393149664929263,0.0052122114668652275,0.014892032762472078,0.023827252419955324,0.010424422933730455,0.007446016381236039,0.0037230081906180195,0.0029784065524944155,0.0029784065524944155,0.026061057334326135,0.005956813104988831,0.029784065524944156,0.014892032762472078,0.012658227848101266,0.023827252419955324,0.05212211466865227,0.0014892032762472078,0.03276247207743857,0.02308265078183172,0.011169024571854059,0.11317944899478778,0.0014892032762472078,0.04616530156366344,0.022338049143708117,0.03052866716306776,0.058078927773641105,0.06254653760238273,0.01340282948622487,0.03723008190618019,0.0193596425912137,0.006701414743112435,0.04318689501116903,0.004467609828741623,0.018615040953090096,0.0052122114668652275,0.008190618019359643,0.010424422933730455,0.0014892032762472078,1.0,0.002542181271834093,0.011643822539030487,0.01704236041985719,0.01850866153911761,-0.014243293048060608,-0.014730681180742973,-0.01818378605604509,0.02895932954907431,-0.03187511814122745,-0.01085172229312305,0.004954028468872367,-0.007472112420921057,-0.06328261503300811,-0.012459850284645722,-0.029825128373535365,0.028780953056687757,0.024631003957898433,-0.017234373099017132,-0.0195831245265914,-0.014591483863661263,-0.010268106127944616,0.011255340903690325,0.03713355207681038,-0.034055658950968126,-0.010819815168628455,0.02948643056549784,-0.0034592240295746573,0.0335314983358364,-0.025099189510290783,0.024570621286550957,0.018800475392801642,0.025641968231299436,-0.00528483043631253,0.026790946980779193,0.027778764140074894,0.028375332243682893,0.016473506788943233,0.003608560350491483,-0.0048488843997977855,-0.03515555263913773,1.0,0.0025440755946894112,0.011654791531945232,0.017023965710384864,0.018353604230855802,-0.014784494726972769,-0.015465488345419791,-0.018529912493579086,0.02976276660402146,-0.030790429406216735,-0.010497035938984992,0.005014982492077409,-0.008077304065483864,-0.062375254017804374,-0.012294192430172187,-0.028890247086528282,0.029990500297183555,0.029750725586032027,-0.019117582894065423,-0.0242315738319547,-0.01934585097274592,-0.007536529294344159,0.010709216544465001,0.04105730646019032,-0.03790058369629947,-0.015241240682883897,0.027327253801380125,-0.005812428398439809,0.03252593157786234,-0.0231416414208578,0.02540825977623224,0.01629394182473301,0.028289001884020733,-0.011026107327342629,0.01993346653476561,0.03406315772986036,0.033492222559932644,0.019145154903374928,-0.0013011262901132868,-0.009820863998035185,-0.037256698481767866
3.4481308934872326,0.6252019603556116,0.8808637379002234,1.0,110.0,117.0,118.0,100.0,90.0,16.0,31.0,7.0,12.0,2.0,0.0,134.0,111.0,123.0,121.0,114.0,127.0,95.0,119.0,112.0,113.0,114.0,111.0,0.20198675496688742,0.3923841059602649,0.4056291390728477,0.27259684361549497,0.3299856527977044,0.39741750358680056,0.01712583767684289,0.007446016381236039,0.02084884586746091,0.010424422933730455,0.011913626209977662,0.014147431124348473,0.0007446016381236039,0.008935219657483246,0.0029784065524944155,0.0029784065524944155,0.03276247207743857,0.011913626209977662,0.03648548026805659,0.005956813104988831,0.020104244229337303,0.022338049143708117,0.012658227848101266,0.0022338049143708115,0.006701414743112435,0.0022338049143708115,0.004467609828741623,0.01563663440059568,0.0029784065524944155,0.02680565897244974,0.00967982129560685,0.011169024571854059,0.03648548026805659,0.04318689501116903,0.0014892032762472078,0.03276247207743857,0.028294862248696945,0.011169024571854059,0.11094564408041697,0.0029784065524944155,0.0573343261355175,0.022338049143708117,0.03648548026805659,0.06105733432613552,0.07892777364110201,0.008190618019359643,0.03052866716306776,0.020104244229337303,0.007446016381236039,0.049143708116157855,0.0014892032762472078,0.014892032762472078,0.0022338049143708115,0.01340282948622487,0.005956813104988831,0.0014892032762472078,1.0,0.04075280331263931,0.03810998350281279,-0.013419491966598737,-0.03356101821963116,0.0003013325990807894,-0.008416402480711013,-0.017821441629648837,0.05219499646151316,0.029054928250160185,0.018480686565532038,0.03446571964450753,0.0023999709153652285,0.013129000975802009,-0.03588737597326036,0.023152703583033507,0.034993849915146126,-0.015822850761064707,-0.0043623878492351715,0.019752242635057336,-0.027767664428751965,0.009942769272095586,0.0117351082348608,0.0347073277000679,0.05135849042676403,0.035323868729189266,0.017742587029454342,0.003584659490569884,-0.01862368647450005,-0.02903177066743096,0.007729436559002308,0.005792203210912623,0.054805108966130264,0.007298618530934606,-0.015795013238050083,-0.05215305153388709,0.03960216206713826,-0.0032800309096898362,-0.0041816853801348855,-0.008430532283000303,-0.020282865861147015,1.0,0.04078317052822249,0.03656437097188914,-0.016489832254354044,-0.03398357000341831,0.004125818713305315,-0.006267344186745528,-0.01856085650807464,0.053687308732051485,0.02659806045262094,0.011322783410002875,0.03199931432789838,0.0030849174718981273,0.012178192452029727,-0.03558309548198003,0.030087315702297758,0.03530827469221578,-0.023222146852866565,-0.008244405848391503,0.021570917368486833,-0.030564772023383847,0.005495833304801755,0.017847251992676325,0.03438296683675217,0.04123224172567734,0.033115079575543875,0.013829699231007908,-0.0005279685025057325,-0.015421702447659138,-0.023590760764569334,0.01435603905224215,0.0030975207077172788,0.047196991347981124,-0.0008458568393683023,-0.030583240830034435,-0.05803689622427861,0.05120487963403913,-0.0012823215320244157,-0.009826357660225549,-0.007233389148900639,-0.02409861286129365
3.4983046391484574,0.6481126491532918,0.8868205510052122,2.0,104.0,125.0,118.0,86.0,79.0,37.0,40.0,18.0,20.0,19.0,2.0,134.0,109.0,128.0,122.0,113.0,126.0,98.0,125.0,112.0,115.0,125.0,108.0,0.18615384615384614,0.3723076923076923,0.44153846153846155,0.27208480565371024,0.3265017667844523,0.40141342756183745,0.01563663440059568,0.004467609828741623,0.011169024571854059,0.011169024571854059,0.014147431124348473,0.011913626209977662,0.0014892032762472078,0.005956813104988831,0.005956813104988831,0.004467609828741623,0.034996276991809384,0.011913626209977662,0.03648548026805659,0.007446016381236039,0.018615040953090096,0.02084884586746091,0.014892032762472078,0.0029784065524944155,0.007446016381236039,0.0037230081906180195,0.0029784065524944155,0.02680565897244974,0.0029784065524944155,0.03127326880119136,0.011169024571854059,0.012658227848101266,0.029784065524944156,0.044676098287416234,0.0052122114668652275,0.03425167535368578,0.027550260610573342,0.012658227848101266,0.11169024571854058,0.0037230081906180195,0.04988830975428146,0.028294862248696945,0.0387192851824274,0.05658972449739389,0.05658972449739389,0.007446016381236039,0.03723008190618019,0.029039463886820552,0.00967982129560685,0.04765450483991065,0.005956813104988831,0.012658227848101266,0.0022338049143708115,0.006701414743112435,0.006701414743112435,0.0014892032762472078,1.0,-0.012523323568154759,-0.022953260178790274,0.006244792151876643,0.03287932889089941,-0.026410704159773965,0.007389711744026407,-0.007263245122843453,-0.004820808227207226,-0.004297986177056203,-0.010911071878557272,-0.007995449657434244,-0.01071370239318098,-0.013768818354786213,0.008925320128077386,0.022576938830426007,0.007720596372203714,-0.026987749642676948,-0.011424349460374662,0.009325698473217962,-0.030450122340509426,-0.017913239383391528,-0.000908458765060613,-0.03517932731116174,0.01604774217476574,0.03194222162600756,-0.0237481693204623,0.01112839516362531,-0.032395717981167554,0.0014696169790698954,-0.011962554373868964,0.03194050205830761,-0.007543273276793717,-0.022248387117720318,0.009813613971016055,-0.03471322064270673,0.011595518409943132,0.0197561759387022,-0.0028670323842693367,0.01989129028208216,0.008387302013109218,1.0,-0.012532655403898545,-0.023148196508724336,0.005677835195115045,0.03262134627383703,-0.025441681507347092,0.008243557536193526,-0.008693069247250593,-0.005463356082048466,-0.003211378165772387,-0.012437140951459662,-0.007538720417133903,-0.011652668580249204,-0.0143285065573028,0.008874844263274421,0.022483302587916254,0.009390555242841735,-0.02606537886642032,-0.01358831034603348,0.006735895164224551,-0.03114569806536304,-0.016982744209291214,-0.003530852177051414,-0.03731954132957985,0.01796395081792303,0.03096035576762597,-0.02234015539949146,0.014470826249668105,-0.038027427576108656,-0.000526707892647115,-0.014133146865237478,0.029332037987995434,-0.003392146814638432,-0.025040546193116624,0.009760324570344871,-0.03923873682674359,0.014971560563166545,0.020343915661853968,-0.00409018090222712,0.02323910368348206,0.0007749216960921229
3.460114644913734,0.6213261195549242,0.885331347728965,8.0,98.0,121.0,114.0,86.0,111.0,18.0,48.0,16.0,24.0,9.0,6.0,134.0,102.0,124.0,122.0,110.0,126.0,95.0,127.0,111.0,113.0,121.0,99.0,0.2534142640364188,0.36418816388467373,0.38239757207890746,0.2796242774566474,0.32947976878612717,0.3908959537572254,0.014147431124348473,0.004467609828741623,0.011913626209977662,0.008935219657483246,0.01340282948622487,0.012658227848101266,0.0029784065524944155,0.008190618019359643,0.005956813104988831,0.0022338049143708115,0.03201787043931496,0.011169024571854059,0.03425167535368578,0.0052122114668652275,0.024571854058078928,0.027550260610573342,0.006701414743112435,0.0029784065524944155,0.00967982129560685,0.0052122114668652275,0.0052122114668652275,0.03425167535368578,0.006701414743112435,0.027550260610573342,0.012658227848101266,0.010424422933730455,0.03201787043931496,0.04616530156366344,0.0037230081906180195,0.03350707371556218,0.02680565897244974,0.008935219657483246,0.10424422933730454,0.0037230081906180195,0.05956813104988831,0.01712583767684289,0.039463886820551006,0.06701414743112435,0.06775874906924795,0.005956813104988831,0.035740878629932984,0.01563663440059568,0.00967982129560685,0.04765450483991065,0.0007446016381236039,0.016381236038719285,0.0007446016381236039,0.010424422933730455,0.005956813104988831,0.0,1.0,0.017351865511762776,0.013222463586752983,0.02076364796648301,0.006806135893140984,0.009548481564381239,-0.018724907136061085,0.04462369011035117,0.03668888724699647,-0.005805832211486106,0.03836017251978148,0.0014988323687123875,-0.021128023659521558,0.012032399158614121,-0.016146980149071816,0.015665090274404297,0.02418516616016577,0.04775829851818939,-0.012009691058878494,0.02939441408503374,-0.0025201620962699684,0.029528206748264587,-0.01531545804692809,0.03115080841238371,-0.004815046138950371,0.027685026057922484,-0.002058201065681808,-0.02723052081058843,0.01231840079844601,-0.01908093513816865,-0.01321308821708081,-0.029016476284610362,0.0011723267246380867,-0.02373393955506598,-0.015401303965309096,-0.01915896012972272,-0.015617730143043306,-0.004108046333296712,-0.0059997829731891295,-0.005233340932293076,0.00148426183131902,1.0,0.017364795366838614,0.012944551021921142,0.020367936543037205,0.00596005923388408,0.008845487082132474,-0.019722955679268836,0.04507268802629605,0.03553961197339773,-0.007545732325979703,0.03643551086850234,-0.00121454320824921,-0.02373965171410496,0.012755111348988313,-0.017179921449570784,0.01289537311985966,0.02525376708850916,0.04550507032930944,-0.01870881892957865,0.031681895762034375,-0.007232345829297712,0.030087184865079764,-0.015557829705474787,0.029683724290246176,-0.013077539210039435,0.02799355208118532,-0.008548431773035395,-0.031213461592451128,0.011459541896091718,-0.01912044479849652,-0.014953001910677843,-0.02900331002501136,-1.8958649344945195e-05,-0.028255138809585478,-0.012587459120715358,-0.01751276369223072,-0.019322029191919148,0.004309366244101409,-0.007586747181547809,-0.0008612434378695264,-0.0002335546481933424
3.4920123852515172,0.6312315686966004,0.8868205510052122,4.0,89.0,123.0,110.0,75.0,90.0,17.0,50.0,4.0,18.0,5.0,0.0,134.0,102.0,129.0,119.0,113.0,124.0,65.0,118.0,107.0,101.0,109.0,80.0,0.24615384615384617,0.35384615384615387,0.4,0.2890084550345888,0.3382013835511145,0.3727901614142967,0.018615040953090096,0.006701414743112435,0.014892032762472078,0.01563663440059568,0.02084884586746091,0.011913626209977662,0.0007446016381236039,0.007446016381236039,0.0022338049143708115,0.004467609828741623,0.03648548026805659,0.011913626209977662,0.040208488458674606,0.0052122114668652275,0.014892032762472078,0.021593447505584513,0.01563663440059568,0.0022338049143708115,0.008935219657483246,0.0052122114668652275,0.0037230081906180195,0.02308265078183172,0.0022338049143708115,0.02531645569620253,0.012658227848101266,0.01712583767684289,0.034996276991809384,0.039463886820551006,0.0022338049143708115,0.028294862248696945,0.01563663440059568,0.012658227848101266,0.10349962769918093,0.0022338049143708115,0.04095309009679821,0.020104244229337303,0.0379746835443038,0.06701414743112435,0.06329113924050633,0.008190618019359643,0.04244229337304542,0.0193596425912137,0.011169024571854059,0.05584512285927029,0.0037230081906180195,0.017870439314966492,0.0022338049143708115,0.00967982129560685,0.011169024571854059,0.0,1.0,0.09642098160395358,-0.009627280902816506,0.01886674114301293,0.062298562654801624,0.027570204469870754,0.022701595869319236,0.03792378076636642,0.007789980809295434,0.020419464591224113,0.07200129366756407,0.06392921449012631,0.04006933649715466,0.0037989444942106176,-0.03540326021226447,0.037764727243023995,0.04291286105989954,0.05099295739579029,-0.019062974578312197,0.04393524100926797,0.05306033992093915,0.04863868179030878,-0.0007933707930149272,0.04160395784054113,0.01651569746578673,0.004444175217517801,-0.012634624303759714,0.019250259222543045,-0.002379451339979044,-0.002500537276656122,0.0342499178616092,0.06822778871561941,-0.0030596576318965116,-0.0263687121437073,0.042381083829041474,0.04703190655966672,0.07536384803860703,0.0080811646249629,-0.038762477784844686,-0.028728762095398475,0.006045296082307545,1.0,0.0964928303234796,-0.019130628289746272,0.0219150901102959,0.05889510525509313,0.01666035536678168,0.020317232359177338,0.03308040545705681,-0.002624782571388567,0.01830056101153312,0.06606210228491036,0.047876923774235886,0.03054987993813391,-0.005858152136686069,-0.046526389342207326,0.03586814261481408,0.026497081149520714,0.0412555129087455,-0.028323854875356578,0.043688625868379065,0.034821113037325234,0.03207034596827625,-0.017288956267842475,0.036011031100425174,0.0039220763884333845,-0.0014165505532308892,-0.024838921411735455,0.004723647362802664,-0.016705972036399404,-0.004237818212126024,0.027624897679593943,0.05526734982262404,-0.025292429796252167,-0.0258563602309452,0.040197094916634445,0.033048708488811404,0.06531842156817562,-0.0030378063616574125,-0.0503875466372226,-0.031269010349727025,-0.013406839379211619
3.508635842143585,0.6305888938304791,0.8823529411764706,1.0,110.0,121.0,116.0,78.0,86.0,46.0,34.0,19.0,8.0,8.0,8.0,134.0,111.0,127.0,121.0,121.0,123.0,109.0,127.0,114.0,111.0,113.0,110.0,0.19055118110236222,0.3480314960629921,0.46141732283464565,0.27023223082336384,0.3286418015482055,0.40112596762843067,0.017870439314966492,0.006701414743112435,0.016381236038719285,0.01563663440059568,0.011913626209977662,0.01712583767684289,0.0037230081906180195,0.0052122114668652275,0.0014892032762472078,0.0014892032762472078,0.03350707371556218,0.012658227848101266,0.03723008190618019,0.0052122114668652275,0.018615040953090096,0.021593447505584513,0.011913626209977662,0.008190618019359643,0.011169024571854059,0.0029784065524944155,0.0037230081906180195,0.026061057334326135,0.0052122114668652275,0.027550260610573342,0.014892032762472078,0.014147431124348473,0.0193596425912137,0.04095309009679821,0.005956813104988831,0.035740878629932984,0.020104244229337303,0.01340282948622487,0.10722263588979895,0.0022338049143708115,0.06031273268801191,0.02680565897244974,0.04169769173492182,0.06329113924050633,0.06850335070737155,0.008190618019359643,0.03276247207743857,0.024571854058078928,0.004467609828741623,0.028294862248696945,0.0037230081906180195,0.01340282948622487,0.0029784065524944155,0.011169024571854059,0.008935219657483246,0.0037230081906180195,1.0,0.07335846998820907,0.03076622374387755,-0.014236148022824673,0.012146520637485402,0.0451406077459542,0.003316669725520959,0.05066414222765888,-0.020183073756070476,0.009725470358405888,0.017729853349466536,0.07021197428493166,0.032005380919050974,0.011085159079297219,-0.004719393397293288,0.009390741297303435,0.00261968825301786,0.03087206430733806,0.014662141131969862,0.009237667391441932,0.017337288348365558,-0.014025464337982291,-0.02569461116593508,-0.015217918022137605,0.036387030262105706,0.003951123108955704,-0.010278205614165096,0.013000370753490371,0.00598304962252658,-0.04065144403800061,0.06735120123360339,0.0060367769837583385,-0.031155678859232924,-0.00542388561401901,-0.035664237429177355,0.01449846381394357,-0.007725904155910759,0.03427981212459643,0.025335894475452616,0.018632198346529488,-0.025771721112102634,1.0,0.07341313352769355,0.025560378420778587,-0.01846016954070172,0.013825363254071403,0.04468515285266996,-0.004185481171697022,0.049195837970845376,-0.026276227300275474,0.009366433809368847,0.01783751665406327,0.06662192177890436,0.018091107032587886,0.00667103263162671,-0.008887523352089048,0.010735333586327556,-0.005838044683260377,0.028238179012661683,0.004606344227489938,0.007508158122777879,0.015274166206109305,-0.01848024300942728,-0.03444108927109342,-0.013419372415539843,0.035258206150594884,-0.0015089175173802214,-0.013034748620566637,0.016683809589607752,0.0029942702409129747,-0.048522243256935896,0.07557259083433816,-0.006634079610625959,-0.0365521029468059,0.008672592537160328,-0.03283176777785596,0.007335219934351949,-0.003223130984319421,0.02867866273850198,0.026654952247288966,0.019676398437657488,-0.0284429227163447
3.4590557157249533,0.5988125744847143,0.8816083395383469,17.0,101.0,127.0,105.0,74.0,82.0,7.0,48.0,18.0,9.0,16.0,20.0,134.0,112.0,131.0,125.0,121.0,130.0,35.0,127.0,115.0,116.0,117.0,113.0,0.23557692307692307,0.3301282051282051,0.4342948717948718,0.28415697674418605,0.34665697674418605,0.3691860465116279,0.014892032762472078,0.0022338049143708115,0.01563663440059568,0.016381236038719285,0.017870439314966492,0.012658227848101266,0.0007446016381236039,0.007446016381236039,0.0037230081906180195,0.0029784065524944155,0.035740878629932984,0.00967982129560685,0.039463886820551006,0.0052122114668652275,0.022338049143708117,0.022338049143708117,0.014147431124348473,0.0014892032762472078,0.01712583767684289,0.0029784065524944155,0.0029784065524944155,0.03052866716306776,0.0052122114668652275,0.04318689501116903,0.008190618019359643,0.00967982129560685,0.035740878629932984,0.04616530156366344,0.0022338049143708115,0.044676098287416234,0.016381236038719285,0.007446016381236039,0.10349962769918093,0.0052122114668652275,0.05212211466865227,0.022338049143708117,0.03276247207743857,0.058078927773641105,0.058823529411764705,0.005956813104988831,0.045420699925539834,0.01712583767684289,0.0052122114668652275,0.04244229337304542,0.0022338049143708115,0.016381236038719285,0.0029784065524944155,0.0029784065524944155,0.007446016381236039,0.0014892032762472078,1.0,0.07080961994403981,-0.012458462856907564,-0.023444312257969554,0.05033258271431773,0.028509214175566445,0.0060481731716853695,0.033309526872384324,-0.00018457470657815402,0.0004644283422544929,0.028911730466879695,0.011882833456730612,0.00013422120988359785,-0.010979133432031867,-0.050676954845461676,-0.022471207203191356,-0.019614477344854015,-0.004654057397774482,-0.028071607099350283,0.011175074309111651,-0.03525561073199071,0.02662773677973275,-0.03278811522533276,-0.007833883481988524,0.03264292335474777,-0.00968464347136099,0.009430646140578956,-0.04159331460902707,-0.017048656847809773,-0.013901592953499834,0.03786994136523617,0.0024683025053289626,0.07129645185838582,0.04039271728881819,-0.021664468968331227,-0.0066437428668939735,0.040754874848360594,-0.013007132814722076,-0.009681534198204734,-0.013469964352891954,-0.061635038709178976,1.0,0.07086238419139006,-0.017586833091113686,-0.021465245120043296,0.05380072526038484,0.02063000635541574,0.003394934242089864,0.036305280794899183,-0.006547861308878085,-0.00048304400924701604,0.03016345971313303,0.0038349713963444546,-0.001670793639577381,-0.009253369198010017,-0.054188121444073464,-0.01785633150614663,-0.01954692747200273,-0.006580730605874114,-0.024139542467160765,0.01890419272187477,-0.03653234969774655,0.036536223753806475,-0.034362747469742674,-0.002619389717967093,0.04218231633110982,-0.01518658896797944,0.01467762999732512,-0.03856886354018825,-0.019672671423339196,-0.013307333507456453,0.03793045695616694,-0.007139168210321243,0.07927941322439078,0.03560172291921032,-0.032921102600941624,0.004488061684145964,0.03228449191873754,-0.02937248301241798,-0.0021098568808861806,-0.012013424479027784,-0.07777126060491107
3.4625369623687723,0.6143625358561791,0.885331347728965,25.0,104.0,119.0,113.0,93.0,91.0,27.0,38.0,17.0,12.0,29.0,3.0,134.0,116.0,127.0,125.0,125.0,128.0,73.0,128.0,119.0,123.0,119.0,103.0,0.22950819672131148,0.3502235469448584,0.4202682563338301,0.2746478873239437,0.3464788732394366,0.3788732394366197,0.01340282948622487,0.011913626209977662,0.011913626209977662,0.011913626209977662,0.01340282948622487,0.014147431124348473,0.0007446016381236039,0.008935219657483246,0.0022338049143708115,0.0014892032762472078,0.039463886820551006,0.0052122114668652275,0.034996276991809384,0.005956813104988831,0.021593447505584513,0.022338049143708117,0.018615040953090096,0.0037230081906180195,0.008935219657483246,0.0029784065524944155,0.0037230081906180195,0.028294862248696945,0.0014892032762472078,0.034996276991809384,0.007446016381236039,0.014892032762472078,0.03350707371556218,0.04169769173492182,0.0022338049143708115,0.04095309009679821,0.03052866716306776,0.011169024571854059,0.10052122114668652,0.0014892032762472078,0.06031273268801191,0.02084884586746091,0.04616530156366344,0.05658972449739389,0.06105733432613552,0.005956813104988831,0.03350707371556218,0.016381236038719285,0.0052122114668652275,0.04616530156366344,0.0014892032762472078,0.011913626209977662,0.0052122114668652275,0.010424422933730455,0.011913626209977662,0.0,1.0,0.03303653523545839,0.02685276722942337,-0.02162830962021155,-0.03981491583372963,0.01788432656203727,-0.011762125449704829,-0.01906705889457897,0.035546119750477986,-0.000581578781177083,0.010349917939647846,0.019732108178582678,0.021762358697383178,0.022376571405044753,-0.024061612097776408,0.028324556012067237,0.021617423136998114,0.012422213271129013,-0.02527870165505388,-0.04550740990743988,-0.007916155786487663,-0.05472271330868666,0.00665838876079907,0.06844318511256234,0.034503173765965525,-0.006477420897845216,0.023800844472917942,-0.020403389810113935,0.009015800622973743,-0.016372713324149586,0.022327948330517253,-0.024645357946462505,-0.033872372185417075,-5.256931349356937e-05,0.03500842024205655,0.016642329870582492,0.021477484669019054,0.01691841151834849,0.016490130312828352,0.004893080506412467,0.013199343295662221,1.0,0.033061152623860356,0.025828007326741606,-0.023438015288662337,-0.0392531731052615,0.02180085809647965,-0.011469431290119103,-0.021363679504534373,0.037217281333841855,-0.00077637277445157,0.006175253933267071,0.020044875263976997,0.023861176925028163,0.018401048460008045,-0.025105597380949248,0.03315772140467041,0.022192541196405697,0.009741840430079033,-0.028462004878662028,-0.040888480334553036,-0.004094751432442301,-0.05689726698482589,0.009010529009356028,0.06845133597908111,0.02686227156139509,-0.020026000178861057,0.029293273467836584,-0.014916076707726867,0.002505182603704388,-0.0099030117977369,0.03189407678863745,-0.029569988274588628,-0.03603590509194238,0.005949375543202897,0.04009259455148327,0.006275882908911614,0.017416605293173307,0.023920262716347167,0.011089967360017201,-0.007110062751331946,0.013984891742099171
3.4842422997973066,0.6206410053753084,0.8845867460908414,4.0,99.0,118.0,117.0,79.0,68.0,45.0,37.0,22.0,6.0,3.0,0.0,134.0,100.0,129.0,123.0,119.0,127.0,96.0,127.0,101.0,103.0,115.0,101.0,0.18227424749163879,0.3745819397993311,0.4431438127090301,0.2821818181818182,0.32436363636363635,0.39345454545454545,0.014147431124348473,0.010424422933730455,0.017870439314966492,0.011913626209977662,0.011913626209977662,0.014147431124348473,0.0022338049143708115,0.0022338049143708115,0.0029784065524944155,0.0022338049143708115,0.0379746835443038,0.011913626209977662,0.03127326880119136,0.008935219657483246,0.0193596425912137,0.014147431124348473,0.01340282948622487,0.0022338049143708115,0.00967982129560685,0.008190618019359643,0.004467609828741623,0.022338049143708117,0.0029784065524944155,0.016381236038719285,0.01712583767684289,0.008190618019359643,0.026061057334326135,0.04765450483991065,0.0052122114668652275,0.03201787043931496,0.03350707371556218,0.011913626209977662,0.0975428145941921,0.0022338049143708115,0.05286671630677588,0.02680565897244974,0.034996276991809384,0.0573343261355175,0.0781831720029784,0.011169024571854059,0.04765450483991065,0.022338049143708117,0.006701414743112435,0.04690990320178704,0.0014892032762472078,0.016381236038719285,0.0,0.008190618019359643,0.011913626209977662,0.0022338049143708115,1.0,0.01416226094124559,0.04866401086919542,0.052150710685072425,-0.01813009203369343,0.04093985448747157,0.025800884170565003,0.05208736600637881,0.07288622277001126,0.04216719385489812,0.03716481977398236,0.07220194402961752,0.07237193591174504,-0.014797031767807028,0.0420483789599356,0.030968107049669645,0.05882708107325441,0.05454795940871776,-0.005244647764150069,0.030482128083878828,0.04297578187665533,0.054240348638256566,0.060794161399045955,0.06521599273671819,0.05245716320651486,0.05955844970863943,-0.02655993700304514,0.04408893558483405,0.04328483025855194,0.025978967948750237,0.008850224031084666,0.010881184856795673,0.0762411061233044,-0.02592285041489655,0.055958893620216256,0.022136519456100182,0.014503099853851493,-0.02548309386131778,0.039350861068451155,-0.00927470062250196,0.04291227100788652,1.0,0.014172814041797922,0.04854547216401393,0.05105278240854359,-0.02192856020020276,0.03677524950448583,0.024392767682943593,0.05046062614894481,0.06607976060033854,0.035997014789601545,0.025556810286190522,0.0637429333634451,0.06636177226236366,-0.029581721618959674,0.025002909810930427,0.02058452991817767,0.04967603978062382,0.03500929281528699,-0.02338962624393682,0.005982296029437106,0.030154344983125688,0.046567833283968046,0.04035813839562286,0.044037926130294044,0.03375393201061306,0.046499363650303355,-0.0483048821251884,0.023441134010311504,0.022228443903847404,0.012890534841222635,-0.018693907176487657,-0.01811748647193063,0.05300232521582133,-0.05113583759585451,0.037210803553770364,-0.00016059989847389263,-0.0031018405692880536,-0.05408976004339141,0.034975420395459034,-0.0380362458140355,0.027895650424155368
3.4574472721855773,0.601430141431708,0.8793745346239762,9.0,94.0,122.0,117.0,90.0,87.0,19.0,47.0,18.0,6.0,13.0,1.0,134.0,107.0,127.0,126.0,112.0,128.0,39.0,121.0,113.0,110.0,117.0,93.0,0.22953451043338685,0.3707865168539326,0.3996789727126806,0.2886209495101733,0.3474001507159005,0.36397889977392617,0.012658227848101266,0.0037230081906180195,0.014892032762472078,0.012658227848101266,0.011913626209977662,0.01340282948622487,0.0037230081906180195,0.011169024571854059,0.0037230081906180195,0.0007446016381236039,0.04095309009679821,0.014147431124348473,0.03127326880119136,0.0022338049143708115,0.023827252419955324,0.027550260610573342,0.014892032762472078,0.0014892032762472078,0.007446016381236039,0.0052122114668652275,0.0022338049143708115,0.03425167535368578,0.0014892032762472078,0.034996276991809384,0.011913626209977662,0.014147431124348473,0.029784065524944156,0.045420699925539834,0.0029784065524944155,0.04393149664929263,0.021593447505584513,0.014892032762472078,0.10126582278481013,0.0014892032762472078,0.04690990320178704,0.012658227848101266,0.04169769173492182,0.07371556217423679,0.054355919583023084,0.008190618019359643,0.0387192851824274,0.016381236038719285,0.0052122114668652275,0.04839910647803425,0.0014892032762472078,0.01340282948622487,0.0037230081906180195,0.008190618019359643,0.007446016381236039,0.0014892032762472078,1.0,0.05934819769061434,0.04050578997743786,0.0012804488833288825,0.10026941387436097,0.005100323028919342,-0.04503360954207531,0.017706437656537777,0.021942003929769627,-0.020303610962079947,-0.04683001212032033,0.0012050040901852431,-0.018955983803836996,0.010719162126013872,0.0009263176494476473,-0.031873471394638024,0.024401679889119687,0.02127066739621371,-0.03868756172548218,-0.07527149551935636,-0.029360039676000614,0.005034877950999097,-0.027582917839851066,0.004058356455740266,-0.02501000390559183,0.021669478732779805,-0.028024044426554203,0.02303385908233388,0.015715051063209477,0.036050720517572306,-0.008828322958609958,0.0043647183483245845,-0.008829254820010022,0.01987272022056656,-0.03270382083440527,-0.05885397527823535,0.0006182725972958043,-0.00895781466977973,-0.04969379997087643,-0.005370099168352381,-0.00851098767810728,1.0,0.059392421384869616,0.037169856751770945,-0.003260050784639461,0.0996634492305844,-0.006369234393369367,-0.053370993317325484,0.024756213862217075,0.01358613575644112,-0.025256648910433284,-0.036311729528409234,0.004209338233909196,-0.023011524037496844,0.01922508672903012,0.011083172466970253,-0.03878158128673728,0.029836245153194895,0.022055153061382844,-0.04832463703834193,-0.06695742043740985,-0.023671294356926678,0.004038337904188833,-0.017222177232775568,0.025301848812088953,-0.02822835479072867,0.015824184612640634,-0.017856141798713157,0.024406740112580552,0.014433841182667035,0.026221631564178526,-0.016875396854009832,-7.934047224343495e-05,-0.012154810615478028,0.016412345185112222,-0.037615284505009595,-0.052791856772402536,0.011049402876863033,-0.011729561531647779,-0.05134204872483577,0.01365259413313062,-0.010523020829576742
3.4438003723368875,0.5976599027906169,0.885331347728965,12.0,108.0,126.0,100.0,94.0,98.0,20.0,46.0,23.0,19.0,19.0,11.0,134.0,113.0,131.0,126.0,115.0,130.0,75.0,129.0,117.0,117.0,123.0,107.0,0.23076923076923078,0.34911242603550297,0.42011834319526625,0.2773465067043049,0.3352152434721242,0.38743824982357095,0.008190618019359643,0.008935219657483246,0.016381236038719285,0.014892032762472078,0.008190618019359643,0.008190618019359643,0.0014892032762472078,0.011169024571854059,0.004467609828741623,0.0037230081906180195,0.05212211466865227,0.01340282948622487,0.03276247207743857,0.0029784065524944155,0.02308265078183172,0.021593447505584513,0.01712583767684289,0.0007446016381236039,0.005956813104988831,0.0037230081906180195,0.0014892032762472078,0.017870439314966492,0.004467609828741623,0.03052866716306776,0.012658227848101266,0.01340282948622487,0.03276247207743857,0.04616530156366344,0.0052122114668652275,0.03201787043931496,0.02308265078183172,0.014147431124348473,0.114668652271035,0.0029784065524944155,0.055100521221146684,0.02084884586746091,0.03723008190618019,0.058078927773641105,0.06924795234549516,0.004467609828741623,0.03425167535368578,0.014147431124348473,0.006701414743112435,0.04839910647803425,0.0022338049143708115,0.02084884586746091,0.0029784065524944155,0.007446016381236039,0.005956813104988831,0.0014892032762472078,1.0,0.011765551936468586,-0.01135677692352962,0.0026176578351315154,-0.016499749048512972,0.012515720509570012,-0.026990283936520264,-0.01145177021473969,-0.00394610082932349,-0.04141739087567197,-0.004156997581573734,-0.011466906361295858,-0.0009696008671173538,0.043829102077497725,-0.04112285812917876,0.01298137704748659,-0.03128216422776975,-0.045701676656420775,0.014077043977868672,0.015584107556655605,-0.022557683329127574,0.039052449463154115,-0.030693084679551078,-0.02529551942379823,-0.02828886424722594,0.010941736623484176,0.047847818260374646,-0.0032772397669864196,-4.804212247628147e-06,-0.014807709242960095,-0.023872203611815603,0.04161219840275913,-0.013807004816136444,0.04211944236505835,-0.009873179558954748,-0.026571210454111493,-0.0015927576606115771,0.009818482618649219,-0.016890637105152453,-0.002883525939364857,-1.6743128111831164e-05,1.0,0.011774319113768472,-0.011513945518435011,0.002895331976732718,-0.0167504940761484,0.013031477494446714,-0.027834344462581113,-0.010452420171765233,-0.004715450644056193,-0.04132282232590842,-0.004328320019946387,-0.01216590832438126,-0.0012185501208199308,0.042250138406612764,-0.042234599874545864,0.012740483112820208,-0.034408914547360704,-0.044910453842230885,0.010264412644595836,0.017721365433105308,-0.026703018361425076,0.0405792738042768,-0.03063858207424878,-0.03007680901848327,-0.02937300704147122,0.010268087457517878,0.04008116469798245,0.0011951019135745377,-0.002920668892077007,-0.014002361131556732,-0.022161994686149253,0.035421141896379085,-0.015578193479380545,0.04343755482763069,-0.019303405912220274,-0.013842557585140369,-0.005748125009724935,0.014629551670281273,-0.02163313833828205,-0.007720974652871079,-4.674750115925373e-05
3.4318770129580525,0.6124486729440605,0.8830975428145942,4.0,92.0,118.0,107.0,71.0,72.0,24.0,60.0,22.0,5.0,9.0,2.0,134.0,99.0,124.0,119.0,105.0,125.0,73.0,114.0,107.0,107.0,107.0,82.0,0.23208191126279865,0.34982935153583616,0.4180887372013652,0.28780864197530864,0.33796296296296297,0.3742283950617284,0.011913626209977662,0.0037230081906180195,0.014147431124348473,0.012658227848101266,0.008190618019359643,0.01712583767684289,0.0007446016381236039,0.0052122114668652275,0.004467609828741623,0.0037230081906180195,0.04169769173492182,0.014892032762472078,0.03425167535368578,0.005956813104988831,0.016381236038719285,0.018615040953090096,0.007446016381236039,0.0014892032762472078,0.00967982129560685,0.006701414743112435,0.0022338049143708115,0.03052866716306776,0.006701414743112435,0.029784065524944156,0.014892032762472078,0.01340282948622487,0.02084884586746091,0.05286671630677588,0.0007446016381236039,0.026061057334326135,0.018615040953090096,0.010424422933730455,0.1154132539091586,0.004467609828741623,0.055100521221146684,0.02084884586746091,0.039463886820551006,0.05658972449739389,0.07967237527922562,0.006701414743112435,0.0379746835443038,0.02084884586746091,0.011913626209977662,0.049143708116157855,0.0007446016381236039,0.01563663440059568,0.0014892032762472078,0.007446016381236039,0.00967982129560685,0.0007446016381236039,1.0,-0.017454611904255884,0.009888627056008665,0.006264219635803121,-0.0004063519343033394,0.0717509270559698,0.032237506344807876,0.04547212202410201,0.03467257824740281,0.047287205914916544,0.010426970826001514,-0.028714146600945803,0.07651601658261897,-0.026166038840141362,0.05868147710122083,0.025228465738335714,-0.006048221217750857,-0.012774105241919362,0.015774456690612604,0.03454334334422206,0.019186581163958313,0.09209390324085581,0.006379699493658294,0.04648583022539137,0.027823991300246088,0.017727396296084975,0.036223408387530555,0.04973639850986671,-0.007225327756428351,-0.013426673314379292,0.04801366008669692,-0.013300471046866002,0.008763170570576026,-0.00044328011873843884,-0.02936739936546203,0.03994492050641413,-0.027820092508969788,0.02919284945772733,0.04755450414815811,0.01607141958870167,0.045275221361661046,1.0,-0.01746761832147218,0.00960118699696611,0.006619911269989687,-0.00027926116802824035,0.07191229902512153,0.03504084784063048,0.04589601244688026,0.03557288727081879,0.04853234996853859,0.0067589493754409355,-0.03455607653289706,0.06849431852794075,-0.03147591383880042,0.04714370262036695,0.02022199481789485,-0.006850604525646621,-0.026296058337263485,0.014779296604333825,0.026106807861584234,0.014260329182915728,0.086799283753718,0.008486493965653638,0.04722669958662973,0.0181639294039601,0.024345551356841126,0.01666486115375261,0.04232051769153696,-0.024838499749517864,-0.028829316763560372,0.03259542900426711,-0.024496130507636597,-0.0023035977456410542,-0.02292821173330495,-0.030458020300301016,0.017899731961871144,-0.03142236040629048,0.02678220062149188,0.052899732592986484,0.01279141307922787,0.046530337787016075
3.4824525788274747,0.6289361009685781,0.8823529411764706,8.0,102.0,117.0,108.0,97.0,86.0,21.0,47.0,31.0,18.0,9.0,8.0,134.0,107.0,128.0,125.0,115.0,125.0,61.0,127.0,114.0,115.0,123.0,107.0,0.21625766871165644,0.3895705521472393,0.3941717791411043,0.279507603186097,0.3396089790007241,0.38088341781317886,0.016381236038719285,0.005956813104988831,0.012658227848101266,0.01340282948622487,0.016381236038719285,0.011169024571854059,0.0007446016381236039,0.011913626209977662,0.0037230081906180195,0.0022338049143708115,0.0379746835443038,0.01340282948622487,0.026061057334326135,0.007446016381236039,0.016381236038719285,0.021593447505584513,0.01563663440059568,0.0007446016381236039,0.011913626209977662,0.004467609828741623,0.0007446016381236039,0.02680565897244974,0.0037230081906180195,0.029039463886820552,0.012658227848101266,0.01340282948622487,0.039463886820551006,0.04616530156366344,0.0052122114668652275,0.05063291139240506,0.027550260610573342,0.014892032762472078,0.10052122114668652,0.0022338049143708115,0.0573343261355175,0.02308265078183172,0.039463886820551006,0.05956813104988831,0.06329113924050633,0.0052122114668652275,0.02531645569620253,0.014892032762472078,0.008935219657483246,0.039463886820551006,0.0,0.0193596425912137,0.0029784065524944155,0.006701414743112435,0.008935219657483246,0.0022338049143708115,1.0,0.02552231650975998,-0.0013625592665695444,0.03907852531706644,0.023127107066508,-0.004898326877496836,0.0004305854867740019,-0.0477021019795415,-0.03519738484483078,0.0013159959517705256,-0.0157604283499981,0.03136028392571748,0.05358969770997191,0.012192222351991156,-0.017839501078058855,0.023996836855314427,-0.01978274231955702,-0.014353928020337015,-0.009283695395439821,-0.019536076330236078,-0.0014080727767094808,0.004862881982896679,-0.021077745491468222,-0.005241697914906723,0.01411747371561514,-0.018306044329171788,-0.002973028915273308,-0.004075078117158953,0.022718150767229564,-0.03931869849355786,0.013924607324751807,0.007799006129349414,0.0074939253572623415,-0.008980720020380015,0.027271572579251006,0.020448806778374365,-0.011946870002972529,0.006427922915169878,0.02523322525507182,0.021914936159719907,0.02289403801548452,1.0,0.02554133462936483,-0.002018267831981074,0.03927827109270552,0.021230041213187587,-0.005881843408859,-0.0007202647166398216,-0.0498353462985411,-0.03321962253347127,0.0029988280266214857,-0.012432717701957249,0.037529997768896345,0.0537709073072024,0.010893211137006293,-0.022801162371334387,0.015805908684755045,-0.025842634377359928,-0.013606770446995061,-0.007204823847582458,-0.011323077412310492,0.006515627575311103,0.005985625057406603,-0.019259785508103096,-0.007857308737776158,0.006740649901242012,-0.0192409430885708,-0.002674800963303992,-0.006135892733866997,0.027644479931185732,-0.039023876508774265,0.015920059188875194,0.008287492519980863,0.007018166966086873,-0.010703122264627279,0.029497325886894226,0.020080053609182733,-0.016193154560857747,0.006751724431929161,0.02625268950420583,0.019020751434961954,0.024280721538190993
3.4952884699771345,0.6143537513241768,0.8883097542814594,19.0,116.0,120.0,107.0,111.0,81.0,51.0,22.0,4.0,9.0,27.0,16.0,134.0,119.0,125.0,127.0,126.0,126.0,93.0,129.0,121.0,113.0,118.0,118.0,0.17862371888726208,0.33821376281112736,0.48316251830161056,0.26846100759144237,0.3360938578329883,0.39544513457556935,0.010424422933730455,0.004467609828741623,0.014892032762472078,0.011913626209977662,0.00967982129560685,0.017870439314966492,0.0007446016381236039,0.00967982129560685,0.004467609828741623,0.0037230081906180195,0.03276247207743857,0.00967982129560685,0.03425167535368578,0.005956813104988831,0.02084884586746091,0.02084884586746091,0.01340282948622487,0.0037230081906180195,0.007446016381236039,0.0029784065524944155,0.0014892032762472078,0.03052866716306776,0.0014892032762472078,0.03127326880119136,0.014892032762472078,0.01563663440059568,0.03425167535368578,0.0379746835443038,0.0052122114668652275,0.03276247207743857,0.02308265078183172,0.01712583767684289,0.10275502606105734,0.0014892032762472078,0.04393149664929263,0.027550260610573342,0.039463886820551006,0.07222635889798958,0.06924795234549516,0.008190618019359643,0.029784065524944156,0.021593447505584513,0.006701414743112435,0.04169769173492182,0.004467609828741623,0.017870439314966492,0.0052122114668652275,0.011169024571854059,0.010424422933730455,0.0007446016381236039,1.0,0.014879396865445179,0.017147510576985145,-0.03257394486561905,0.018549471721993702,-0.02590623972850963,-0.03544973070004688,0.0673943864052998,-0.02462534455812647,0.001583377131436957,-0.008310595471755743,0.023549826138537313,-0.0133715363367695,-0.02837672651538071,0.0023357714841704437,-0.01157735051727708,0.060192972443766,-0.04406516985340184,0.02144079975852393,-0.02170242904058483,-0.005182458080597847,0.017343924180985838,-0.00476216202466587,0.04498670926572546,-0.021764572561436418,0.01628307186287169,-0.018123286153603445,0.011394533554039122,-0.05635108997428787,-0.007583795324147142,-0.016526617683210978,-0.005822112804059553,-0.013385177702945075,-0.025659077613332967,-0.005063823839488615,-0.023700482735620206,-0.014612250636084841,0.01481399926562151,0.03288076645245232,0.02457689525305874,-0.012833197527727066,1.0,0.01489048434448053,0.016955117666410547,-0.03316760830123562,0.01932659182558628,-0.025503082643317635,-0.03661999614278413,0.07129362291750943,-0.028198053228675333,-0.0013320082847691898,-0.001842569684513885,0.017438116964562846,-0.010744232563091136,-0.025875040742294027,-0.0012085553313920026,-0.009199717328128037,0.06057839549339529,-0.04453629619762146,0.015486149940848183,-0.01603538045201325,-0.008202263663816335,0.02339663892258623,-0.00512653696523267,0.03572914541161442,-0.012323120932719887,0.008244236741481633,-0.011709935754896565,0.007260330357414559,-0.05523614941952428,-0.00247035454617332,-0.021021779896541803,-0.0030021862764416578,-0.020208653389412412,-0.02091787376155752,-0.014506125887807688,-0.01284106152511035,-0.01813401916444271,0.015417514980228756,0.03359607708343683,0.01820837116491118,-0.006995826139911183
3.4983297563952465,0.6230548896805286,0.8816083395383469,2.0,114.0,113.0,117.0,95.0,68.0,39.0,38.0,21.0,6.0,8.0,1.0,134.0,115.0,117.0,125.0,113.0,120.0,109.0,125.0,117.0,115.0,125.0,110.0,0.17363344051446947,0.3842443729903537,0.44212218649517687,0.26596491228070174,0.3298245614035088,0.40421052631578946,0.018615040953090096,0.008190618019359643,0.01563663440059568,0.01340282948622487,0.014892032762472078,0.011913626209977662,0.0007446016381236039,0.006701414743112435,0.005956813104988831,0.0014892032762472078,0.04988830975428146,0.010424422933730455,0.039463886820551006,0.007446016381236039,0.02308265078183172,0.0193596425912137,0.011913626209977662,0.0052122114668652275,0.005956813104988831,0.004467609828741623,0.0022338049143708115,0.03425167535368578,0.0037230081906180195,0.016381236038719285,0.01563663440059568,0.018615040953090096,0.017870439314966492,0.0387192851824274,0.0029784065524944155,0.03723008190618019,0.03127326880119136,0.011913626209977662,0.10052122114668652,0.0014892032762472078,0.054355919583023084,0.03350707371556218,0.035740878629932984,0.06105733432613552,0.06775874906924795,0.011169024571854059,0.028294862248696945,0.02084884586746091,0.007446016381236039,0.03052866716306776,0.0029784065524944155,0.01563663440059568,0.0052122114668652275,0.011913626209977662,0.005956813104988831,0.0,1.0,-0.011985057355037897,-0.005577013550320111,0.05999306967877748,0.027155485110370726,-0.011830340136533203,0.008794542954143393,0.027592971447089477,-0.03761099364514105,0.023621248853362403,0.003809902184143095,0.010848669852759651,-0.005919935751910528,-0.016529248542698032,-0.035068514191335005,-0.018612551430560325,0.019818451461382176,0.021616619215960538,-0.034983761384718384,-0.002168476199658904,0.008219684309119455,-0.023176232229366614,-0.04786778245231435,-0.04159950819320064,-0.060659666557293504,-0.002663519975468144,-0.013945505781329446,0.006385618216886342,0.0024618238246066175,0.043334198294396366,-0.03330480985865848,-0.004074171373936628,-0.03991259209965412,-0.03381223537866763,0.005623143220916077,-0.007111683683678354,0.03081998508836012,-0.005291181809485527,0.009173868691280725,0.00021054243005506042,-0.005504930825715657,1.0,-0.01199398809822346,-0.005730011289482198,0.06000188395820592,0.028741469839889643,-0.010582972622884696,0.005225533965764903,0.024567183368157938,-0.03671379335392341,0.022984740734753248,0.000468648193781992,0.014422091815421373,-0.0059256280948614916,-0.01950346575921606,-0.037526163600619354,-0.01834357422819804,0.019549973420751248,0.02919846260734216,-0.03206517458421129,-0.0035646036646719806,0.003837116475080134,-0.019675023867528185,-0.048292148532970126,-0.046221475021916425,-0.06001165412555856,0.005783569806826982,-0.011520399464654,0.014025820197063178,0.004810449836439955,0.04759368802799779,-0.03151792728923382,-0.0028014451003669995,-0.05195053092814588,-0.03276260662130503,0.006398420301276387,-0.0017966126658015731,0.02870136587111719,-0.005353924702882425,0.0029448272273724335,0.001622185124279263,-0.00939103269502695
3.476704393979077,0.6223854386311467,0.8868205510052122,1.0,103.0,122.0,118.0,87.0,94.0,52.0,36.0,16.0,25.0,4.0,4.0,134.0,102.0,129.0,124.0,120.0,127.0,93.0,129.0,102.0,103.0,121.0,101.0,0.19788519637462235,0.3716012084592145,0.43051359516616317,0.2815884476534296,0.32418772563176895,0.39422382671480144,0.01563663440059568,0.007446016381236039,0.011913626209977662,0.012658227848101266,0.01712583767684289,0.011169024571854059,0.0007446016381236039,0.006701414743112435,0.0052122114668652275,0.0007446016381236039,0.029784065524944156,0.010424422933730455,0.0379746835443038,0.006701414743112435,0.020104244229337303,0.024571854058078928,0.010424422933730455,0.0029784065524944155,0.008935219657483246,0.004467609828741623,0.0007446016381236039,0.018615040953090096,0.0029784065524944155,0.028294862248696945,0.00967982129560685,0.01340282948622487,0.02680565897244974,0.04616530156366344,0.0029784065524944155,0.0387192851824274,0.029039463886820552,0.014147431124348473,0.09977661950856292,0.0037230081906180195,0.05063291139240506,0.02680565897244974,0.03723008190618019,0.058823529411764705,0.0774385703648548,0.00967982129560685,0.04690990320178704,0.0193596425912137,0.008935219657483246,0.04244229337304542,0.0014892032762472078,0.01563663440059568,0.005956813104988831,0.00967982129560685,0.007446016381236039,0.0007446016381236039,1.0,0.09561926618726475,0.05740960108729005,0.06227189700089823,0.0060996418604695275,0.0034682193086112466,0.042837658487953074,0.02427438220527847,-0.008688437808870636,0.030577750472603894,0.028908622106305053,0.03676126675348821,0.09894086611888034,0.08258039867396345,0.04591409046294844,0.012414333795576337,0.06396672385993028,0.009865096233268672,0.03266518819398483,0.02990713851709187,0.10125043421111544,0.02302109260786265,0.06211650311080764,0.02509358518775602,-0.0070831003950957054,0.04105355264919977,-0.010156828407318085,0.007473568320844432,0.03436956216845053,0.05621557745169712,0.004771052772082398,-0.002531718662816025,0.01722438010563812,-0.00561511270345402,0.0681705420304743,0.02903566917085924,0.009792203418035514,0.05122677126965318,-0.02650007524965001,0.014584744140136316,0.02673424442181751,1.0,0.09569051750335063,0.04878525878828038,0.05312136793519199,-0.007113087776657734,-0.0022669037614227784,0.040281083596495244,0.017407460136821706,-0.016691080570027796,0.026783209546706262,0.023580805397974886,0.031937200098783904,0.08816218321592514,0.06122385714641206,0.023783849345932948,-0.01102450991800324,0.05342460215312851,-0.0041157848967938665,0.021313273791264162,0.011934654462932808,0.09708374600579547,-5.6908745876451665e-05,0.04319033192918299,-0.0038384587341062674,-0.025321383383119515,0.022337615233348894,-0.033565792501335505,0.0007925405121989355,0.02190894298348444,0.042989520318808136,-0.015136479350909475,-0.023194611869571752,-0.011371336671134739,-0.020172747646725636,0.05327068751791168,0.008334198937266512,-0.009157536131816907,0.04654499453604457,-0.04931320887271116,0.014000252215051497,0.006039284469695531
3.512127554947909,0.6316543465437123,0.8838421444527178,8.0,108.0,126.0,121.0,77.0,81.0,9.0,35.0,5.0,3.0,38.0,0.0,134.0,117.0,128.0,125.0,124.0,130.0,101.0,127.0,125.0,125.0,125.0,117.0,0.20294599018003273,0.337152209492635,0.45990180032733224,0.2645466847090663,0.3376184032476319,0.39783491204330174,0.00967982129560685,0.006701414743112435,0.00967982129560685,0.01340282948622487,0.02084884586746091,0.014892032762472078,0.0007446016381236039,0.008935219657483246,0.004467609828741623,0.0014892032762472078,0.03723008190618019,0.011169024571854059,0.03350707371556218,0.0037230081906180195,0.020104244229337303,0.017870439314966492,0.02084884586746091,0.0037230081906180195,0.010424422933730455,0.0037230081906180195,0.0014892032762472078,0.021593447505584513,0.005956813104988831,0.02680565897244974,0.01563663440059568,0.011169024571854059,0.02680565897244974,0.04616530156366344,0.0037230081906180195,0.0387192851824274,0.029784065524944156,0.011913626209977662,0.0960536113179449,0.0037230081906180195,0.044676098287416234,0.027550260610573342,0.04095309009679821,0.06701414743112435,0.054355919583023084,0.01563663440059568,0.03201787043931496,0.020104244229337303,0.005956813104988831,0.05658972449739389,0.0022338049143708115,0.017870439314966492,0.0029784065524944155,0.008935219657483246,0.006701414743112435,0.0037230081906180195,1.0,-0.004010274095017419,0.046804647548756274,0.04391399019649338,-0.008538341810720175,0.04872832006390606,-0.01918445442502612,-0.009650686854631609,-0.019194539120448394,-0.026404415673296742,0.007499863924176436,-0.04484316197576404,0.008965046655841006,-0.07547643459555646,0.03594129527474428,0.021810621757806917,0.0024110950766658198,0.0013194773264753326,-0.010008431734431323,0.03552777655493488,0.013986093518641534,0.009700473381157614,-0.003260709497495905,0.00916759530204433,0.00014423232048947168,0.009672319731328927,-0.013467730632430383,-0.0016982442522601858,-0.02272874065171908,0.020578168270665782,0.04874348757242962,0.012804097112603894,-0.023241020091478073,0.014748175205280913,0.0273186564931203,0.02001132700760188,-0.003908787307114762,-0.0018287167024504697,-0.030243343514824193,0.04269832239998494,-0.010030175021951953,1.0,-0.004013262376757383,0.046859101588608856,0.04447804594058186,-0.010373149251784205,0.044841280701881446,-0.01996902694855009,-0.013489294173029118,-0.021906368213057408,-0.023340628030457743,0.007706273721190144,-0.039761880542643416,0.010607705925292284,-0.0725388556491602,0.0407005588958168,0.025430896383841554,0.009310876743429997,-0.008557334639631431,-0.00626149071270808,0.029667347815546797,0.01112200860892331,0.007576475509815906,-0.01086354516566069,0.013771383257212671,-0.008787784736880577,0.013811570945949994,-0.01930379196255509,0.005587215423548635,-0.02052355278981014,0.022246520791038425,0.05261774783253805,0.014556183201923915,-0.02458140486450666,0.01026494763899781,0.02826311371908951,0.013486601111583516,-0.004577484421843732,-0.00499515684708102,-0.029756638632603312,0.04002778267363961,-0.006353815036863015
3.46576832308083,0.6282496861472615,0.877885331347729,7.0,99.0,120.0,118.0,82.0,92.0,20.0,38.0,18.0,7.0,11.0,0.0,134.0,106.0,127.0,121.0,116.0,126.0,72.0,123.0,110.0,109.0,120.0,109.0,0.2238562091503268,0.36764705882352944,0.4084967320261438,0.2789512017479971,0.33211944646758923,0.3889293517844137,0.010424422933730455,0.0037230081906180195,0.01340282948622487,0.014892032762472078,0.012658227848101266,0.011913626209977662,0.0022338049143708115,0.005956813104988831,0.0037230081906180195,0.0014892032762472078,0.04765450483991065,0.0037230081906180195,0.03425167535368578,0.004467609828741623,0.0193596425912137,0.021593447505584513,0.018615040953090096,0.004467609828741623,0.011169024571854059,0.004467609828741623,0.0029784065524944155,0.02531645569620253,0.0007446016381236039,0.03648548026805659,0.014892032762472078,0.008935219657483246,0.040208488458674606,0.034996276991809384,0.0052122114668652275,0.040208488458674606,0.028294862248696945,0.008935219657483246,0.09158600148920328,0.0029784065524944155,0.05137751303052867,0.027550260610573342,0.03723008190618019,0.07297096053611318,0.06999255398361877,0.008190618019359643,0.03201787043931496,0.01340282948622487,0.005956813104988831,0.04690990320178704,0.0029784065524944155,0.01563663440059568,0.0022338049143708115,0.008935219657483246,0.00967982129560685,0.0029784065524944155,1.0,-0.015606017834507251,0.07261825120028297,0.0265627823015945,0.04300092245480549,0.03359733608985651,0.011934981994445794,0.011313857389997257,0.0379494513958608,-0.025304845456343424,-0.004143588240141659,0.035638266503040694,0.010945182797293567,0.0032245827596973607,0.025293117107416024,-0.006476259602454194,0.03296533114947871,0.011438204702141838,-0.014011632929504362,0.010822764125978398,-0.02140800731711686,0.017475547428780314,-0.057750819493067984,0.012426400355710526,0.013079713209792957,-0.0069808918848372065,-0.0024913333335787225,-0.015247219438204835,0.0011048250245954743,-0.011299575670991536,-0.014059862739165083,-0.01153027144840009,0.023199532047026294,-0.0009594281114465331,0.03172065272068293,-0.046901404485596807,0.07509371182349128,-0.006935257085009567,0.023461762539756285,-0.019072505154103882,0.05954853510644124,1.0,-0.015617646759868292,0.07250032855485848,0.02896729527054604,0.03896690186647105,0.03132175508193317,0.0065876623519841495,0.00492414464571923,0.034044927726856085,-0.02867513312278904,-0.012515979020543471,0.03666463102497729,0.011511894519123067,-0.001237070111422415,0.02433808931654051,-0.008979451145946959,0.026017049289666482,0.013582332749298634,-0.020868212223956555,0.003018786494837955,-0.02086389866730723,0.014923887112100374,-0.05874018253588544,0.010651115607064035,0.020385810444943826,-0.006179925436199394,0.0008460090777410499,-0.016101049525559553,-0.00097316796789255,-0.01000545510112951,-0.01126258439465718,-0.012800218247600503,0.0250488774852549,0.007702707735144751,0.034670456398588324,-0.04928265331853526,0.07498836258911834,-0.002490842469440824,0.01678288576773038,-0.01936786992926902,0.05070123542138843
3.466957410261756,0.628668526682767,0.8838421444527178,0.0,103.0,123.0,114.0,82.0,79.0,17.0,34.0,34.0,1.0,16.0,0.0,134.0,108.0,126.0,122.0,113.0,128.0,93.0,120.0,111.0,113.0,115.0,107.0,0.18739635157545606,0.38308457711442784,0.4295190713101161,0.27482014388489207,0.3302158273381295,0.3949640287769784,0.012658227848101266,0.0052122114668652275,0.008935219657483246,0.008935219657483246,0.023827252419955324,0.01340282948622487,0.0052122114668652275,0.0022338049143708115,0.0052122114668652275,0.0,0.03201787043931496,0.008935219657483246,0.035740878629932984,0.005956813104988831,0.017870439314966492,0.028294862248696945,0.017870439314966492,0.0014892032762472078,0.010424422933730455,0.006701414743112435,0.0037230081906180195,0.018615040953090096,0.0052122114668652275,0.02680565897244974,0.011169024571854059,0.012658227848101266,0.03276247207743857,0.04095309009679821,0.0029784065524944155,0.04095309009679821,0.03201787043931496,0.011913626209977662,0.10573343261355175,0.0029784065524944155,0.05063291139240506,0.021593447505584513,0.03052866716306776,0.06775874906924795,0.06701414743112435,0.008935219657483246,0.0379746835443038,0.01563663440059568,0.006701414743112435,0.055100521221146684,0.0022338049143708115,0.01563663440059568,0.0037230081906180195,0.006701414743112435,0.008935219657483246,0.0014892032762472078,1.0,0.03871441060218219,0.05310803422138778,0.012379067665592276,-0.002687161378600019,0.022350611698758724,-0.012419892210755663,-0.014213639834709161,0.013316740904020212,0.07108296413559102,0.006893380134523923,0.09491897056200667,0.049662871229053156,-0.006111720836024387,-0.02625646480080777,-0.003507765056427502,0.0032892811590972512,0.027240842849292995,0.019191624910548502,-0.015082370981628934,0.02882187595059848,0.0006615577289226191,0.02085712432370463,0.02595087084187263,0.0055285751836312525,0.02410310114752035,0.01684922476791055,-0.005664851980759413,-0.0017967623939523334,0.008222492126863499,-0.016058173888925248,0.03588510250635799,0.01612670132527638,0.02378345587175868,0.02583762879767736,-0.02467605687294238,0.018409497539347713,-0.01529621582515772,0.00360736219933836,-0.0032257104074738777,0.02579812411747069,1.0,0.03874325889622255,0.051763900415562246,0.008482728166766568,-0.006237287863235512,0.021761497615270575,-0.013784119447684508,-0.015612520437688675,0.015480425845332978,0.07293234035632178,-0.0001243885753060958,0.08890865852583979,0.043237070405022913,-0.01938389089023102,-0.03583269239346717,0.002221749233686425,0.005094319355769623,0.026996629557496567,0.01779717946328313,-0.019239050251996345,0.01298974891156653,-0.007053513999402486,0.012679910216052621,0.02146128604470608,0.005614670755448067,0.02701551067261093,0.014185921638373483,-0.01318224691908307,-0.008761395188505237,0.002118260769752074,-0.013956888090510924,0.0358776956498613,0.014519867654514957,0.016693647836619103,0.01333465063033166,-0.03458152298444528,0.015071267010025037,-0.018008394224857432,0.005083160796331437,0.003508568335865861,0.023659976040119726
3.469431617233252,0.607526056102339,0.8830975428145942,10.0,83.0,118.0,115.0,64.0,76.0,42.0,56.0,25.0,5.0,12.0,8.0,133.0,93.0,124.0,125.0,116.0,125.0,71.0,120.0,101.0,109.0,112.0,90.0,0.23127035830618892,0.34039087947882735,0.42833876221498374,0.28658074298711145,0.3419257012888552,0.37149355572403336,0.011169024571854059,0.005956813104988831,0.014147431124348473,0.011913626209977662,0.016381236038719285,0.008190618019359643,0.0022338049143708115,0.008935219657483246,0.0022338049143708115,0.0022338049143708115,0.04393149664929263,0.014892032762472078,0.040208488458674606,0.0052122114668652275,0.021593447505584513,0.023827252419955324,0.01340282948622487,0.0029784065524944155,0.006701414743112435,0.004467609828741623,0.0029784065524944155,0.03276247207743857,0.0029784065524944155,0.026061057334326135,0.014147431124348473,0.01340282948622487,0.02680565897244974,0.04244229337304542,0.0037230081906180195,0.04393149664929263,0.029784065524944156,0.01340282948622487,0.0953090096798213,0.0037230081906180195,0.054355919583023084,0.023827252419955324,0.04169769173492182,0.058078927773641105,0.06775874906924795,0.0052122114668652275,0.03201787043931496,0.014147431124348473,0.005956813104988831,0.04988830975428146,0.0,0.016381236038719285,0.0022338049143708115,0.00967982129560685,0.0052122114668652275,0.0014892032762472078,1.0,0.03382292802645131,-0.015007992646114476,0.04303723069104322,0.07172620752214678,0.01610401033876647,0.00488531793400961,-0.0018753317906070807,0.026522332261358837,0.009718566422269153,0.018566893905416076,-0.013681664096064463,-0.01150228847522772,0.030905519491632148,0.031547008822293617,-0.0010581059620341424,-0.030051891585937313,0.024506804223060178,-0.015572797659973128,0.021127486488833298,-0.014321670872305464,0.03162377913149862,0.06721690183365951,0.03134857155198353,-0.0019042116179831582,-0.010477048437154827,0.008103137632650557,-0.012325128130765388,-0.00271279889652925,-0.007835558826730177,0.0043731051781730505,0.04951046752069199,0.007294049075041497,0.014483278376172536,0.023718093910393808,0.005031537509447137,0.03697053392695403,-0.021411931602033644,0.011051827027232654,-0.011362366752545658,-0.016733516602438617,1.0,0.033848131400539584,-0.016194626048776996,0.04426103423929396,0.06889322835291112,0.012971040972037612,0.004442075411168996,-0.007748153710506446,0.02114545272451804,0.005761241603011433,0.018724650869763663,-0.016285120777255524,-0.014002731102856268,0.028546931573500155,0.028115719503668746,0.000912591218529797,-0.030764281771913152,0.020643860374541745,-0.024259418113802302,0.02571206496043124,-0.014044515951916999,0.033175759810429584,0.06549519159484293,0.025481951319933856,-0.0012482631995816217,-0.01931301394848615,-0.0010802566295040172,-0.023960756792448624,-0.0008065633172256489,-0.007056395657483504,0.004500844995387832,0.05104025998234573,0.003130531206545373,0.021180515226699878,0.018446620896518034,-0.004165990709820542,0.027212907300633478,-0.02688101225801016,0.013188356921338813,-0.01832424814230141,-0.018475030414222653
3.4542697707500842,0.6177498584844469,0.8875651526433358,1.0,98.0,120.0,108.0,88.0,69.0,22.0,58.0,19.0,17.0,5.0,1.0,134.0,100.0,125.0,127.0,116.0,124.0,95.0,124.0,104.0,105.0,120.0,104.0,0.21122112211221122,0.38283828382838286,0.40594059405940597,0.2772133526850508,0.32801161103047893,0.39477503628447025,0.01340282948622487,0.00967982129560685,0.012658227848101266,0.014892032762472078,0.016381236038719285,0.010424422933730455,0.0007446016381236039,0.006701414743112435,0.0052122114668652275,0.0029784065524944155,0.05584512285927029,0.008935219657483246,0.03052866716306776,0.008935219657483246,0.022338049143708117,0.01340282948622487,0.010424422933730455,0.0029784065524944155,0.008190618019359643,0.0052122114668652275,0.0037230081906180195,0.029784065524944156,0.0022338049143708115,0.02308265078183172,0.011913626209977662,0.01340282948622487,0.023827252419955324,0.035740878629932984,0.0029784065524944155,0.03425167535368578,0.0193596425912137,0.011169024571854059,0.09084139985107967,0.0037230081906180195,0.06478034251675353,0.023827252419955324,0.029039463886820552,0.07073715562174236,0.08339538346984364,0.010424422933730455,0.040208488458674606,0.017870439314966492,0.006701414743112435,0.05212211466865227,0.0029784065524944155,0.01712583767684289,0.0014892032762472078,0.0052122114668652275,0.007446016381236039,0.0007446016381236039,1.0,0.03047267961331286,0.02037213087779714,0.017371055108187792,0.030560646421769807,0.027906788296323704,0.04399470794015967,0.05770088375303789,0.10544443762532517,0.03548075415895568,0.03183144877013395,0.005243824775458615,0.08636962286018358,0.036732786065435924,0.008054157712366044,0.03038090759092557,0.015263232752246196,0.017281309934085977,0.0037795215052040905,0.05319646956251718,0.06698571379612775,0.04454220616299486,0.03035432811862516,-0.002587556444406343,0.024713102660449543,0.062468680596915245,0.03202836807682933,-0.04071450387137495,0.039672300621714784,0.008985324489531406,0.08676666993357869,-0.004451253609681338,0.06368761557551066,0.03441404106185593,0.02232393628430576,-0.022072094489889397,0.024048601085174367,0.04814328923736079,0.044359967698553104,0.005631972557892267,0.01579591769826766,1.0,0.030495386528076894,0.019490671482003754,0.01622676313578172,0.029300344509499095,0.02565304921693496,0.0413479684905578,0.05390050655201269,0.1006538971960446,0.02683448603443577,0.023710689812088948,-0.004328086480753886,0.07732968000826665,0.02320544476779362,-0.008495523394168649,0.01436271299169776,-0.005208069586024327,0.0034180096904431697,-0.011014120472038154,0.04178478908051714,0.046432892852674476,0.030938503285965497,0.020307753438903065,-0.013164497117440372,0.012359679473571842,0.05053571597419391,0.02098261871915223,-0.06647653954858411,0.021008002999217693,-0.009595807485719723,0.07984169032128194,-0.020753214407526695,0.04514460752827821,0.014773071706559138,0.007675296703762563,-0.02490281679496601,0.01120256363892536,0.03301824249069311,0.016686738789001378,-0.0009849472838315682,-0.011564816116375231
3.418004862316953,0.6181116597688395,0.8763961280714817,9.0,98.0,109.0,113.0,83.0,96.0,8.0,54.0,24.0,11.0,10.0,4.0,134.0,109.0,118.0,121.0,112.0,126.0,37.0,121.0,113.0,111.0,113.0,87.0,0.2568659127625202,0.37318255250403876,0.36995153473344106,0.2926267281105991,0.3509984639016897,0.3563748079877112,0.014147431124348473,0.008935219657483246,0.011169024571854059,0.010424422933730455,0.00967982129560685,0.012658227848101266,0.0,0.011169024571854059,0.0037230081906180195,0.0022338049143708115,0.029784065524944156,0.00967982129560685,0.039463886820551006,0.0029784065524944155,0.01712583767684289,0.027550260610573342,0.016381236038719285,0.0037230081906180195,0.007446016381236039,0.0037230081906180195,0.0007446016381236039,0.03052866716306776,0.0022338049143708115,0.0379746835443038,0.008935219657483246,0.011913626209977662,0.040208488458674606,0.040208488458674606,0.0029784065524944155,0.045420699925539834,0.02308265078183172,0.008190618019359643,0.10796723752792256,0.0029784065524944155,0.06403574087862993,0.016381236038719285,0.04393149664929263,0.05584512285927029,0.06105733432613552,0.004467609828741623,0.04244229337304542,0.01340282948622487,0.005956813104988831,0.054355919583023084,0.0037230081906180195,0.01340282948622487,0.0029784065524944155,0.0052122114668652275,0.006701414743112435,0.0007446016381236039,1.0,-0.008937116970601715,0.044059385303880406,0.005660491364936209,0.04292441923894062,0.028591195856447673,0.020489695654375303,-0.026611185197648032,-0.023667108606770983,-0.02256254817538106,-0.03704302861065316,-0.03403342601411618,0.015338152906601541,-0.011290429377388663,-0.017861158167118803,0.028825266201187368,-0.037073117955516204,0.01760381654274614,0.019524991363659903,0.024057334411607158,-0.03879063772167126,0.039283449197561514,-0.008928550391389786,0.018662460729005518,0.010735839661621668,-0.01114795397276729,-0.006218096248637397,-0.026296767964484755,0.0014385434879577615,-0.01705326369231058,0.006795583103955163,-0.046703469017921856,-0.031958101885126024,0.011887450558271378,0.039250608777377134,0.013469772647625168,-0.00678039212339262,-0.02018414806268231,-0.011454764331136022,-0.03982098764444366,-0.000448820307025837,1.0,-0.008943776521250436,0.04404862890372744,0.006457431402064443,0.04129958205625797,0.029027580296536477,0.017539999863722587,-0.029459804192742026,-0.02826921400249051,-0.023720864706973325,-0.038026365711189,-0.03195504094106924,0.021782119797305367,-0.003057514887839298,-0.014515588582607144,0.034232653836159574,-0.03553665727665394,0.012262033858902548,0.019912684850505753,0.020417609153677248,-0.04178219975904841,0.034322379570170064,-0.005651945543796223,0.012016934092436628,0.011218802324914706,-0.012102229207170133,-0.005318344743522306,-0.03176626521994748,0.005119974019337285,-0.013356285659237422,0.005627307759216333,-0.04052664355623356,-0.029665193747363705,0.01620796737187781,0.04398636617855008,0.020583151040825504,-0.014883534614338202,-0.018818480107874916,-0.020820573879303212,-0.04809603308112016,-0.007824312155768379
3.470436245412174,0.6403081975665756,0.8801191362620998,2.0,104.0,122.0,113.0,93.0,70.0,48.0,47.0,14.0,17.0,2.0,0.0,134.0,105.0,124.0,123.0,119.0,128.0,93.0,123.0,111.0,109.0,119.0,109.0,0.18829113924050633,0.375,0.43670886075949367,0.2755905511811024,0.33070866141732286,0.3937007874015748,0.017870439314966492,0.008935219657483246,0.011913626209977662,0.014892032762472078,0.016381236038719285,0.011913626209977662,0.0014892032762472078,0.006701414743112435,0.0037230081906180195,0.0022338049143708115,0.04095309009679821,0.01340282948622487,0.04616530156366344,0.0029784065524944155,0.017870439314966492,0.026061057334326135,0.01563663440059568,0.0022338049143708115,0.0052122114668652275,0.005956813104988831,0.0022338049143708115,0.03127326880119136,0.0037230081906180195,0.026061057334326135,0.00967982129560685,0.010424422933730455,0.024571854058078928,0.04393149664929263,0.0022338049143708115,0.03276247207743857,0.02531645569620253,0.014892032762472078,0.0960536113179449,0.0014892032762472078,0.04988830975428146,0.022338049143708117,0.045420699925539834,0.0573343261355175,0.06031273268801191,0.00967982129560685,0.049143708116157855,0.01712583767684289,0.008935219657483246,0.05212211466865227,0.0037230081906180195,0.014892032762472078,0.0014892032762472078,0.005956813104988831,0.0037230081906180195,0.0007446016381236039,1.0,0.06923057960965545,0.014486645270311837,-0.02558691609280138,0.053128423075041106,0.050846404587271174,-0.019265613077382254,-0.015409603439876324,-0.04150762646725919,0.005803518065741374,0.017117796868477655,0.00788771102812318,0.004659963341523969,0.01253348767159492,-0.00526074030814353,-0.019400665282300042,-0.012876570874873958,-0.009349558160782806,-0.010642186027532629,0.02596692531135473,-0.010386582422231512,0.004584643040551962,-0.022290000484304764,0.023001618216558113,-0.026100278698707624,0.030925361902905575,-0.00909112883509023,-0.0157009800513459,-0.006326805825822989,0.021590583546580493,-0.035294129305647196,-0.009730265070523282,-0.008498417352693967,0.06533836298845827,0.027426611878197293,0.043439563508231596,0.03739066345817327,-0.009887385053686169,0.007448689199669738,0.019314199332352736,-0.017986083312273495,1.0,0.0692821672248638,0.00975505676471252,-0.027449768370860533,0.05710863416363609,0.04445801165299482,-0.02846600448234764,-0.010545289266832184,-0.039785346518540106,0.0052864909802489615,0.017406404643787166,0.006771667019170289,0.008626914715117144,0.01547692250074641,-0.011615775972060226,-0.022008263563488343,-0.01146018578949552,-0.008760005362456183,-0.009087687636985801,0.032081534712447,-0.011378888086313559,0.006623611417763688,-0.02192888891144669,0.020745054394254257,-0.032272289125526876,0.03585959549414147,-0.010149380681006329,-0.014198566152076413,-0.0021146378829652356,0.022721122211903894,-0.046386072139847204,-5.3249938892477184e-05,-0.006914677019597283,0.06735489518399246,0.02096143285801165,0.044582958269534616,0.034610142755588,-0.019785177420806745,-0.0045288011304044536,0.018449847980083565,-0.028061811198657676
3.4872128764360957,0.6325814782458817,0.8868205510052122,8.0,119.0,127.0,117.0,98.0,95.0,43.0,40.0,23.0,5.0,3.0,1.0,134.0,119.0,131.0,127.0,119.0,128.0,109.0,125.0,121.0,122.0,123.0,111.0,0.2106038291605302,0.35787923416789397,0.43151693667157587,0.2634445200816882,0.33287950987066034,0.4036759700476515,0.00967982129560685,0.007446016381236039,0.014147431124348473,0.00967982129560685,0.01563663440059568,0.00967982129560685,0.0007446016381236039,0.005956813104988831,0.0029784065524944155,0.0022338049143708115,0.040208488458674606,0.008190618019359643,0.03648548026805659,0.008190618019359643,0.01712583767684289,0.028294862248696945,0.01563663440059568,0.0037230081906180195,0.008935219657483246,0.0052122114668652275,0.0037230081906180195,0.022338049143708117,0.0022338049143708115,0.02531645569620253,0.017870439314966492,0.008935219657483246,0.03052866716306776,0.03276247207743857,0.007446016381236039,0.03723008190618019,0.02680565897244974,0.014147431124348473,0.10722263588979895,0.0029784065524944155,0.05137751303052867,0.03201787043931496,0.035740878629932984,0.06105733432613552,0.06552494415487714,0.00967982129560685,0.0379746835443038,0.017870439314966492,0.007446016381236039,0.05063291139240506,0.0029784065524944155,0.014147431124348473,0.0022338049143708115,0.011169024571854059,0.00967982129560685,0.0007446016381236039,1.0,-0.025028217421372644,0.014559923984833174,-0.015648648651902592,-0.035794482075002285,-0.0043171061765650545,0.011716778532941612,0.04105939291042739,-0.010088805818353528,-0.02246992117069986,0.010111152353422612,0.0005054220702201154,0.006273272931242945,-0.033265807685736795,0.03134149944172644,-0.06661442276535647,0.01271744603857307,-0.01984793818047024,-0.015209846816922085,-0.0019570194104120667,-0.04332788951759947,-0.04700069122025629,0.03057180329561224,-0.015034455103916012,0.004232764422593727,-0.049191868656249825,0.01351493925826039,0.038467735530509056,-0.009338937883978977,-0.05358847775623881,0.01832985107773907,-0.029534409287137457,0.0035905557703440165,-0.007742482152254063,0.03317904276222098,0.03977205321269923,-0.03273118751978099,0.02304500573721709,-0.0181747029799306,-0.0284003377974421,-0.02114216529073593,1.0,-0.025046867359838645,0.01396305310431014,-0.014986148933480789,-0.036897651403807574,-0.005717419178171863,0.012341759246598092,0.04098348395818483,-0.009940936830550192,-0.024441014773133533,0.011462480231140836,0.004635220888783094,0.004995928847050669,-0.03612364450065321,0.029088134977627574,-0.06326809967756956,0.0099644336433271,-0.020968439690539065,-0.0175004815549394,-0.005391431257832958,-0.04256236893182097,-0.05336467366900149,0.03260925596053322,-0.014086711977500886,-0.0033692339916241982,-0.05090322688419275,0.011744543666447439,0.048268829594698866,-0.012505203499014418,-0.06189947221791973,0.012646726001639505,-0.019639127251583142,0.00131278532889869,-0.019422761481484817,0.026618772790870625,0.04615198107196658,-0.03720881127355312,0.021637450581616053,-0.023125478846756753,-0.02355944288754168,-0.03194851873614301
3.5157628167349904,0.6405185226781016,0.8830975428145942,7.0,104.0,122.0,106.0,81.0,90.0,41.0,43.0,38.0,14.0,8.0,3.0,134.0,109.0,129.0,123.0,116.0,127.0,97.0,129.0,113.0,119.0,123.0,100.0,0.213089802130898,0.3637747336377473,0.4231354642313546,0.2748414376321353,0.33192389006342493,0.39323467230443976,0.016381236038719285,0.007446016381236039,0.011913626209977662,0.01712583767684289,0.011913626209977662,0.00967982129560685,0.0014892032762472078,0.007446016381236039,0.008935219657483246,0.0014892032762472078,0.04169769173492182,0.011169024571854059,0.029039463886820552,0.0052122114668652275,0.024571854058078928,0.02308265078183172,0.020104244229337303,0.0037230081906180195,0.008935219657483246,0.0022338049143708115,0.0052122114668652275,0.03127326880119136,0.0029784065524944155,0.02531645569620253,0.01340282948622487,0.00967982129560685,0.029784065524944156,0.03425167535368578,0.0029784065524944155,0.03350707371556218,0.023827252419955324,0.01563663440059568,0.10052122114668652,0.005956813104988831,0.06031273268801191,0.023827252419955324,0.039463886820551006,0.06478034251675353,0.06180193596425912,0.008190618019359643,0.03648548026805659,0.01563663440059568,0.005956813104988831,0.03723008190618019,0.0022338049143708115,0.017870439314966492,0.0029784065524944155,0.014892032762472078,0.008190618019359643,0.0022338049143708115,1.0,0.0006287115022491705,0.006411768029368038,0.020314260446202135,0.04229045539166902,-0.030224805878057627,-0.003126784333906675,0.06344474409647374,0.02620508650591012,-0.006032840057533791,-0.0336053591463867,0.010233169255403973,-0.0009939553907751762,-0.03898546847491571,-0.021299091677505353,0.015342639733312463,-0.005974817190176418,0.004742355501400281,0.013608796565087618,0.02774967822520895,0.04435893103814478,-0.04678628700235018,-0.020533269246580832,-0.029288728782806434,0.026676284733402417,-0.025206769117449564,0.019113194433610866,0.025360590622856734,-0.00436876346977589,0.0016358455169705546,0.015214621663805392,0.0595997423944386,0.016827761957522485,0.06311516850549648,-0.05801026666013906,-0.01807449388121444,-0.024061498256986603,-0.02864491590991245,-0.01769510561527672,-0.027283806955944435,0.056228645318772655,1.0,0.0006291799907009155,0.006420937370457979,0.020352533137059873,0.04237208271539383,-0.030673331820639645,-0.004082811993414505,0.06265344212481301,0.025928414679563402,-0.004381585026278952,-0.0376777491234424,0.003947584084877194,0.0016555063037315748,-0.035902117642143704,-0.023383121008116296,0.010166050151963353,-0.0038731708346285607,0.013383216357134837,0.013849264676563187,0.025199485554953577,0.04983115217630423,-0.044760730149903075,-0.024824672439122886,-0.03545843299369804,0.025896426089209185,-0.018893549097200375,0.013314485978464649,0.018576795817808446,-0.002518977375120396,0.011693251915748803,0.02042579708431118,0.057411459534771454,0.021617024444411156,0.06525874291323268,-0.068996718998,-0.032655487775189396,-0.02731330739032681,-0.03397121260589858,-0.01900940939660337,-0.036235579201656314,0.060074890333442835
3.492175881626442,0.6118947573740323,0.8816083395383469,3.0,102.0,123.0,126.0,107.0,93.0,38.0,37.0,21.0,6.0,3.0,4.0,134.0,109.0,131.0,126.0,122.0,130.0,93.0,129.0,111.0,119.0,125.0,103.0,0.20060331825037708,0.39215686274509803,0.4072398190045249,0.2744413407821229,0.33379888268156427,0.39175977653631283,0.01712583767684289,0.008935219657483246,0.011913626209977662,0.010424422933730455,0.01563663440059568,0.014892032762472078,0.0022338049143708115,0.005956813104988831,0.0037230081906180195,0.0014892032762472078,0.045420699925539834,0.008935219657483246,0.0379746835443038,0.004467609828741623,0.014147431124348473,0.024571854058078928,0.017870439314966492,0.0029784065524944155,0.008935219657483246,0.004467609828741623,0.004467609828741623,0.027550260610573342,0.004467609828741623,0.027550260610573342,0.014892032762472078,0.01712583767684289,0.03201787043931496,0.04988830975428146,0.0037230081906180195,0.0379746835443038,0.029039463886820552,0.01340282948622487,0.10647803425167536,0.0022338049143708115,0.044676098287416234,0.021593447505584513,0.03201787043931496,0.055100521221146684,0.06701414743112435,0.00967982129560685,0.03052866716306776,0.014147431124348473,0.007446016381236039,0.04616530156366344,0.0029784065524944155,0.01712583767684289,0.0022338049143708115,0.010424422933730455,0.0052122114668652275,0.0007446016381236039,1.0,0.02432741546114243,0.004950471383407589,-0.004256924264755511,-0.0023006199643442263,0.013912033031304899,-0.011557649478031914,-0.0030174421510650337,-0.03378616245191848,-0.006779163537108653,-0.03103441680955882,-0.019531578690622036,0.02021031570176512,-0.052366678955619174,-0.009015592867737642,-0.0087250780987357,0.03611682950908497,0.028144350831407417,-0.03853903141009924,0.0016048867240330681,-0.00889430586798605,-0.005656652906764915,0.01788391062703909,0.047362326556008874,-0.012844131519363616,0.014899946272156971,0.023408095598568282,-0.0075736141356435565,-0.00014391574402129167,0.01630195928251782,-0.026870579024454756,-0.024867332761584548,0.036062966496993774,0.029631512739876062,-0.054250001605602366,-0.02105154197077913,-0.03547867112852069,-0.010050156027239382,0.007408830509425882,0.005219877645468862,0.028413818851279072,1.0,0.024345543192484564,0.004367737945625186,-0.004495714465072565,-0.002118076185862901,0.014121704346866899,-0.012299167841436847,-0.002607890655114266,-0.03365113713113275,-0.00519934991866363,-0.03101111888325961,-0.018158214379213514,0.021322993863582967,-0.05332998450557398,-0.007698671592705136,-0.007414478014540854,0.03541929580433304,0.025057152493810263,-0.04136661856156417,0.0012445214699508557,-0.008456094264361244,-0.011263617004663733,0.018594490683240764,0.046402903892623006,-0.017324569404268568,0.019392021612755335,0.02107010387443146,-0.007486954395781255,-0.005212029962968176,0.019293352391621207,-0.023359512017082036,-0.025962498729464097,0.03940956127543019,0.03059026717595193,-0.056829013785629705,-0.016252894236369487,-0.02789842892771225,-0.009769208538163892,0.005961484207598899,0.004410380389297842,0.02974614152968168
3.4607348103232596,0.6238148462729592,0.885331347728965,6.0,117.0,120.0,102.0,101.0,78.0,44.0,36.0,25.0,9.0,6.0,1.0,133.0,117.0,123.0,116.0,117.0,126.0,111.0,123.0,113.0,111.0,113.0,111.0,0.18604651162790697,0.3674418604651163,0.44651162790697674,0.27015558698727016,0.3231966053748232,0.40664780763790664,0.012658227848101266,0.0052122114668652275,0.014892032762472078,0.010424422933730455,0.011169024571854059,0.01340282948622487,0.0022338049143708115,0.0052122114668652275,0.0029784065524944155,0.0022338049143708115,0.04095309009679821,0.01340282948622487,0.03276247207743857,0.0029784065524944155,0.024571854058078928,0.023827252419955324,0.0193596425912137,0.0022338049143708115,0.011913626209977662,0.0029784065524944155,0.0022338049143708115,0.016381236038719285,0.0037230081906180195,0.03276247207743857,0.016381236038719285,0.00967982129560685,0.03648548026805659,0.044676098287416234,0.0037230081906180195,0.03723008190618019,0.022338049143708117,0.014892032762472078,0.10796723752792256,0.0029784065524944155,0.049143708116157855,0.022338049143708117,0.03723008190618019,0.07297096053611318,0.06031273268801191,0.01340282948622487,0.020104244229337303,0.017870439314966492,0.007446016381236039,0.05063291139240506,0.0052122114668652275,0.024571854058078928,0.0022338049143708115,0.004467609828741623,0.0052122114668652275,0.0,1.0,-0.030387375038934655,-0.004705749798279576,-0.009320754598536507,-0.021086376328931386,0.009020576961495958,0.003220548213318855,-0.001138297551669353,-0.014588389115661182,0.05540269341955527,-0.012813626580530982,-0.0031571908123333094,0.01006082000126134,-0.002757275408024093,0.011685245132075297,-0.032850795780636086,0.039542585417454985,-0.025952858931484184,-0.0189359976091107,0.02493252926309381,0.0038210973409899865,-0.03148918535832952,0.009597767183670414,-0.019117620333997415,-0.03915733101777278,0.030162758522654137,-0.041373450706337425,0.07377858031716265,-0.010341781060031344,-0.024781190148643228,-0.006182868108755346,-0.018584413480250313,-0.009972235306713605,0.015814227296538173,-0.015695117797693524,0.0069040154327120054,0.026235134850508986,-0.019863489599182858,-0.04351259862687558,-0.012475061149850633,-0.029205188661368064,1.0,-0.03041001838844205,-0.005642755532935644,-0.009666589186623846,-0.02178037447498371,0.007645823785416824,0.003426425641405303,-0.0012705675625122325,-0.015028575177055708,0.05537670662983675,-0.009704257516240202,-0.003683775803513382,0.01037535795413003,0.00022375762080152064,0.010431038044608688,-0.032907743184471414,0.038971917208296604,-0.023043189595763156,-0.023974086099299644,0.02444034495548486,0.007281774500630614,-0.03491674402838812,0.008257157481723424,-0.01938704947817854,-0.03741228986058333,0.02137115859149143,-0.038287350369906055,0.07635331360657291,-0.012908465935075756,-0.024042428820977922,-0.004815571626331761,-0.016783967464198683,-0.014861263150534923,0.01949855228412126,-0.01821893769599739,0.011148182613084664,0.01741645037092666,-0.013436222690690145,-0.04548024451434491,-0.020140976117478504,-0.023095160693369983
3.501681382268206,0.6221986563257556,0.8845867460908414,3.0,108.0,124.0,119.0,90.0,79.0,36.0,23.0,40.0,11.0,8.0,1.0,134.0,121.0,128.0,124.0,122.0,130.0,95.0,125.0,121.0,117.0,124.0,105.0,0.16355140186915887,0.40498442367601245,0.43146417445482865,0.2690179806362379,0.334716459197787,0.3962655601659751,0.016381236038719285,0.0022338049143708115,0.011913626209977662,0.00967982129560685,0.011913626209977662,0.016381236038719285,0.0007446016381236039,0.008935219657483246,0.006701414743112435,0.0007446016381236039,0.03425167535368578,0.012658227848101266,0.039463886820551006,0.004467609828741623,0.02084884586746091,0.029039463886820552,0.022338049143708117,0.004467609828741623,0.014147431124348473,0.0052122114668652275,0.0029784065524944155,0.02531645569620253,0.0037230081906180195,0.029039463886820552,0.01563663440059568,0.011169024571854059,0.027550260610573342,0.0379746835443038,0.0029784065524944155,0.03201787043931496,0.021593447505584513,0.01712583767684289,0.0953090096798213,0.0029784065524944155,0.05956813104988831,0.02531645569620253,0.034996276991809384,0.0573343261355175,0.0774385703648548,0.011169024571854059,0.029039463886820552,0.012658227848101266,0.007446016381236039,0.040208488458674606,0.0037230081906180195,0.02680565897244974,0.0014892032762472078,0.004467609828741623,0.007446016381236039,0.0029784065524944155,1.0,0.021430366578884714,-0.014176328538644383,0.010753750796663672,-0.015706337817968215,-0.046430664150008655,-0.0506614563404699,0.06785694964599341,-0.0014976266793245558,-0.020595902091891372,-0.002953821086584103,0.02703387509585777,0.025448557863536198,0.007705180078626242,0.02521029016748495,-0.0034824773058397644,0.02628353767428088,-0.0057039500141250355,-0.0049680398032451575,-0.030341276647759232,-0.04203517825894997,0.005676601206565715,-0.0330366814593271,-0.0013262864958348587,0.015103794903375854,0.013243097643534428,-0.019496817983553995,-0.011792082807752206,0.014630515683514396,-0.031435670848923604,-0.02827559021220506,0.02971553278333592,0.017252274873379755,0.008676852376480769,-0.03904579193402784,0.003538773893921299,-0.012009037924702638,-0.010562472791681673,-0.03767478889366321,-0.000791842919259917,-0.04162057290424249,1.0,0.02144633555547106,-0.014664161480694307,0.01140896735147633,-0.016459243398426422,-0.04562138471677957,-0.04964038139771558,0.06964762338557205,-0.0051459227713578125,-0.019236921901565555,-0.007543300951470454,0.025052689641405772,0.028695280698997388,0.013455007324317486,0.01813981480062027,-0.0060908206957251965,0.03299209259525216,-0.0016523795327873913,-0.0036592466338710955,-0.03285897786540262,-0.03933817002400465,0.007393549616595425,-0.03128558602462753,-0.005541991844532029,0.009191446952855056,0.007328406910825967,-0.021378243131339063,-0.009996675644830696,0.007751665873034609,-0.02900246046850775,-0.025165280747300962,0.03135539770927712,0.01422154733702966,0.015696161065281912,-0.03878057782298323,2.579127517907647e-05,-0.007017042374586229,-0.001526567887831181,-0.04235438534144854,-0.0074597666738751706,-0.04956034399812017
3.448130254103697,0.618981697668746,0.8860759493670886,4.0,106.0,125.0,121.0,89.0,104.0,54.0,56.0,16.0,10.0,9.0,3.0,134.0,106.0,129.0,125.0,121.0,128.0,105.0,127.0,117.0,115.0,122.0,105.0,0.23529411764705882,0.3385939741750359,0.4261119081779053,0.2712691771269177,0.3333333333333333,0.39539748953974896,0.01340282948622487,0.008190618019359643,0.014892032762472078,0.016381236038719285,0.012658227848101266,0.011169024571854059,0.0022338049143708115,0.008190618019359643,0.0022338049143708115,0.0014892032762472078,0.03350707371556218,0.014147431124348473,0.03648548026805659,0.008190618019359643,0.014147431124348473,0.018615040953090096,0.017870439314966492,0.004467609828741623,0.006701414743112435,0.0037230081906180195,0.0014892032762472078,0.02084884586746091,0.0014892032762472078,0.03127326880119136,0.00967982129560685,0.008190618019359643,0.027550260610573342,0.0387192851824274,0.005956813104988831,0.03723008190618019,0.02308265078183172,0.014892032762472078,0.10945644080416977,0.004467609828741623,0.06552494415487714,0.018615040953090096,0.034996276991809384,0.06999255398361877,0.0766939687267312,0.006701414743112435,0.034996276991809384,0.02084884586746091,0.0052122114668652275,0.045420699925539834,0.004467609828741623,0.01712583767684289,0.0022338049143708115,0.007446016381236039,0.0052122114668652275,0.0014892032762472078,1.0,0.014363521646199653,0.0340491358930602,0.0079671224793538,0.04645793412147226,-0.011457336706164013,0.0301142034396596,0.039951846014507054,0.01678522339115185,-0.014493591562871324,0.009844265576462024,0.0212051883795318,-0.017082361140700577,0.029498571087374137,0.039042298787984056,-0.004706463142803201,-0.01300693030576043,-0.03142140148271721,0.027156957426535778,0.015986627070664176,0.050086302094133006,0.08317030694335266,-0.0064854459869223375,-0.03788156486573824,-0.032876691093113405,0.0178665683609812,-0.007004920830539032,-0.018351100722315824,-0.007292172408412261,0.006099542032183954,-0.03721975800108087,0.012105727863688626,-0.03357336843972753,0.011269876289184107,-0.005427894041961213,0.015819869515394054,-0.014253670962426756,-0.024653127138365403,0.0025192414105926217,0.005304853657432494,-0.007378232773526534,1.0,0.014374224717471042,0.03390030369019072,0.007033660338431087,0.04529760911442856,-0.013294770287630214,0.02758775817655573,0.039664174647711686,0.012088907815999141,-0.016852544821159027,0.006161835812066185,0.019270263692443258,-0.01927613619210271,0.02859168456068779,0.03637140280681413,-0.009347096223015237,-0.013092698752533532,-0.036052505828861596,0.02600636702637071,0.019200907018440773,0.04732747810424383,0.08129669804913663,-0.014303982341261597,-0.0414104730220752,-0.038801150617088574,0.013036739886673481,-0.005877715104441187,-0.024989910673579235,-0.011270584563775275,0.006460893424165496,-0.026809348922103945,0.015644721286022397,-0.03867318341824037,0.011144267824387752,-0.004827984474614002,0.012460815977841051,-0.00603699107571923,-0.01675736890226193,0.011113383311197609,-0.003545905980307026,-0.01249943600338147
3.369754118151043,0.6065093921745586,0.8823529411764706,2.0,90.0,112.0,97.0,79.0,96.0,0.0,62.0,21.0,18.0,16.0,0.0,134.0,107.0,126.0,117.0,117.0,124.0,1.0,121.0,113.0,110.0,115.0,80.0,0.26981450252951095,0.3625632377740304,0.3676222596964587,0.29960474308300394,0.3612648221343874,0.3391304347826087,0.00967982129560685,0.0052122114668652275,0.008190618019359643,0.008190618019359643,0.011913626209977662,0.010424422933730455,0.0007446016381236039,0.014147431124348473,0.0014892032762472078,0.0022338049143708115,0.03723008190618019,0.012658227848101266,0.039463886820551006,0.0007446016381236039,0.03350707371556218,0.024571854058078928,0.008935219657483246,0.004467609828741623,0.014147431124348473,0.0022338049143708115,0.0022338049143708115,0.04244229337304542,0.0022338049143708115,0.040208488458674606,0.006701414743112435,0.01340282948622487,0.04095309009679821,0.054355919583023084,0.0029784065524944155,0.0573343261355175,0.02084884586746091,0.005956813104988831,0.09233060312732688,0.0007446016381236039,0.055100521221146684,0.02308265078183172,0.04393149664929263,0.06701414743112435,0.06999255398361877,0.0022338049143708115,0.03350707371556218,0.008935219657483246,0.007446016381236039,0.03648548026805659,0.0022338049143708115,0.004467609828741623,0.0014892032762472078,0.007446016381236039,0.0029784065524944155,0.0007446016381236039,1.0,0.05801887510599512,-0.0015729005580752734,0.07127037650391002,0.02792399465609669,-0.030289028171085666,0.0005236805297124274,0.016777211711292074,0.0018918114833580263,0.023138171939677245,0.013850257900337315,0.027659860222877627,-0.04010921222511254,0.018992939297537335,-0.018434699399316835,-0.02375027081284083,0.0035493051324166735,0.022112883065312103,0.036879813822279374,-0.008907016314642111,0.046384047065160534,-0.03462383278031631,-0.008519820086390196,-0.017739771794668607,0.026249895327140938,0.011448221943821115,-0.021152731929500564,-0.0071050235675661705,0.031126664816283112,-0.03624917477254274,-0.049744790223539594,0.0076908944641376105,-0.0017637542566649436,-0.042633240202801806,0.001854760112343218,0.007878255955728532,-0.05694938791655068,-0.008026454695668997,0.016241666462717744,-0.029982323972993028,0.008904105044758845,1.0,0.05806210824690869,-0.004963186771284869,0.07205470659678768,0.01978538184811887,-0.032694648569963854,-0.0006429409357754983,0.013225407785241018,0.004086357810286649,0.024936055556319073,0.008200025872370776,0.02595880599444242,-0.04654384912596273,0.022220080087599802,-0.024843257811505728,-0.01598115858677574,0.006121794241441891,0.020872753530077143,0.03916306620239187,-0.01389905934972446,0.043113459885158106,-0.04568701838480683,-0.0026535415193061117,-0.018626860469287666,0.03013622333455163,0.016165758173545857,-0.024938360980224897,-0.012242312434372453,0.028679567454468865,-0.04074730050143111,-0.0387555276573119,0.003961906855447922,0.010533099826576414,-0.03965598399606961,0.008706315099921827,-0.0005124568626784016,-0.05423017317127879,-0.00039751528628359636,0.011471061645465573,-0.017498261508538338,0.02007879789998742
3.456384145855219,0.6144616156743287,0.8734177215189873,6.0,89.0,120.0,111.0,95.0,80.0,14.0,31.0,20.0,10.0,8.0,1.0,134.0,109.0,129.0,120.0,121.0,121.0,57.0,120.0,116.0,113.0,115.0,107.0,0.2,0.40341880341880343,0.39658119658119656,0.2753303964757709,0.34508076358296624,0.37958883994126286,0.01563663440059568,0.006701414743112435,0.00967982129560685,0.01563663440059568,0.008190618019359643,0.014892032762472078,0.0014892032762472078,0.004467609828741623,0.005956813104988831,0.0022338049143708115,0.04393149664929263,0.010424422933730455,0.0379746835443038,0.005956813104988831,0.016381236038719285,0.027550260610573342,0.01712583767684289,0.006701414743112435,0.008190618019359643,0.0029784065524944155,0.0029784065524944155,0.026061057334326135,0.0037230081906180195,0.028294862248696945,0.007446016381236039,0.01340282948622487,0.028294862248696945,0.05212211466865227,0.0029784065524944155,0.04169769173492182,0.029039463886820552,0.012658227848101266,0.10498883097542815,0.0022338049143708115,0.06254653760238273,0.016381236038719285,0.035740878629932984,0.06552494415487714,0.06775874906924795,0.010424422933730455,0.024571854058078928,0.014147431124348473,0.005956813104988831,0.04318689501116903,0.004467609828741623,0.014892032762472078,0.0014892032762472078,0.005956813104988831,0.005956813104988831,0.0029784065524944155,1.0,0.026183264457469702,0.018457553327881134,0.02557444849828636,0.0016060987486015415,-0.022515565696202038,0.03651803935709264,0.042878163227748865,0.0007661484564299257,0.029248104382995587,-0.016479559383345777,0.00633338125355854,-0.03759084462435133,0.0032232233169308335,-0.029539681925200137,0.005117590627891999,-0.03088398600674583,-0.041511466120387044,0.05088549616838642,-0.04207934039482657,-0.01746323264782897,-0.010549637853783959,-0.0165339193344009,0.010997821247567917,0.0028742284277506257,0.057272758198168607,-0.026218898201268995,-0.046147776700898036,0.007601859859730847,0.0241177419292302,0.03025366133581307,0.04706772451139645,0.01723935243224674,-0.031406543641113074,0.02144188845414273,0.027775746825988417,0.0072932890916352746,0.028208994223737297,0.05777038091791405,0.0025376392995510866,0.0015523050327550158,1.0,0.026202775086722665,0.017810724533200185,0.024714083493194077,-2.5376534050347653e-06,-0.023575493024964877,0.037268740597881996,0.04213273197575355,-0.0015631384893933379,0.02621863308698432,-0.020794842854425243,0.008081740197777564,-0.03850145477911669,0.0027467612892635505,-0.029648022237050427,0.005672047704717766,-0.03161510557194087,-0.040219680125229695,0.05650533705366163,-0.040560546569934026,-0.013932822790161926,-0.008235883330857287,-0.015807657025926798,0.02430877635539447,-0.0026579430587167253,0.06016031111466383,-0.028611426320640267,-0.050321638751667785,0.013447125775479107,0.02332160995997333,0.03785333168115784,0.034663200708027024,0.008568986086011183,-0.03626837892253233,0.02249528192578477,0.035012347161014104,-0.0031375560247035145,0.029445425439164258,0.045647338682718065,-0.001084578744625198,0.0006467662088477122
3.5044838506293168,0.6499274714193604,0.8905435591958303,8.0,121.0,127.0,111.0,113.0,87.0,46.0,22.0,18.0,10.0,10.0,1.0,134.0,121.0,131.0,122.0,123.0,129.0,107.0,127.0,123.0,123.0,123.0,113.0,0.17359050445103857,0.37388724035608306,0.45252225519287836,0.26422764227642276,0.3326558265582656,0.40311653116531165,0.018615040953090096,0.004467609828741623,0.01712583767684289,0.011913626209977662,0.014892032762472078,0.014892032762472078,0.0014892032762472078,0.0029784065524944155,0.004467609828741623,0.004467609828741623,0.03723008190618019,0.008935219657483246,0.040208488458674606,0.006701414743112435,0.011913626209977662,0.018615040953090096,0.02680565897244974,0.0037230081906180195,0.008935219657483246,0.0037230081906180195,0.0029784065524944155,0.027550260610573342,0.0029784065524944155,0.02531645569620253,0.00967982129560685,0.017870439314966492,0.024571854058078928,0.04095309009679821,0.006701414743112435,0.03648548026805659,0.0193596425912137,0.011913626209977662,0.08786299329858525,0.0022338049143708115,0.05286671630677588,0.023827252419955324,0.04244229337304542,0.06180193596425912,0.07446016381236038,0.011169024571854059,0.0387192851824274,0.023827252419955324,0.00967982129560685,0.0387192851824274,0.0014892032762472078,0.023827252419955324,0.0014892032762472078,0.011913626209977662,0.0037230081906180195,0.0014892032762472078,1.0,-0.03269517777246609,-0.03919456909982761,0.031707025022770764,-0.049023433067228395,-0.022982685603542673,0.056814741062491216,-0.022702383667866883,-0.026872790450253623,0.0379146170974839,-0.01419746433764719,0.012050361514359936,-0.0370187122180109,-0.00924401135782335,0.028039204243481785,-0.014023667974355532,-0.053512748807792644,0.020940536821250615,0.05780621238001892,0.00949529535361557,0.0099616337409813,-0.0390028046427798,0.0009528473556003046,0.02392136423143031,0.032887124237344856,0.01537488839138039,0.006464149843807017,0.00847149770658658,-0.008513804845406555,0.007762600241653851,0.02905954083429153,-0.018211460391467895,0.02191856904169712,-0.00860502900209657,0.006119025854871832,-0.029228090226472193,0.030171913734492767,-0.021848292182331325,-0.041595438820906265,0.03137345519130579,-0.038964294428025965,1.0,-0.032719540796141554,-0.04036680861060732,0.029199831763036102,-0.04888919167547856,-0.023960424968308552,0.0510734756656883,-0.018528978849451233,-0.025417349060300642,0.030053500737493948,-0.008494304902150836,0.015942359778502436,-0.045844636964797604,-0.005975085260111109,0.0272379639589733,-0.015103610791124407,-0.05486871587048608,0.01319680641572879,0.06309727054379255,0.01779750086149709,0.0015266106973404203,-0.03741904719748784,0.011797011007624389,0.02080170238066447,0.029779732962484224,0.019389270649771723,0.011598120188176892,0.01326475775728085,-0.012052598005123788,0.0065216483034581125,0.03995994455765655,-0.01556740843071864,0.019165956285243133,-0.012621105861852337,0.019505715313993612,-0.029716481267474063,0.025296811921152414,-0.02500419868214984,-0.041718423669224215,0.03185378176786385,-0.03662620596014164
3.479108292389725,0.6213818080970306,0.885331347728965,1.0,111.0,123.0,119.0,83.0,80.0,36.0,19.0,9.0,8.0,4.0,1.0,134.0,111.0,127.0,121.0,113.0,125.0,110.0,123.0,112.0,117.0,115.0,111.0,0.16835016835016836,0.3686868686868687,0.46296296296296297,0.2692036645525018,0.3262861169837914,0.4045102184637068,0.02084884586746091,0.007446016381236039,0.01563663440059568,0.011913626209977662,0.014892032762472078,0.01340282948622487,0.0014892032762472078,0.008190618019359643,0.008190618019359643,0.0037230081906180195,0.0387192851824274,0.011169024571854059,0.02531645569620253,0.0037230081906180195,0.017870439314966492,0.02680565897244974,0.018615040953090096,0.0022338049143708115,0.0029784065524944155,0.004467609828741623,0.004467609828741623,0.022338049143708117,0.0037230081906180195,0.026061057334326135,0.014147431124348473,0.007446016381236039,0.017870439314966492,0.04095309009679821,0.006701414743112435,0.03425167535368578,0.02680565897244974,0.011169024571854059,0.10424422933730454,0.0022338049143708115,0.058823529411764705,0.027550260610573342,0.04169769173492182,0.06031273268801191,0.0774385703648548,0.005956813104988831,0.04095309009679821,0.024571854058078928,0.006701414743112435,0.0379746835443038,0.0029784065524944155,0.01712583767684289,0.0022338049143708115,0.007446016381236039,0.006701414743112435,0.0014892032762472078,1.0,0.03480600312996246,-0.007521372809419788,0.01719836295470441,-0.0041877674464096855,0.016014258955217787,0.028999826398963723,-0.017233185185012517,-0.021274890902586007,0.022277476217118567,0.0015019585480184994,0.0648182194127651,-0.021541786708705428,0.04531690635702142,-0.004110537644313872,0.01466147459362862,0.002489297156870481,-0.009391905979675938,0.008302765857202828,0.006543816785185283,0.019447648388619787,0.0012046307033665958,0.05587646441471272,0.022438582048412405,0.015545322897467089,0.0049185245966299335,-0.027685034880512667,-0.041630840367301504,-0.007101904245318673,-0.005097776971851843,0.037094321157598024,0.005108970363246864,-0.0019685199901439653,-0.012001961066344477,-0.007833799153531303,-0.00885697574266482,0.0014764790093661747,-0.011286715722919193,-0.006739702825475312,0.011974404985836924,0.03304511537129577,1.0,0.03483193904883724,-0.008756478265228344,0.017829541454841356,-0.00550919002592672,0.01674045769204638,0.027629220002832543,-0.01890937944418481,-0.02028046898220302,0.02282940163184377,0.00022488670843088033,0.06554954674467729,-0.027839661752077638,0.05100947028364119,-0.01053799901316523,0.01612313137157403,-0.0025959638207166988,-0.01042390312926819,0.010412669685503055,0.005381149845277185,0.01762936721568544,0.0017483259942734622,0.051545528913040324,0.023169086591234685,0.006957384933304086,0.005296757232253762,-0.03378558763055231,-0.04042204117525414,-0.008586115966704052,-0.006611950135305089,0.043240581372606134,-0.0014600593644455593,0.003109825825081475,-0.022061184559707587,-0.009405690406459891,-0.01697696676879687,-8.130255001144598e-05,-0.008615082650917264,-0.000724529414854109,0.014675410741836118,0.037598976661319124
3.510067147316953,0.6548739337299846,0.877885331347729,3.0,110.0,124.0,119.0,102.0,66.0,28.0,12.0,8.0,4.0,5.0,1.0,134.0,113.0,129.0,124.0,125.0,125.0,100.0,125.0,111.0,113.0,113.0,111.0,0.13917525773195877,0.40034364261168387,0.46048109965635736,0.26985242445537594,0.3323963457484188,0.3977512297962052,0.014892032762472078,0.008190618019359643,0.006701414743112435,0.01563663440059568,0.02680565897244974,0.012658227848101266,0.0014892032762472078,0.006701414743112435,0.0052122114668652275,0.0022338049143708115,0.03350707371556218,0.010424422933730455,0.0387192851824274,0.00967982129560685,0.0193596425912137,0.02084884586746091,0.016381236038719285,0.006701414743112435,0.008935219657483246,0.004467609828741623,0.0029784065524944155,0.021593447505584513,0.0022338049143708115,0.02531645569620253,0.014147431124348473,0.014892032762472078,0.014147431124348473,0.045420699925539834,0.008190618019359643,0.03052866716306776,0.02084884586746091,0.011169024571854059,0.10722263588979895,0.004467609828741623,0.05137751303052867,0.03052866716306776,0.034996276991809384,0.07073715562174236,0.058078927773641105,0.006701414743112435,0.035740878629932984,0.017870439314966492,0.011913626209977662,0.04839910647803425,0.0014892032762472078,0.016381236038719285,0.0029784065524944155,0.010424422933730455,0.006701414743112435,0.0029784065524944155,1.0,0.024497447736963975,-0.06019298815166084,-0.014270322679962427,0.08072004827555365,0.018678585514213815,0.005377139797304866,0.005821114570440615,0.03698673284013522,0.057516946109059504,0.029585327892941618,-0.029049343720335883,0.016220443589388924,-0.0013651345857469447,0.05896348185816949,0.06665137512441259,-0.011739232911066757,-0.027827782116463102,0.014954815492562177,-0.030513469050047225,0.018031101727745247,0.008101671385700093,0.02358946531262808,0.029581887885539657,-0.014140206137940287,-0.037595538216638996,-0.005759197175371503,0.02572089403271038,0.031209975447042307,0.010769495464021788,-0.002747343766278435,0.014645509565372576,-0.04724800146337323,-0.04501559666010975,0.0350894144498077,0.041703560782894174,0.06542056320408969,0.025408217954259883,0.05908191437205315,0.022541282708083078,-0.030664814686613712,1.0,0.024515702168958747,-0.06092039544525308,-0.011289516747082532,0.07829274339313622,0.013247708590754637,0.01378170729587167,0.009450395449094222,0.032366505810444764,0.055462597363774034,0.02996008880498289,-0.02507335274353707,0.01720145481178408,-0.014502493988684842,0.05496661847048352,0.06732275562713114,-0.013421697833543134,-0.021821640723368806,0.0034368549595615513,-0.04896049671128492,0.02167666796005006,0.005513382425188849,0.018174067763691557,0.028767282928941793,-0.0263848170963546,-0.03318332125315033,-0.003941465420461385,0.01724649745973975,0.03222788268016736,0.011351990624121346,-0.008238295562242367,0.018082790738683706,-0.05764668624066543,-0.03984180717196147,0.04346226401238975,0.028289415441473686,0.07018331429016914,0.029454754136217846,0.0595680427848968,0.03158564781831038,-0.030737848265616166
3.529634547226298,0.6549557966808781,0.8920327624720774,1.0,114.0,121.0,119.0,112.0,90.0,28.0,39.0,18.0,16.0,17.0,13.0,134.0,116.0,131.0,127.0,124.0,130.0,107.0,127.0,125.0,121.0,127.0,123.0,0.18895348837209303,0.3851744186046512,0.4258720930232558,0.2620643431635389,0.3331099195710456,0.40482573726541554,0.011913626209977662,0.011169024571854059,0.01712583767684289,0.01340282948622487,0.008935219657483246,0.012658227848101266,0.0007446016381236039,0.005956813104988831,0.006701414743112435,0.004467609828741623,0.04988830975428146,0.01563663440059568,0.03425167535368578,0.0052122114668652275,0.024571854058078928,0.024571854058078928,0.02308265078183172,0.0037230081906180195,0.008935219657483246,0.008935219657483246,0.0029784065524944155,0.0193596425912137,0.0029784065524944155,0.024571854058078928,0.011913626209977662,0.01563663440059568,0.03425167535368578,0.044676098287416234,0.0052122114668652275,0.03425167535368578,0.020104244229337303,0.014892032762472078,0.0953090096798213,0.0037230081906180195,0.04393149664929263,0.02680565897244974,0.03425167535368578,0.058823529411764705,0.06999255398361877,0.006701414743112435,0.03052866716306776,0.02531645569620253,0.008935219657483246,0.034996276991809384,0.0014892032762472078,0.01712583767684289,0.0029784065524944155,0.008935219657483246,0.006701414743112435,0.0007446016381236039,1.0,-0.014920617943352246,0.0002549773002576524,-0.026287904580122836,0.02012634960644811,-0.0019928860531227433,-0.02062280369690936,0.02872222364368541,-0.010102843289951263,0.011324644716851262,-0.007418273937855284,-0.05545561475913219,-0.044871448225020226,0.00031650935611424646,-0.0012292532795492507,0.04461587856416496,-0.01066786265950504,0.06202626449555742,0.043952034147916784,-0.048503988808981956,-0.012157892798691701,0.028267250957031642,0.0052476696816322185,2.136851902732886e-05,-0.012479528690771374,0.03020252637165092,0.002143913891784574,-0.015101598489952035,0.0071574381184311775,-0.03177410380454946,0.023288831540685034,0.006743608251829925,0.006116099640583786,-0.026610102404889185,-0.0466102452024046,0.028859119755228813,0.011316815522012582,-0.023601710862842844,0.007328930265640671,0.04233630316491271,0.03228122179832553,1.0,-0.01493173613854102,3.2408061086601074e-05,-0.026348335947655403,0.019417577975906583,-0.0014238453975135288,-0.021476854719385336,0.02935349079476609,-0.009852938920675344,0.010103356581637008,-0.004799082011097821,-0.058036221736559306,-0.046434804652690315,-0.000669649047095067,-0.005329752592392211,0.04634630872059288,-0.008718785560535632,0.060987783160295,0.0508977485015037,-0.049196153679528905,-0.010108862535506738,0.030612563633594075,-0.005790963733717113,0.0007170804675541851,-0.016238269405984305,0.02662688829973434,0.01092745594164713,-0.013192961784022269,0.015474533226832326,-0.021907957453171277,0.017197431664300804,0.00717795357999519,-0.0010927739366057786,-0.0259057064308921,-0.047939006907929835,0.01948837152518733,0.017664358345146566,-0.018529343783842578,0.0056595419296037374,0.04073326463643819,0.031321203252412076
3.467049244940053,0.615931773453714,0.877885331347729,11.0,85.0,115.0,108.0,88.0,91.0,13.0,61.0,7.0,9.0,13.0,1.0,133.0,106.0,126.0,123.0,116.0,129.0,45.0,125.0,115.0,113.0,113.0,76.0,0.2707641196013289,0.3521594684385382,0.3770764119601329,0.29318181818181815,0.35378787878787876,0.353030303030303,0.01340282948622487,0.005956813104988831,0.012658227848101266,0.008935219657483246,0.014892032762472078,0.007446016381236039,0.0014892032762472078,0.01340282948622487,0.0029784065524944155,0.0037230081906180195,0.04169769173492182,0.008190618019359643,0.035740878629932984,0.00967982129560685,0.02531645569620253,0.021593447505584513,0.018615040953090096,0.0029784065524944155,0.006701414743112435,0.0037230081906180195,0.0014892032762472078,0.029039463886820552,0.0037230081906180195,0.029039463886820552,0.007446016381236039,0.018615040953090096,0.03052866716306776,0.04690990320178704,0.006701414743112435,0.0379746835443038,0.02308265078183172,0.007446016381236039,0.11094564408041697,0.0007446016381236039,0.054355919583023084,0.020104244229337303,0.0387192851824274,0.054355919583023084,0.06701414743112435,0.008935219657483246,0.039463886820551006,0.014147431124348473,0.006701414743112435,0.040208488458674606,0.0022338049143708115,0.020104244229337303,0.006701414743112435,0.00967982129560685,0.0037230081906180195,0.0007446016381236039,1.0,0.030864885520966816,-0.015048177204641206,-0.01611299232213241,0.03888621019607615,0.00971885287807803,0.0016560575277557292,0.024245790842571092,0.002484020018742333,0.023142895861043265,0.02935614690125176,-0.01627609048629671,-0.007245175926677966,-0.04576506102820574,0.013880907851265518,0.015786852702335975,-0.01842561245417823,-0.05927575822697879,-0.022054358695411776,0.007422866298240306,-0.0491287628227382,-0.023501261008902857,0.014021443078204632,-0.011309756448133779,0.018947707456240057,-0.04305709078809492,-0.0012565401237263542,-0.044462371005980786,0.03225966930295346,0.0009581348442427495,0.044099627129822766,0.002124893931413412,-0.014086386457657153,-0.036854394358146976,-0.01473622654568687,-0.04153954401715052,0.054763427862031575,0.023203272580187763,0.0016918247203492204,-0.010882601330876429,-0.013959132229186213,1.0,0.030887884690505546,-0.016039984973453665,-0.015199066331875448,0.03979755389844911,0.006819357531363317,0.0020633206339553726,0.02585906546702658,-0.0002995141368840384,0.02345510735378685,0.028922715764735416,-0.019600837456664837,-0.005022813804324626,-0.04749685359998598,0.012863799072217132,0.014471162278260475,-0.021490511232520583,-0.05599332011022525,-0.019057288893402524,0.004175209501077684,-0.04958011939453157,-0.01620723924830766,0.018231265091318744,-0.012132394539379325,0.023766381650024593,-0.042041312636977794,0.0028801922730300094,-0.03805898141659827,0.03415213536855021,-0.0015866377371879555,0.045461845822076824,0.0015509847862315465,-0.012129193341004424,-0.042582579298363385,-0.018958302791568883,-0.042463651988321464,0.05784564343903059,0.015709797463155695,-0.008087656835421422,-0.004701996147556998,-0.02276442318800412
3.524313150733812,0.6688471067649863,0.8830975428145942,2.0,117.0,122.0,113.0,117.0,94.0,54.0,39.0,16.0,5.0,8.0,0.0,134.0,118.0,129.0,123.0,125.0,127.0,107.0,127.0,120.0,121.0,121.0,107.0,0.1965065502183406,0.3653566229985444,0.438136826783115,0.26593557230980125,0.33516106922549693,0.3989033584647019,0.01712583767684289,0.012658227848101266,0.01563663440059568,0.020104244229337303,0.012658227848101266,0.011913626209977662,0.004467609828741623,0.0052122114668652275,0.008190618019359643,0.0037230081906180195,0.035740878629932984,0.00967982129560685,0.044676098287416234,0.006701414743112435,0.02308265078183172,0.023827252419955324,0.011169024571854059,0.004467609828741623,0.008190618019359643,0.004467609828741623,0.004467609828741623,0.018615040953090096,0.0052122114668652275,0.020104244229337303,0.008190618019359643,0.00967982129560685,0.029039463886820552,0.045420699925539834,0.008190618019359643,0.0379746835443038,0.029039463886820552,0.012658227848101266,0.10275502606105734,0.0022338049143708115,0.045420699925539834,0.016381236038719285,0.035740878629932984,0.05584512285927029,0.06478034251675353,0.0193596425912137,0.028294862248696945,0.021593447505584513,0.0052122114668652275,0.05212211466865227,0.0022338049143708115,0.018615040953090096,0.0022338049143708115,0.005956813104988831,0.007446016381236039,0.0014892032762472078,1.0,-0.001697152515467126,-0.006518191616126529,0.024491037740958788,-0.0036804770929811147,0.012011180499518428,-0.007445210554968778,0.06206952133819226,0.004597063771097058,0.01995716820112001,0.02684155928433985,0.011030733747245888,0.020571569571475674,0.015474883056378473,0.025796130313766114,-0.06381745054406736,-0.029988538088294818,-0.03576601252345699,-0.02303128531629919,7.425411371659534e-05,0.0008687605249080188,0.055086970574142455,0.0224495465151498,0.0035414512113939286,-0.0009161807962359417,-0.05715202881034949,0.05831638800333727,0.02210629237421525,-0.005926174034974109,0.032731916623439855,0.02802310336518064,-0.016515578842045204,0.02846843577681696,-0.011430943134752358,-0.04404496085454394,-0.019458000843291245,0.024695790585866628,0.00805340298489685,-0.037891866602765126,-0.011401543338466045,-0.011866359423570625,1.0,-0.0016984171596664448,-0.00653081646533905,0.02452473360408733,-0.003656513183045321,0.01237255293186101,-0.008099875847491732,0.06277174837660739,0.00405658596722667,0.02158392098100456,0.023956338816400285,0.012142145473915024,0.01875371866733512,0.015859744824506528,0.022014434508743932,-0.06621921973866218,-0.03351074450174449,-0.042740933351550735,-0.02339357797084726,-0.004235955171521808,0.0005624141863168332,0.05262301662556998,0.030407338526406882,0.008021231325042361,0.0031316550947936552,-0.0528461287522586,0.0625535591593639,0.028002691840359986,-0.0033420144305729457,0.03369810101820992,0.02614583850479379,-0.02411740365317393,0.02710102933283104,-0.029176550861071595,-0.05454869242349234,-0.02865253991012483,0.02444543327397792,0.011956580564867897,-0.031208433037634275,-0.013728495240639463,-0.021933770491005644
3.507713521759936,0.6287268520751716,0.8875651526433358,1.0,109.0,120.0,113.0,89.0,79.0,32.0,35.0,34.0,16.0,4.0,1.0,134.0,110.0,122.0,124.0,111.0,126.0,101.0,116.0,111.0,110.0,117.0,105.0,0.18167456556082148,0.3981042654028436,0.42022116903633494,0.27108868060562363,0.3287671232876712,0.4001441961067051,0.01712583767684289,0.0052122114668652275,0.016381236038719285,0.012658227848101266,0.01340282948622487,0.011913626209977662,0.0014892032762472078,0.007446016381236039,0.005956813104988831,0.0052122114668652275,0.03201787043931496,0.011169024571854059,0.029784065524944156,0.008935219657483246,0.02084884586746091,0.022338049143708117,0.014892032762472078,0.0029784065524944155,0.011169024571854059,0.0052122114668652275,0.0007446016381236039,0.018615040953090096,0.005956813104988831,0.03350707371556218,0.020104244229337303,0.01340282948622487,0.02680565897244974,0.03648548026805659,0.0022338049143708115,0.03276247207743857,0.02084884586746091,0.01563663440059568,0.10573343261355175,0.0022338049143708115,0.0573343261355175,0.03350707371556218,0.03127326880119136,0.05956813104988831,0.06924795234549516,0.010424422933730455,0.04393149664929263,0.0193596425912137,0.005956813104988831,0.0387192851824274,0.0007446016381236039,0.014147431124348473,0.004467609828741623,0.011913626209977662,0.006701414743112435,0.0014892032762472078,1.0,0.006455190428740779,0.0175233008020468,0.0011500839988829975,0.024491438723690973,0.01059823849410147,0.027406626257327045,-0.02296330460030482,-0.003754916856625273,0.0066061858350939286,0.010921057614672141,-0.029561897780206816,0.03230324107979432,0.0030049348276997177,0.028597519751126652,0.047474095175105806,0.04811082711593896,-0.011257696506361672,0.020375279950349504,0.01357505594178924,0.06659221342222575,-0.010353637670663707,0.00671996539586604,-0.0030779123001828854,-0.026405902619342295,0.01859214765606605,0.015410729044604205,0.0031973489167013832,0.06452666979336656,0.0036766633819907157,0.02352890067192396,0.04544789937264942,0.05655031609673866,-0.015701202749188268,0.041709061153934,0.017952035300364568,0.019076859297026346,-0.0015414240693453,-0.03742372465851288,0.030164729295293673,-0.023810101785830647,1.0,0.006460000555736855,0.017508434526790104,0.0009284932350103177,0.024252614454521357,0.010302584272070463,0.026581856113046646,-0.023850705374996752,-0.005022348795241549,0.00695238372770593,0.009719630306765066,-0.029668779244065586,0.032689016645789604,0.004630378019265659,0.026974647205064702,0.04824456732859506,0.046348957549771974,-0.012370896367373978,0.014882695696650251,0.012028022096586858,0.06357389853628251,-0.013284676661081109,0.0030137669872118723,0.0009764706954073008,-0.033434038886338155,0.01851041933232652,0.014721625910115752,0.005890432351352649,0.062337710579815894,0.0008107155480902764,0.017230577096669045,0.043834649099516614,0.04802659305257855,-0.01859042881154398,0.03246581368370304,0.011056972923693394,0.01347038705224699,-0.002538592206941019,-0.04406435440786018,0.039396231201187,-0.03602287429773631
3.530494144016119,0.6494247828717028,0.8987341772151899,4.0,123.0,120.0,108.0,94.0,87.0,54.0,62.0,34.0,21.0,11.0,11.0,134.0,123.0,129.0,124.0,123.0,130.0,122.0,129.0,123.0,123.0,125.0,121.0,0.20987654320987653,0.35253772290809327,0.4375857338820302,0.26095617529880477,0.32735723771580344,0.4116865869853918,0.01712583767684289,0.0052122114668652275,0.01340282948622487,0.0193596425912137,0.021593447505584513,0.018615040953090096,0.0014892032762472078,0.008190618019359643,0.0029784065524944155,0.0029784065524944155,0.034996276991809384,0.011169024571854059,0.0387192851824274,0.0022338049143708115,0.02084884586746091,0.02531645569620253,0.02084884586746091,0.0029784065524944155,0.010424422933730455,0.0029784065524944155,0.006701414743112435,0.03052866716306776,0.0022338049143708115,0.029039463886820552,0.01712583767684289,0.01340282948622487,0.02680565897244974,0.04095309009679821,0.005956813104988831,0.03425167535368578,0.029784065524944156,0.011169024571854059,0.09977661950856292,0.0014892032762472078,0.04616530156366344,0.020104244229337303,0.039463886820551006,0.05361131794489948,0.0573343261355175,0.010424422933730455,0.03723008190618019,0.023827252419955324,0.005956813104988831,0.035740878629932984,0.005956813104988831,0.01563663440059568,0.0007446016381236039,0.007446016381236039,0.008935219657483246,0.0007446016381236039,1.0,-0.0018974905921829365,-0.040910113205588565,0.0223427454186297,0.05658233031908494,-0.04255148180199674,-0.029582264543393997,-0.002520232256114857,-0.015965452802464884,0.02464646623511676,0.007794804577416076,-0.050923344955367045,-0.011806504906167654,-0.016772765949527514,0.007722849984606669,-0.026372539978835572,0.04121404883663028,0.003201311263047041,-0.03278689404730047,0.007562138113482676,-0.028791582882763393,-0.010357530709362465,0.04416581290360242,1.1606290107713855e-05,0.0017306375837172151,0.01164361465271919,0.024333784974950985,-0.02640069844992231,0.0260484890861044,0.042608670474744995,0.001434528016189544,-0.027076840377700195,0.03636799975423868,-0.0017249414380841115,-0.04162850542816369,0.006028851520181808,0.016483066276710086,-0.05198352731581417,0.014957206072616405,-0.013374164119266422,-0.008704455117509386,1.0,-0.0018989045195988844,-0.04097488113013039,0.022271443597442854,0.05526083882768697,-0.04090825849585839,-0.026035220615862435,-0.008327307958201923,-0.01962013939240772,0.03046267541849707,0.008253551163588682,-0.05071153616122762,-0.011985530969099484,-0.026211087839847803,0.009582007990193774,-0.019981692809128145,0.04105771631328437,0.0005764982353386103,-0.034154595366423346,0.005856846709586942,-0.036330689729976086,-0.005902296626344079,0.0484924733121898,-0.004637995864710585,0.008029356819600585,0.006520515493795528,0.012832226300766981,-0.017352550308220284,0.02946131378822998,0.042246314239072345,0.004266778652246354,-0.026707265779935284,0.029759582968205838,-0.007055066814885213,-0.030463958397117553,0.010572878677616047,0.012230598831623102,-0.04510787690339157,0.01216715973113354,-0.02108396855500134,-0.001777275946406611
3.5021181562675987,0.6330924113722941,0.8808637379002234,3.0,106.0,129.0,115.0,91.0,89.0,9.0,28.0,5.0,20.0,15.0,0.0,134.0,111.0,130.0,121.0,115.0,128.0,95.0,125.0,115.0,119.0,127.0,103.0,0.19672131147540983,0.37868852459016394,0.4245901639344262,0.2719606465214336,0.3302881236823612,0.3977512297962052,0.011913626209977662,0.011169024571854059,0.011169024571854059,0.017870439314966492,0.01340282948622487,0.01340282948622487,0.0037230081906180195,0.006701414743112435,0.0052122114668652275,0.004467609828741623,0.04244229337304542,0.010424422933730455,0.04169769173492182,0.007446016381236039,0.014147431124348473,0.02308265078183172,0.012658227848101266,0.0052122114668652275,0.011169024571854059,0.004467609828741623,0.0029784065524944155,0.026061057334326135,0.0029784065524944155,0.020104244229337303,0.00967982129560685,0.011169024571854059,0.028294862248696945,0.04988830975428146,0.0037230081906180195,0.035740878629932984,0.03276247207743857,0.010424422933730455,0.0975428145941921,0.0029784065524944155,0.04839910647803425,0.027550260610573342,0.03648548026805659,0.06329113924050633,0.07371556217423679,0.010424422933730455,0.027550260610573342,0.00967982129560685,0.008935219657483246,0.04616530156366344,0.0037230081906180195,0.016381236038719285,0.0029784065524944155,0.005956813104988831,0.011913626209977662,0.0007446016381236039,1.0,0.020143627902032404,-0.03255624009043181,0.0064260964150621765,-0.0010528172458700153,-0.04003732471387516,0.007758688333724035,0.013714919726524919,-0.03421977683758609,0.04201373026462351,0.008443449666191826,0.003437451396434348,0.004841199428441108,-0.018575090609005106,0.004098328691840302,-0.0291276551601071,-0.006302952058453137,0.02906410763068593,0.01677733348907179,-0.02040063111731531,0.027400285805359362,0.00959439850805903,0.02961260943240134,-0.050288141393513675,-0.04143595265933426,-0.034218554897047504,0.003945260765150019,0.033593370662928536,0.013722898299430884,0.04503213104055595,-0.01872120850166118,0.005634228025755075,0.0224549096875122,-0.005476564449363808,-0.06094157407131486,0.040756086893543604,0.0440646192480269,-0.033724877718799284,0.018406134065806126,0.002148225736706755,0.00823745201020191,1.0,0.02015863805695196,-0.03302458617047639,0.0077968565484819105,-0.002434758949886018,-0.03970749856716306,0.009338441830688963,0.01085722453112848,-0.033986633833120866,0.04455946661368941,0.0026584158932575278,0.0071075734244543005,0.00553167757902889,-0.02177815896584503,0.009239870401802784,-0.030662998539739476,-0.00647967539715367,0.031232187948631477,0.012144381317723005,-0.018832447922687786,0.02770057695745792,0.00477100007189389,0.03756065672299305,-0.054758069756844996,-0.038607630446728484,-0.03171070011596601,0.0022395574312929663,0.03254778400612234,0.010689393770991876,0.04311028496608804,-0.01940139398739944,0.004236334782153168,0.026423028579194614,-0.0022564974200492615,-0.05840372286729531,0.04743168959136997,0.037366678039412446,-0.028728815765774005,0.011600893649497198,-0.00890518225377755,0.01672091212648314
3.495392101904178,0.6405345520610211,0.8771407297096053,11.0,107.0,121.0,105.0,99.0,85.0,27.0,36.0,22.0,28.0,10.0,3.0,134.0,110.0,126.0,118.0,117.0,128.0,93.0,117.0,111.0,119.0,113.0,110.0,0.2018348623853211,0.38837920489296635,0.40978593272171254,0.2714899713467049,0.3330945558739255,0.3954154727793696,0.016381236038719285,0.007446016381236039,0.012658227848101266,0.010424422933730455,0.014892032762472078,0.00967982129560685,0.0007446016381236039,0.006701414743112435,0.0037230081906180195,0.0007446016381236039,0.04169769173492182,0.004467609828741623,0.03648548026805659,0.006701414743112435,0.018615040953090096,0.03425167535368578,0.01563663440059568,0.0037230081906180195,0.010424422933730455,0.008190618019359643,0.0029784065524944155,0.023827252419955324,0.0037230081906180195,0.03350707371556218,0.01712583767684289,0.008935219657483246,0.027550260610573342,0.0379746835443038,0.0037230081906180195,0.03425167535368578,0.028294862248696945,0.006701414743112435,0.0960536113179449,0.0037230081906180195,0.05361131794489948,0.029039463886820552,0.034996276991809384,0.07371556217423679,0.05286671630677588,0.01340282948622487,0.035740878629932984,0.01340282948622487,0.00967982129560685,0.04765450483991065,0.0022338049143708115,0.017870439314966492,0.0029784065524944155,0.010424422933730455,0.00967982129560685,0.0007446016381236039,1.0,0.004907679874490918,-0.02963348987964799,-0.003058025747048032,0.03521763160913101,-0.015644700347490145,-0.017300267365488346,-0.006528656497055149,0.04535583257159984,0.026578780201552236,0.013005164492076138,-0.011947950024090171,0.02938598021652555,0.0265595286520029,-0.01688091654010082,0.0017291067566135548,0.01618619825780764,0.025304819833199668,-0.005078300416518792,-0.026980499521835056,-0.018167918779574604,0.03544721191698602,-0.028553797530873837,-0.016375249326982044,-0.0017505620638203713,0.03700902866867418,-0.043379298880531866,0.01903597772350496,-0.00017414388727860893,-0.0007812617146639418,-0.02098497055392389,0.006216170309769346,0.05024459269534008,0.030768341017236193,0.013845424149933045,-0.023263436386195956,0.0216393655876248,-0.05340455205710372,-0.05238081437562396,-0.02163181568055853,0.0622896262163449,1.0,0.004911336863965206,-0.029702523678041423,-0.0027714183534512213,0.034502145387878005,-0.016261117856131744,-0.015215492738713941,-0.0071087833312453875,0.04356426306105976,0.027012480473111396,0.01624010419520721,-0.010526076787900275,0.027351163196941357,0.025591209342217043,-0.014580718999135227,0.006178636938005203,0.012262807485951066,0.02252054709068645,-0.003945861176880453,-0.025585273957500737,-0.021616824501633596,0.030407018918879748,-0.030192660575932784,-0.01223273866523891,-0.0038437014903385824,0.028791024389875946,-0.04413081943535601,0.025120902851628206,-0.0010557188738659492,-0.005613452675474435,-0.017588077622914963,0.008141873743870315,0.05547617943384983,0.027034537061072113,0.019398633638412363,-0.02028285745967473,0.023217372887237138,-0.060863472624552,-0.0501355347773102,-0.018902208267628826,0.05666436463052001
3.477235393526582,0.658771514721481,0.8830975428145942,0.0,111.0,118.0,119.0,98.0,86.0,45.0,19.0,19.0,5.0,3.0,0.0,134.0,112.0,126.0,123.0,119.0,126.0,111.0,123.0,113.0,112.0,113.0,112.0,0.16853932584269662,0.3868378812199037,0.4446227929373997,0.26896067415730335,0.3279494382022472,0.40308988764044945,0.012658227848101266,0.00967982129560685,0.014892032762472078,0.0193596425912137,0.011913626209977662,0.01712583767684289,0.0014892032762472078,0.01340282948622487,0.0014892032762472078,0.0052122114668652275,0.03127326880119136,0.012658227848101266,0.02308265078183172,0.0014892032762472078,0.020104244229337303,0.02308265078183172,0.020104244229337303,0.0022338049143708115,0.0029784065524944155,0.004467609828741623,0.0052122114668652275,0.018615040953090096,0.0022338049143708115,0.03201787043931496,0.016381236038719285,0.014892032762472078,0.020104244229337303,0.040208488458674606,0.0029784065524944155,0.03350707371556218,0.024571854058078928,0.011169024571854059,0.11913626209977662,0.0052122114668652275,0.054355919583023084,0.021593447505584513,0.039463886820551006,0.06701414743112435,0.06850335070737155,0.008190618019359643,0.028294862248696945,0.01712583767684289,0.008190618019359643,0.04988830975428146,0.004467609828741623,0.011169024571854059,0.0029784065524944155,0.012658227848101266,0.008935219657483246,0.0022338049143708115,1.0,-0.0030449568207727884,0.00739529928221932,-0.038692441896083014,0.022956864861143532,0.02205550717470529,0.032021774030963165,-0.04095425111877892,0.028268677348514785,0.009229356398473429,-0.002901617794383315,-0.017233862476880937,0.03227873088280615,-0.0018006873725451384,0.010418945615991984,-0.03256940895510777,0.04654508722655066,0.013188564591091223,-0.009563361038035713,-0.014967619550113567,-0.0077822856027781094,-0.012776914096965032,-0.04722739155786924,0.0007093742086260527,0.030810651669591273,0.036946627547831706,0.020194815770583106,0.00014255182033078313,-0.018856561383546473,-0.02742153337884493,0.025452752561592556,-0.007542914124329801,-0.016383812336741316,0.040733677412250216,-0.027748764613503205,0.03656867868354031,0.014063965842118945,-0.01922945880859267,-0.021065144928288846,-0.004981838245675455,0.02032565316159862,1.0,-0.0030472257900878187,0.007397111912845902,-0.03873660351658799,0.022782946735266374,0.022859999688459684,0.030507922997948234,-0.0397061113083049,0.029128571835925984,0.011424240362328733,-0.008349001464091102,-0.015137228847088463,0.0332740371451587,-0.0011812561859896576,0.005100093557781983,-0.028026918058484125,0.04710298969422678,0.012945994473504082,-0.016314697910634106,-0.007431695683918397,-0.009027491443183142,-0.015094905067009083,-0.05523569262974995,0.006937175814166871,0.03177665049571315,0.032903008703539766,0.022186113813701266,0.009425392390842198,-0.01841641013672124,-0.034714221602214095,0.024061222564186607,-0.005353941500706743,-0.021241352393126245,0.04269599960637814,-0.02429825646730847,0.037182822051170974,0.016423472981977157,-0.02246862562744359,-0.01741557062907678,-0.008175087140065358,0.02130893493515731
3.520776563583205,0.6489959196987285,0.8875651526433358,2.0,119.0,126.0,109.0,83.0,107.0,54.0,42.0,10.0,15.0,7.0,0.0,134.0,119.0,131.0,126.0,115.0,130.0,113.0,125.0,119.0,119.0,123.0,116.0,0.22403560830860533,0.3219584569732938,0.4540059347181009,0.2646258503401361,0.3258503401360544,0.4095238095238095,0.016381236038719285,0.01340282948622487,0.011913626209977662,0.011169024571854059,0.01340282948622487,0.011913626209977662,0.0022338049143708115,0.0052122114668652275,0.008190618019359643,0.0037230081906180195,0.03648548026805659,0.014147431124348473,0.034996276991809384,0.008190618019359643,0.018615040953090096,0.021593447505584513,0.018615040953090096,0.0029784065524944155,0.006701414743112435,0.0029784065524944155,0.0037230081906180195,0.023827252419955324,0.0029784065524944155,0.020104244229337303,0.018615040953090096,0.008190618019359643,0.022338049143708117,0.0387192851824274,0.0022338049143708115,0.03425167535368578,0.034996276991809384,0.01340282948622487,0.10945644080416977,0.0052122114668652275,0.054355919583023084,0.028294862248696945,0.04616530156366344,0.05212211466865227,0.05658972449739389,0.011169024571854059,0.035740878629932984,0.020104244229337303,0.008190618019359643,0.045420699925539834,0.0029784065524944155,0.01563663440059568,0.004467609828741623,0.006701414743112435,0.00967982129560685,0.0014892032762472078,1.0,-0.006820769249627782,-0.032130920715358544,0.0017725209833120538,0.004102913792483958,0.02140319776585008,-0.055387643974485236,0.00010619679198247466,-0.009842529248460182,-0.015113272418631,0.0008166416409066202,0.016735503417728028,0.03261003994325739,0.021693965240036722,-0.05898599971425476,0.03805931774377641,-0.02441936275185273,0.030374119988540758,0.041790433041082035,-0.030462624868921546,-0.022607126853153827,-0.021745883734586486,-0.009532130023900826,0.01682676207285737,0.0442192093406041,0.013023050380401413,-0.030264966864526285,0.01726014233419833,-0.002826334689382406,0.028935155563228593,-0.04070964997171029,-0.024345743258963243,0.013955187951799676,0.016390056393576314,0.014498224122177036,0.0017227487468513367,0.00232662135949508,0.047542586539055895,0.038847758646468604,-0.053752003893839995,-0.007662018123090426,1.0,-0.006825851790052243,-0.032226935329796154,0.0013312309887986138,0.003103347227987229,0.02165753907328452,-0.05518937363343235,0.0007660644968264421,-0.013603880487707972,-0.015298313806916972,-0.00026819504511637666,0.018400106896086527,0.03032443193448822,0.024212611370617948,-0.058367840126433534,0.037667476726969885,-0.02959586788231097,0.03385299052959964,0.04368161322377113,-0.023346818056511388,-0.027536240027313034,-0.01795066024901907,-0.017654286451946773,0.016636070594787552,0.04985651043729468,0.014277516999395171,-0.026578511356183724,0.017749306119865527,-0.014044221239787278,0.03242636871835925,-0.04617917255738414,-0.01410820441608089,0.014698549289984682,0.017810353878528223,0.015570844812350168,0.0013634449512916276,-0.00699421712411574,0.05199950953757776,0.04850393261058912,-0.05302109200895325,-0.01018040200235695
3.4721121721376726,0.633714516774242,0.8868205510052122,2.0,108.0,120.0,110.0,106.0,93.0,41.0,39.0,17.0,24.0,11.0,2.0,133.0,113.0,125.0,118.0,115.0,127.0,93.0,122.0,119.0,116.0,122.0,109.0,0.19910846953937592,0.3818722139673105,0.41901931649331353,0.2705382436260623,0.3314447592067989,0.3980169971671388,0.014892032762472078,0.010424422933730455,0.011913626209977662,0.011913626209977662,0.011913626209977662,0.008935219657483246,0.0037230081906180195,0.007446016381236039,0.004467609828741623,0.0007446016381236039,0.04244229337304542,0.01340282948622487,0.044676098287416234,0.0029784065524944155,0.0193596425912137,0.021593447505584513,0.010424422933730455,0.0022338049143708115,0.010424422933730455,0.0029784065524944155,0.0007446016381236039,0.03350707371556218,0.0037230081906180195,0.023827252419955324,0.01340282948622487,0.01563663440059568,0.03201787043931496,0.04244229337304542,0.0029784065524944155,0.03201787043931496,0.028294862248696945,0.010424422933730455,0.10945644080416977,0.0052122114668652275,0.06105733432613552,0.026061057334326135,0.04318689501116903,0.04318689501116903,0.05212211466865227,0.010424422933730455,0.040208488458674606,0.018615040953090096,0.004467609828741623,0.05137751303052867,0.0,0.01563663440059568,0.0037230081906180195,0.011169024571854059,0.0052122114668652275,0.0029784065524944155,1.0,0.026755137475645906,0.07604261786241484,-0.04344855648254882,0.05481616186802216,0.006878986902296641,-0.002524303471928206,0.019995267728195418,0.01398956539087607,0.0267174691530188,0.02950987018939227,-0.008950348862218264,0.01031158032624957,0.011160343096477237,-0.008685758176077887,-0.050566720015169035,-0.04853307456385626,-0.017189600295752394,0.011712630768630881,-0.010870720606393595,-0.016202615104739717,0.002423776710728625,-0.02552838745443207,-0.011516886072584206,-0.016850374279772037,-0.015750899654971617,0.06993303819165049,-0.014843115077249287,0.011237092833584806,0.03184908955975555,0.035804619151524886,-0.03301560315811689,-0.02370569303570283,0.019843071673945896,0.01239821960432183,0.011354523615995243,0.006422867639469956,-0.0234141361300518,0.017076396321934535,-0.05796233384127149,-0.00783806743269234,1.0,0.02677507423978574,0.07549324652650627,-0.04775854309863367,0.05210647513229678,0.010851467500028442,-0.013334868423203871,0.024536928781846698,0.012006138222731551,0.021383336882351563,0.02969092287925745,-0.015570474508172057,0.0074719720493202765,0.013190257783310679,-0.01609519633889971,-0.05119124355628667,-0.04529857588006044,-0.01220084252460559,0.0154474581309914,-0.010126040342552864,-0.014996683237183396,0.008350471888623819,-0.026239811776947463,-0.00881477786661229,-0.005242122017974305,-0.012824511895642165,0.07948994634980752,-0.015898679874143208,0.002374919219975793,0.04817002696004789,0.022189283271975533,-0.045191984595455065,-0.02208994082900468,0.023848487237468935,0.008496377424157027,0.005684562342143185,0.0024052064876488623,-0.02949121116436845,0.01222650346485607,-0.06684252357895414,-0.01088495642213254
3.4977600846723513,0.6284801157889535,0.8823529411764706,0.0,105.0,119.0,113.0,91.0,71.0,57.0,34.0,34.0,19.0,9.0,0.0,134.0,108.0,125.0,126.0,118.0,126.0,105.0,127.0,109.0,113.0,120.0,108.0,0.16104294478527606,0.3941717791411043,0.4447852760736196,0.2727272727272727,0.328400281888654,0.3988724453840733,0.011169024571854059,0.007446016381236039,0.012658227848101266,0.014892032762472078,0.016381236038719285,0.014147431124348473,0.0,0.008935219657483246,0.0037230081906180195,0.0037230081906180195,0.03723008190618019,0.012658227848101266,0.03201787043931496,0.0029784065524944155,0.01563663440059568,0.02084884586746091,0.01563663440059568,0.0014892032762472078,0.007446016381236039,0.004467609828741623,0.0037230081906180195,0.02680565897244974,0.0022338049143708115,0.024571854058078928,0.0193596425912137,0.014147431124348473,0.02680565897244974,0.039463886820551006,0.0029784065524944155,0.03276247207743857,0.029039463886820552,0.018615040953090096,0.10052122114668652,0.0022338049143708115,0.05361131794489948,0.03350707371556218,0.03201787043931496,0.058823529411764705,0.07073715562174236,0.0052122114668652275,0.03052866716306776,0.02084884586746091,0.011169024571854059,0.04988830975428146,0.0007446016381236039,0.017870439314966492,0.004467609828741623,0.011913626209977662,0.010424422933730455,0.0014892032762472078,1.0,0.012041033442898622,0.04162777037974857,0.02319336038436631,0.012488271533073862,0.015867852606060866,-0.013902362534061833,-0.005009663884342441,-0.007576456407625327,-0.00033910144125265086,0.012817043848405815,0.0024810145589170968,0.021614151060649598,-0.006253521991752021,-0.01426829425659239,0.0013190207286578107,0.01564598364666599,-0.03393719533319941,0.0005833190518480422,-0.013442790992287835,0.015975022008133544,-0.017436176026308026,0.025157112988928136,-0.019172942240109334,-0.007569969192879885,-0.019321979433763632,0.024433292275908607,0.03553368553766794,0.023923993896016984,0.009946482081463967,-0.03624541056218424,-0.022422468437832813,0.03578538116998491,0.005800315669727457,0.012251337145555768,0.006738347023979587,-0.06754314866639254,0.043564053587538155,-0.018323114386314978,0.032547986749542644,-0.0006320894137184019,1.0,0.012050005897028945,0.04155068567569654,0.022304851893444905,0.010312798326130933,0.013831639211658706,-0.01577148729231387,-0.006476945716416399,-0.007107638656124842,0.0006079623014143557,0.013936736704568527,0.003140562100739715,0.020849961062156867,-0.007563580902646531,-0.016782295116498442,0.000689476884341884,0.017190796664423438,-0.03446762808803615,0.0013916624324804173,-0.01107356209988473,0.01723891257181054,-0.01722639033441481,0.026041943433746714,-0.020058743664178074,-0.00872671990252295,-0.019932369204111157,0.02770612922496921,0.037498798815432596,0.02353373024865251,0.007697181312006971,-0.04174926460507573,-0.027312077465664095,0.03741987892170972,0.011710497413133536,0.011405348134998319,0.008838838378323085,-0.07407138261534901,0.04393941648921005,-0.019664188720237744,0.03569686906935264,-0.00017377408750101196
3.490840996458013,0.6351449446076243,0.874162323157111,8.0,107.0,126.0,120.0,94.0,88.0,25.0,22.0,31.0,25.0,1.0,5.0,134.0,116.0,128.0,123.0,121.0,127.0,97.0,126.0,115.0,120.0,116.0,113.0,0.18098159509202455,0.41411042944785276,0.4049079754601227,0.2694986072423398,0.33356545961002787,0.3969359331476323,0.01563663440059568,0.005956813104988831,0.012658227848101266,0.01340282948622487,0.014892032762472078,0.012658227848101266,0.0007446016381236039,0.00967982129560685,0.004467609828741623,0.0014892032762472078,0.039463886820551006,0.012658227848101266,0.0379746835443038,0.0037230081906180195,0.023827252419955324,0.02531645569620253,0.012658227848101266,0.0029784065524944155,0.014892032762472078,0.0022338049143708115,0.0052122114668652275,0.01712583767684289,0.0022338049143708115,0.03052866716306776,0.01563663440059568,0.014892032762472078,0.03052866716306776,0.0379746835443038,0.0029784065524944155,0.044676098287416234,0.02308265078183172,0.011169024571854059,0.09977661950856292,0.0029784065524944155,0.04690990320178704,0.018615040953090096,0.035740878629932984,0.06254653760238273,0.0774385703648548,0.01340282948622487,0.02680565897244974,0.018615040953090096,0.008190618019359643,0.04393149664929263,0.004467609828741623,0.018615040953090096,0.0029784065524944155,0.00967982129560685,0.005956813104988831,0.0,1.0,0.03283962559396425,0.02472707469957016,-0.03536239863496566,0.0259167370558846,0.006543892246781112,-0.01476016371044704,0.019913453370745873,-0.03592644224965136,0.008608952774870374,-0.007549062808235531,0.03429140442978822,-0.019626323943533853,-0.003896002537185798,0.007731421640746887,0.011616438279795301,-0.03256692163308107,-0.004399440245632924,-0.0032062143941944633,0.04016571810463989,-0.028868413041840162,-0.006179284575128209,-0.027197436759427103,9.041072319384825e-05,-0.025648041937785103,-0.014187834363054317,0.0262131660225536,-0.04651588866910484,0.010877027221359161,-0.06581565893763586,0.010463470776533739,-0.022187055549382613,0.01442335496035465,0.03917538178383076,-0.014886053904121434,-0.04843393787519746,-0.028017501392043804,0.006977345588821177,-0.05319149927850793,0.04358080986285402,0.006774785450959043,1.0,0.032864096253870344,0.023709511867690707,-0.03707617254256431,0.02784826135913191,0.006593171716313967,-0.018006177093819725,0.0228696457927522,-0.03718018263620969,0.008586439583046689,-0.003929674522833184,0.030978423450867727,-0.019805686122776972,-0.0039231654086032694,0.01015288881593136,0.009988796106375913,-0.035912917820420324,0.0005619924277355601,-0.0036675824379833184,0.0414167536064761,-0.03244100905772108,-0.005352560054468373,-0.02504250105774619,0.0013981585435680658,-0.02727774588575458,-0.012535778967065796,0.026859714273214257,-0.043862739089581514,0.008974438532635002,-0.06239869205366658,0.005296956895499326,-0.01240886169116934,0.009091723562715384,0.04176715192116077,-0.017971917945193663,-0.05086550756093402,-0.018817158435972547,-0.0009653866494823643,-0.05448933623802168,0.05079861313316032,0.008944252021081353
3.4321828631837747,0.5986141183281339,0.885331347728965,4.0,91.0,118.0,113.0,85.0,101.0,11.0,72.0,20.0,7.0,6.0,0.0,133.0,103.0,128.0,120.0,115.0,124.0,31.0,125.0,112.0,115.0,122.0,84.0,0.2818471337579618,0.35828025477707004,0.35987261146496813,0.29115853658536583,0.3521341463414634,0.3567073170731707,0.007446016381236039,0.008190618019359643,0.010424422933730455,0.010424422933730455,0.005956813104988831,0.00967982129560685,0.0022338049143708115,0.008935219657483246,0.0029784065524944155,0.0022338049143708115,0.034996276991809384,0.008190618019359643,0.04095309009679821,0.0037230081906180195,0.02084884586746091,0.034996276991809384,0.011913626209977662,0.004467609828741623,0.008190618019359643,0.0037230081906180195,0.004467609828741623,0.03276247207743857,0.0014892032762472078,0.03723008190618019,0.011913626209977662,0.0193596425912137,0.04393149664929263,0.054355919583023084,0.005956813104988831,0.044676098287416234,0.018615040953090096,0.012658227848101266,0.0975428145941921,0.0022338049143708115,0.058078927773641105,0.022338049143708117,0.04988830975428146,0.06031273268801191,0.05956813104988831,0.004467609828741623,0.03648548026805659,0.008190618019359643,0.006701414743112435,0.035740878629932984,0.0014892032762472078,0.012658227848101266,0.0037230081906180195,0.008935219657483246,0.0037230081906180195,0.0,1.0,0.002124042223772137,0.06292987208522123,0.025466975304500757,0.035518368527053736,0.03311593642314479,0.011620712835542283,0.02090324464396295,0.026559684918649743,0.009797037667295382,0.0011498594927229551,-0.00033131369217962613,0.0023954016547172202,0.01756223397127746,0.028954713051516163,0.0060109730955371565,0.007746421930825753,-0.00898347937122977,-0.014457543878953228,-0.008203784804032437,0.03026651220599006,-0.05617625381872489,0.005785625962760946,-0.01308439891548997,-0.011328507605121968,-0.06699492311639282,-0.021100549204359477,-0.0027464612141719735,0.0033473276087073586,-0.05209752143397406,-0.019072499126125582,0.032298651829587424,0.02026449887045676,-0.007027657297956096,0.0488036948000999,0.004351095041732952,-0.03869863269654137,-0.01924819871204431,-0.05086162317060377,0.01304168965089192,-0.015356248878745659,1.0,0.0021256249676050456,0.06301949368459765,0.025365364293601585,0.03173851142607229,0.030202578403926095,0.006953671636096043,0.015589520581037793,0.023134054496220424,0.005243533288095528,-0.0042584740950639514,-0.004163322362602585,-0.0005695375592210093,0.015877455798774698,0.028451510262131455,0.0034510217920403125,0.002966822006689316,-0.012396296978520852,-0.018436288584453737,-0.00959509734927005,0.03177608296386277,-0.05718738737134978,0.002234732691146789,-0.007037869732127727,-0.010562451679239951,-0.06495467293217608,-0.016410824009783942,0.005205847122747307,0.00942734023054691,-0.04693536737278931,-0.014514927518541821,0.04322296188091999,0.029542966538659926,-0.0050302392742884745,0.052389735099495266,0.006557766179164864,-0.04949278778845907,-0.020647504850653694,-0.0481796200911372,0.015380347103378737,-0.009671869474608824
3.5070624550338314,0.6257944714457853,0.8875651526433358,5.0,102.0,120.0,111.0,92.0,71.0,54.0,37.0,25.0,5.0,4.0,0.0,134.0,105.0,127.0,119.0,117.0,118.0,99.0,117.0,105.0,106.0,106.0,100.0,0.1805111821086262,0.3722044728434505,0.4472843450479233,0.2727272727272727,0.3303769401330377,0.3968957871396896,0.010424422933730455,0.005956813104988831,0.011913626209977662,0.014147431124348473,0.011913626209977662,0.020104244229337303,0.0022338049143708115,0.014147431124348473,0.0052122114668652275,0.0037230081906180195,0.04318689501116903,0.00967982129560685,0.02680565897244974,0.0037230081906180195,0.02531645569620253,0.022338049143708117,0.01563663440059568,0.006701414743112435,0.00967982129560685,0.005956813104988831,0.0022338049143708115,0.027550260610573342,0.0,0.027550260610573342,0.011169024571854059,0.008935219657483246,0.02531645569620253,0.04318689501116903,0.0029784065524944155,0.034996276991809384,0.02531645569620253,0.008190618019359643,0.09084139985107967,0.0052122114668652275,0.05956813104988831,0.02308265078183172,0.03350707371556218,0.04988830975428146,0.07073715562174236,0.00967982129560685,0.04393149664929263,0.021593447505584513,0.005956813104988831,0.05584512285927029,0.006701414743112435,0.0193596425912137,0.004467609828741623,0.0052122114668652275,0.006701414743112435,0.0014892032762472078,1.0,0.009587185459761522,0.034497704192557425,0.04112355777235102,0.0016400094333695581,0.06654703699187503,0.06392347543467043,0.00786214390503566,-0.00040362595764065743,0.04315882137621195,0.022371251907283788,0.04926621465474322,0.028162084460060154,0.020342550729723848,0.054232980197861706,0.05694739578957489,0.006390139293731702,0.034538105257735326,0.0544631053200623,0.03987430903320704,0.012942315502706294,0.04082774968990597,0.027358299820502724,0.030834391669888155,0.03648034243562108,-0.004030885427505785,0.0409902219814165,-0.02419174457314895,-0.027928145357520348,-0.0016978350300778681,0.0025367521133460714,0.005454393631450877,0.009119641646365296,0.002396301187181566,0.031536289051298634,0.004574475098438593,0.002942920618590523,0.011798434045224827,-0.02980475074512861,-0.012062769242737234,0.0038724753130793444,1.0,0.009594329413159266,0.03446027585860811,0.040616916394591474,-0.0002472020120030302,0.06416446728594173,0.06189318878244173,0.0028344352727565827,-0.009744436094754182,0.038783057143175724,0.018192237900657455,0.03958847584008142,0.01952677129354506,0.016755779410495285,0.04638879694633414,0.04837196589806891,-0.006032273757470733,0.02127706737583593,0.04666632096433598,0.031088006667081745,-0.007123634371123471,0.02819013506414918,0.02055163662406815,0.01630521535473412,0.01713049994539711,-0.0166213432126045,0.02851208181696174,-0.03944956171979417,-0.046013846133868976,-0.019361483610479787,-0.004646306173729847,-0.0030221696577978274,-0.004450005874194296,-0.00447481679234178,0.031104589761816,-0.006465854091852158,-0.009582101603413565,0.002064788753392845,-0.034905934691924365,-0.01941942921609101,-0.003363233384354012
3.496617577016338,0.6000398133357081,0.8845867460908414,3.0,103.0,123.0,120.0,91.0,91.0,24.0,38.0,5.0,16.0,0.0,1.0,134.0,106.0,129.0,122.0,120.0,126.0,85.0,127.0,107.0,108.0,115.0,104.0,0.2146341463414634,0.3772357723577236,0.408130081300813,0.279826464208243,0.3304410701373825,0.3897324656543745,0.011913626209977662,0.008935219657483246,0.008935219657483246,0.020104244229337303,0.016381236038719285,0.016381236038719285,0.0029784065524944155,0.007446016381236039,0.0052122114668652275,0.0029784065524944155,0.04244229337304542,0.012658227848101266,0.0387192851824274,0.007446016381236039,0.022338049143708117,0.02680565897244974,0.012658227848101266,0.0014892032762472078,0.005956813104988831,0.005956813104988831,0.0014892032762472078,0.022338049143708117,0.0029784065524944155,0.027550260610573342,0.01712583767684289,0.011913626209977662,0.026061057334326135,0.040208488458674606,0.0022338049143708115,0.034996276991809384,0.024571854058078928,0.010424422933730455,0.08190618019359643,0.0022338049143708115,0.05286671630677588,0.014892032762472078,0.0387192851824274,0.06850335070737155,0.07297096053611318,0.008935219657483246,0.04244229337304542,0.02084884586746091,0.008190618019359643,0.05137751303052867,0.0007446016381236039,0.014147431124348473,0.0037230081906180195,0.008935219657483246,0.007446016381236039,0.0014892032762472078,1.0,0.02560715992912513,0.022183261002761186,0.027690751097412016,0.016023660695577528,0.03935463081615438,0.05600600349813383,0.04079642540801741,0.00997094608698772,-0.023506027877897153,0.034747216818877005,0.034190218871981204,-0.018269499241610736,0.017156443769870765,-0.017716593008866303,0.0481314906793666,0.036557962321000385,0.05700198368673153,-0.000730883826015077,0.022599159196519038,0.015411653940307418,0.026849937052857348,-0.010385515410775462,0.051553537118291096,-0.009414916959540342,0.006973136844810022,0.004253069446512235,0.008374919382325484,0.02435536963756948,0.031051295772296414,-0.024302854101771885,0.012629525336817469,0.0269040259386447,0.04532670292768096,-0.028643480631394894,0.00727047009050191,0.004144941257830042,0.024857446761714086,0.02115299990589578,0.04182486281359575,-0.005603502859621365,1.0,0.025626241270353987,0.021573809027751183,0.02667277293788674,0.014269835466542998,0.03766839543059208,0.05322322491608333,0.03637447287735993,0.004056930997993208,-0.029510369092768288,0.031178457534102345,0.028914052069526287,-0.025887981880724102,0.011474070484514876,-0.020468431945508705,0.04980149732765581,0.03213856978146903,0.05179208279915018,-0.008467881605870902,0.021613120940454988,0.010333229443080988,0.01590584720871192,-0.022841641590298563,0.042774773414915424,-0.015479945673063584,0.004085960074632201,-0.005039307415322363,0.003293292626805836,0.020004057974716317,0.03195127922510325,-0.03361261568078434,0.009600850161864658,0.022043085959444212,0.04137676648538399,-0.04527174708533755,0.005732766850000557,-0.005725706478454557,0.029974406587521464,0.008453997832364658,0.03443653418053781,-0.015054943328086996
3.435972586224301,0.6229576423960779,0.8801191362620998,8.0,106.0,120.0,108.0,103.0,101.0,42.0,51.0,11.0,7.0,6.0,0.0,133.0,109.0,125.0,123.0,123.0,128.0,97.0,124.0,113.0,123.0,117.0,111.0,0.24132730015082957,0.3453996983408748,0.4132730015082956,0.2699859747545582,0.3380084151472651,0.3920056100981767,0.016381236038719285,0.007446016381236039,0.012658227848101266,0.014147431124348473,0.01340282948622487,0.014147431124348473,0.0014892032762472078,0.011913626209977662,0.005956813104988831,0.0007446016381236039,0.03127326880119136,0.011913626209977662,0.03127326880119136,0.008190618019359643,0.021593447505584513,0.023827252419955324,0.011913626209977662,0.0022338049143708115,0.008190618019359643,0.005956813104988831,0.0022338049143708115,0.027550260610573342,0.0,0.027550260610573342,0.010424422933730455,0.010424422933730455,0.035740878629932984,0.04393149664929263,0.0029784065524944155,0.03648548026805659,0.023827252419955324,0.008190618019359643,0.10722263588979895,0.0007446016381236039,0.05212211466865227,0.029039463886820552,0.0387192851824274,0.06850335070737155,0.07073715562174236,0.005956813104988831,0.03350707371556218,0.01563663440059568,0.006701414743112435,0.055100521221146684,0.0014892032762472078,0.014147431124348473,0.007446016381236039,0.0,0.007446016381236039,0.0014892032762472078,1.0,-0.010767676954824895,-0.025480004626483255,0.03381941776372361,-0.002550069792511934,-0.0019113697558187372,-0.04163959487924016,-0.014231815902316682,0.009754384878868835,0.030990544939119444,-0.027027902446879297,-0.037003489520164565,-0.012837492004722026,0.014653627737788492,-0.05189395432390169,0.002105683495727348,0.06035011052397192,0.006850394013963161,0.032659635499665156,0.025667528161220518,-0.036926995532497855,0.018690312221956273,0.0065800823612233595,0.03842214630341107,0.03630791453506333,-0.010920390283976475,0.013903977604105102,0.04502257140863024,-0.013917908946436823,0.008024533496970503,0.015076097696617342,0.016980497258769146,0.011297770154747514,0.00651321160114907,-0.031193620635561622,0.04078011603788356,0.029614705895709498,0.0034336551716949663,-0.020885247363749828,0.043185660533183755,0.02811883771450771,1.0,-0.010775700559113146,-0.02563709871758871,0.03336265058614801,-0.0025020816036946322,-0.00026252178645174454,-0.04318882226749671,-0.015107716965640325,0.00745085539817795,0.033683432616242445,-0.02546102941209823,-0.03728620287780227,-0.01928121540295508,0.013651118279311257,-0.05007900280688118,0.0054941958616042536,0.05645494808945451,0.0076628143862185975,0.03265691564839206,0.02628536788322963,-0.03798544440588393,0.015262295020873541,0.006865008909873546,0.04860380681307658,0.03746196809755079,-0.012660746840200226,0.010857441569116525,0.04840680522535051,-0.010198043639280239,0.01865871103234164,0.022569045604764745,0.017509492870360334,0.009481007639781533,0.01504067872845186,-0.035470794631994394,0.0431982030638142,0.03267409952185692,0.015194873941029318,-0.015031852883817497,0.038475202597294055,0.019211802979801122
3.4736758536670402,0.6056160613963306,0.8845867460908414,12.0,83.0,124.0,108.0,67.0,82.0,18.0,57.0,27.0,18.0,12.0,0.0,134.0,94.0,128.0,123.0,117.0,126.0,43.0,121.0,96.0,111.0,109.0,77.0,0.24835526315789475,0.3618421052631579,0.38980263157894735,0.2978889757623143,0.3494917904612979,0.3526192337763878,0.01340282948622487,0.006701414743112435,0.011913626209977662,0.01712583767684289,0.0193596425912137,0.011913626209977662,0.0014892032762472078,0.008935219657483246,0.0037230081906180195,0.0,0.0379746835443038,0.01340282948622487,0.035740878629932984,0.007446016381236039,0.0193596425912137,0.029039463886820552,0.014892032762472078,0.0022338049143708115,0.011913626209977662,0.0037230081906180195,0.0022338049143708115,0.029784065524944156,0.0037230081906180195,0.029784065524944156,0.012658227848101266,0.00967982129560685,0.039463886820551006,0.03350707371556218,0.005956813104988831,0.04169769173492182,0.017870439314966492,0.008190618019359643,0.10722263588979895,0.0037230081906180195,0.055100521221146684,0.017870439314966492,0.039463886820551006,0.05584512285927029,0.06552494415487714,0.008935219657483246,0.044676098287416234,0.017870439314966492,0.0052122114668652275,0.0379746835443038,0.006701414743112435,0.014147431124348473,0.0,0.00967982129560685,0.004467609828741623,0.0007446016381236039,1.0,0.033884910730102864,0.03493987688146546,0.022660778066914817,-0.023834460808769123,-0.06815875757738084,-0.006777945619610093,0.026158225366480783,-0.006861922722281816,0.05487567486288778,0.001457750791926794,-0.01084905198199392,-0.030935260568835648,0.017468880962273448,0.01102156351059678,-0.004821003740772375,0.03958588544540493,0.028127810938578735,-0.0032238207582217294,0.022214402444404376,-0.0008073212267261124,-0.0027306531019885122,0.00790042802847958,-0.038769372717991094,-0.02438253551930024,0.006138219840633964,0.0293461243809,-0.0003254277184534799,0.013744429552799359,0.03017312872535869,-0.005887915976376711,-0.031548198518751326,-0.008627115939990966,0.0059896390306313245,-0.01829028929933454,0.016776357164419532,0.004190063850094376,-0.033079924847576166,-0.011321068344311125,0.017556836717232432,-0.019291347418573322,1.0,0.033910160291004576,0.033881047874366646,0.020463212059346134,-0.02656208726064719,-0.06848737501291079,-0.001225161451238699,0.03275404573751675,-0.00588468494430899,0.05080508989065202,-0.0077913567637078116,-0.013711434071516463,-0.02948535988303585,0.022623666874610752,0.01924409612699344,-0.005793519428162944,0.03256500683393352,0.023570794915985797,-0.006693234386966133,0.023237079718460913,-0.002389726682625604,0.004639853153144975,0.00885745600820437,-0.044265245451989725,-0.02093300027292245,0.008800221092653108,0.030855329191304973,-0.0010532374449784736,0.005285227634734378,0.02598700426027511,-0.0065933733037112936,-0.030260996883827673,-0.005115787123269189,0.010488640737637459,-0.014583491682721163,0.007867641299754749,-0.0021773830041860774,-0.0325684015162694,-0.011206507007114522,0.022154959132653817,-0.010211834540777542
3.4698912706302796,0.621614262359472,0.8830975428145942,9.0,119.0,129.0,119.0,103.0,92.0,36.0,17.0,14.0,3.0,7.0,0.0,134.0,119.0,131.0,127.0,126.0,130.0,111.0,129.0,114.0,125.0,127.0,119.0,0.18209876543209877,0.36882716049382713,0.44907407407407407,0.2634048257372654,0.3297587131367292,0.40683646112600536,0.012658227848101266,0.0052122114668652275,0.02084884586746091,0.014147431124348473,0.01340282948622487,0.012658227848101266,0.0022338049143708115,0.0029784065524944155,0.0022338049143708115,0.0014892032762472078,0.03648548026805659,0.014892032762472078,0.024571854058078928,0.0037230081906180195,0.012658227848101266,0.02531645569620253,0.016381236038719285,0.0037230081906180195,0.008190618019359643,0.0007446016381236039,0.0037230081906180195,0.026061057334326135,0.0022338049143708115,0.026061057334326135,0.01340282948622487,0.006701414743112435,0.023827252419955324,0.04095309009679821,0.004467609828741623,0.039463886820551006,0.029039463886820552,0.010424422933730455,0.11169024571854058,0.0052122114668652275,0.054355919583023084,0.03052866716306776,0.029039463886820552,0.06329113924050633,0.06403574087862993,0.0193596425912137,0.034996276991809384,0.016381236038719285,0.008935219657483246,0.055100521221146684,0.0052122114668652275,0.02084884586746091,0.0014892032762472078,0.008190618019359643,0.007446016381236039,0.0029784065524944155,1.0,-0.016857708500575715,0.0024613699415439397,0.008629828490599557,0.0022081454081740895,0.04622491939808405,0.03265534942100656,0.0012935478854272835,-0.011435378033908095,0.010214207801671704,-0.015885635246381827,0.010371391371558712,-0.04784457168898735,-0.013156546558609278,-0.003077277344999204,0.002440156060758236,0.00883846062572507,0.016334865753434385,0.011375860247383646,0.00840852252151469,0.028452306023201476,0.02070003325974713,-0.01106982661524333,0.026476049138783143,-0.005374396330358264,0.010954823038618855,0.01584880206724142,-0.027099306095774985,0.039865652729064685,0.018077479668565353,-0.07222921128801346,0.008183785198315537,-0.01008507413256252,-0.03639968987396456,0.01208971445473336,-0.004688471803860863,0.014448357854368548,-0.01203373890932926,-0.011277229560273792,0.02135826310066106,0.011480972694880326,1.0,-0.016870270131351114,0.0021810556157522104,0.008729965321348126,0.0025029549189956803,0.046452819359127755,0.034373537953978565,0.002252336596072147,-0.01242997551296684,0.009040202478653888,-0.018061325593252072,0.006873712713447837,-0.04948708068103711,-0.013932192157268855,-0.0036381713420685015,0.004225468047070417,0.00982013694983394,0.021531804955040902,0.016403429824520914,0.010992657529728854,0.027476905654403947,0.021740663167728193,-0.014875990119243692,0.023780077749440846,-0.009370664937853334,0.006504326014988521,0.011749223548851759,-0.027322912244496796,0.03980013281439086,0.021124862577271274,-0.07222593516137076,0.006112037605359465,-0.007473837626991916,-0.03557484836183777,0.005777267393568702,0.0018900036709518732,0.02019972995600252,-0.012780962567336638,-0.008537453604151472,0.022252245145773536,0.01141998175871285
3.500849945105052,0.5987248135957572,0.885331347728965,8.0,108.0,123.0,117.0,94.0,58.0,26.0,55.0,11.0,20.0,2.0,8.0,134.0,115.0,129.0,127.0,121.0,128.0,93.0,129.0,118.0,118.0,119.0,110.0,0.19206349206349208,0.38412698412698415,0.4238095238095238,0.27133934767522555,0.33587786259541985,0.3927827897293546,0.017870439314966492,0.006701414743112435,0.014892032762472078,0.011169024571854059,0.0193596425912137,0.017870439314966492,0.0022338049143708115,0.017870439314966492,0.0014892032762472078,0.0029784065524944155,0.044676098287416234,0.011169024571854059,0.023827252419955324,0.0037230081906180195,0.02531645569620253,0.028294862248696945,0.012658227848101266,0.004467609828741623,0.0037230081906180195,0.0037230081906180195,0.0052122114668652275,0.028294862248696945,0.0007446016381236039,0.03425167535368578,0.017870439314966492,0.014892032762472078,0.03350707371556218,0.040208488458674606,0.005956813104988831,0.0387192851824274,0.021593447505584513,0.01340282948622487,0.10349962769918093,0.0022338049143708115,0.044676098287416234,0.021593447505584513,0.029784065524944156,0.05361131794489948,0.06850335070737155,0.004467609828741623,0.0379746835443038,0.018615040953090096,0.008935219657483246,0.04244229337304542,0.0029784065524944155,0.01340282948622487,0.0022338049143708115,0.008935219657483246,0.006701414743112435,0.0007446016381236039,1.0,0.015715013358607307,-0.01973957758466748,-0.027675449487181897,0.03635178132500159,-0.02049321492366049,0.008011880760217764,-0.01803841100276287,0.025561905460112392,0.014456462682102772,0.02222465183560701,0.019889730209593223,-0.027003201919183806,0.02867121727553686,-0.034232475919841895,0.012945282586191206,0.008957262984913911,0.020727164583488045,0.00801984026138734,0.007200746011981158,-0.028565169238383578,-0.008971808867660394,0.017041495206595418,-0.039668850682484776,-0.027906199487888132,-0.010955709662601556,0.008673770689085957,0.025831819833093465,0.04976444868869958,-0.002534356477387807,-0.03799289685156251,0.007438497252323896,-0.027407937082131077,0.0282086461300723,0.012912980403578153,0.029766932170886874,-0.0069926669359730775,0.07517523600878775,-0.0028453675593563873,0.002866467945133676,-0.03954400095375465,1.0,0.015726723502689728,-0.02002129936729224,-0.02712299142791867,0.036980774846695263,-0.02288665654220602,0.00946474285349327,-0.01728802858804779,0.02419309164438509,0.015121168613585688,0.020850427973099404,0.02305549930485207,-0.029135024359162567,0.032527435059077715,-0.037668341842694596,0.014337768486661209,0.01122960551817192,0.015486204762155717,0.012783179434053814,0.0021922346615055577,-0.02579423636886406,-0.011773324838587682,0.019236247906224094,-0.04323003251171949,-0.025457591914712276,-0.009781738199832189,-0.0003073224991634058,0.02898800187130365,0.04793554686152411,0.00015977291240404042,-0.03741258085669696,0.013272846585372425,-0.03356447350852306,0.03425414728360584,0.01666770180803094,0.025740125211051897,-0.002721436570594443,0.0717669659322808,-0.004120830258435085,0.0030528113038944308,-0.02927215102151102
3.4946280992214658,0.6364005585757244,0.8875651526433358,4.0,118.0,126.0,112.0,78.0,81.0,41.0,39.0,25.0,26.0,3.0,2.0,134.0,119.0,131.0,124.0,113.0,130.0,111.0,125.0,117.0,113.0,119.0,111.0,0.18931297709923664,0.36793893129770994,0.44274809160305345,0.26883206634416035,0.3227366966136835,0.40843123704215617,0.01712583767684289,0.00967982129560685,0.008935219657483246,0.012658227848101266,0.02308265078183172,0.01712583767684289,0.0022338049143708115,0.007446016381236039,0.005956813104988831,0.0037230081906180195,0.04393149664929263,0.010424422933730455,0.04244229337304542,0.0037230081906180195,0.01563663440059568,0.021593447505584513,0.014892032762472078,0.0052122114668652275,0.008190618019359643,0.006701414743112435,0.0014892032762472078,0.014147431124348473,0.0022338049143708115,0.03201787043931496,0.00967982129560685,0.010424422933730455,0.02084884586746091,0.039463886820551006,0.0037230081906180195,0.035740878629932984,0.03052866716306776,0.012658227848101266,0.09977661950856292,0.0022338049143708115,0.06403574087862993,0.028294862248696945,0.03425167535368578,0.058823529411764705,0.06254653760238273,0.011913626209977662,0.03276247207743857,0.02084884586746091,0.006701414743112435,0.045420699925539834,0.004467609828741623,0.01712583767684289,0.0029784065524944155,0.00967982129560685,0.0037230081906180195,0.0007446016381236039,1.0,0.04252695925393242,-0.03417628918408261,0.044173215784056676,-0.007220312543643638,-0.017388880814774008,-0.014696579246987272,-0.002403317538047865,0.022941550467347985,0.0455807987179711,0.041410575053809164,0.03982180538241005,-0.03123883370401455,-0.005949726287724116,-0.020537996153736953,0.040433417836488794,0.03568924291425179,-0.029414254968705058,0.007888150336809643,0.005852355565900149,-0.011780785055365683,-0.01592985146626945,-0.018635065549685238,-0.009275477489500897,-0.018133919310684487,-0.00800116269389837,0.04539514445060698,0.0573217219098674,-0.010800093102364535,-0.023997233057686144,-0.0034034531216197103,-0.030198809974192053,0.025255549305222818,-0.022665420411084512,0.017796415000202744,-0.022227421860145462,0.014035841710875277,0.016176752620102042,-0.00223924109368669,-0.007320985894393131,0.002310758747705914,1.0,0.042558648493316864,-0.036103891855333844,0.04746563168914088,-0.01266525047805718,-0.01329515947584449,-0.016274469071484603,-0.0012372809366091792,0.023572403182588332,0.045025914006470394,0.039300831731072634,0.037621615884531015,-0.03635329722176981,-0.002563422971498499,-0.024159891721279463,0.04974130112171706,0.0330222533802086,-0.029250398049263382,0.0035552552920333604,-0.00600449277081036,-0.011347094441037282,-0.01371897232516093,-0.01566326908793873,-0.005229241860109043,-0.023047561690954645,-0.009895410265681415,0.040506803575415674,0.05791114514234542,-0.008462311598858917,-0.0243389611288501,-0.005763894200303218,-0.03057732736521623,0.03956777721129302,-0.02156058606262044,0.02371710053827689,-0.036047766258647036,0.011971000706976105,0.005875618951569836,0.0032520786344071334,0.0016497215098963736,0.008162983297979752
3.5405084730149015,0.6157597869343034,0.8897989575577067,1.0,116.0,116.0,117.0,102.0,85.0,34.0,35.0,38.0,13.0,3.0,0.0,134.0,117.0,125.0,123.0,119.0,128.0,109.0,127.0,121.0,119.0,123.0,117.0,0.18333333333333332,0.4090909090909091,0.4075757575757576,0.2660738714090287,0.32968536251709984,0.4042407660738714,0.0193596425912137,0.010424422933730455,0.01563663440059568,0.014147431124348473,0.012658227848101266,0.01340282948622487,0.0052122114668652275,0.008190618019359643,0.004467609828741623,0.0029784065524944155,0.040208488458674606,0.011169024571854059,0.035740878629932984,0.0052122114668652275,0.017870439314966492,0.03052866716306776,0.020104244229337303,0.0037230081906180195,0.008935219657483246,0.00967982129560685,0.0029784065524944155,0.023827252419955324,0.0022338049143708115,0.03052866716306776,0.011913626209977662,0.00967982129560685,0.02531645569620253,0.0387192851824274,0.008190618019359643,0.04244229337304542,0.029784065524944156,0.010424422933730455,0.09456440804169769,0.0014892032762472078,0.05286671630677588,0.02084884586746091,0.03127326880119136,0.05956813104988831,0.06701414743112435,0.0052122114668652275,0.03350707371556218,0.02308265078183172,0.008190618019359643,0.034996276991809384,0.0029784065524944155,0.011169024571854059,0.004467609828741623,0.011169024571854059,0.010424422933730455,0.0014892032762472078,1.0,-0.0007040109805943695,0.024390986833050316,0.010540716497297799,0.05853164461328761,-0.009702662488965216,-0.05366978954148399,0.012661094276660234,-0.010712490365700576,-0.026116431585435303,-0.03224045801423221,0.020132322654310152,0.016725641453106253,0.043415597685138856,0.03583286054643519,0.05377501681670484,0.023845440664109926,0.04890794959472208,0.0005064264187984215,0.02421733313203264,-0.06926235787487116,0.006643840943655167,-0.018877942950025,-0.0059289159350453865,0.01581926201556327,-0.04987112887216632,0.011849622581919642,0.03367684112504142,0.012475145965659283,0.027535069646320246,0.045679158863924506,-0.020646984397379168,-0.010691705009333674,-0.044061161129265405,0.041310451845332836,-0.04692763968768585,0.023267316118823548,0.021479947725794774,0.05971328986229894,-0.021463842072879397,0.01848642967838718,1.0,-0.0007045355789405695,0.024426879898160996,0.010604647045668186,0.05816837708126443,-0.010151196937876465,-0.05705948714263774,0.011894542221349433,-0.011284353921739577,-0.0247487832670024,-0.02598466296364601,0.01938353290653861,0.017619531226599046,0.048075355789752895,0.03714373793009966,0.047119588363404116,0.01770065342994299,0.04437058768893116,-0.0045863161869123805,0.020210651470282618,-0.07071380840294568,0.007185156938328828,-0.011656003282930073,0.0015650520018197491,0.02716921020840756,-0.04827272631027634,0.0035808811613972425,0.0376560018056312,0.001039975995860532,0.024787522315336957,0.03439422149366225,-0.036722933144025444,-0.017276338795764425,-0.04271671824286463,0.03869623457018559,-0.03685261529146514,0.03342956964015873,0.03515298060655749,0.06137884018078769,-0.015234483366159889,0.013785284481257157
3.490814558257311,0.6210136125369883,0.8838421444527178,2.0,104.0,123.0,111.0,98.0,82.0,19.0,46.0,20.0,6.0,5.0,0.0,133.0,107.0,127.0,115.0,113.0,123.0,106.0,121.0,107.0,111.0,113.0,107.0,0.21103896103896103,0.3814935064935065,0.4074675324675325,0.2725958062183659,0.3224873463485177,0.4049168474331164,0.01563663440059568,0.004467609828741623,0.012658227848101266,0.011913626209977662,0.01712583767684289,0.011913626209977662,0.0029784065524944155,0.006701414743112435,0.006701414743112435,0.0014892032762472078,0.040208488458674606,0.010424422933730455,0.03350707371556218,0.004467609828741623,0.01563663440059568,0.021593447505584513,0.020104244229337303,0.0037230081906180195,0.0037230081906180195,0.006701414743112435,0.0022338049143708115,0.022338049143708117,0.004467609828741623,0.029039463886820552,0.010424422933730455,0.010424422933730455,0.03425167535368578,0.0379746835443038,0.0022338049143708115,0.03276247207743857,0.03127326880119136,0.01340282948622487,0.09158600148920328,0.0014892032762472078,0.05063291139240506,0.028294862248696945,0.03425167535368578,0.058078927773641105,0.07520476545048399,0.008190618019359643,0.04616530156366344,0.01340282948622487,0.008935219657483246,0.049143708116157855,0.0022338049143708115,0.023827252419955324,0.0014892032762472078,0.01340282948622487,0.010424422933730455,0.0007446016381236039,1.0,-0.00875534371823076,-0.027515396389141678,-0.07325213747864644,0.042007921096915764,0.027759066557543947,0.021169733752421295,0.0020232047309403506,-0.009213407664282816,0.015188443390990174,0.003718756320947391,0.05048050694161705,0.03116338123358605,0.03652859350088546,-0.02410929684614239,0.0126856018679887,-0.006294587484179006,0.07274129811386733,0.05512324695771523,0.0248327590282558,-0.010878593186599797,-0.012694954092269383,0.029447542301775424,0.01891310224336913,0.03859680987329219,-0.03105233038706006,0.017948056814731075,-0.06580799789692474,-0.025366725431108808,0.044518120301044316,0.02951841795045606,0.016941876587798676,0.01898408147155807,0.0017522532720928518,-0.008731066806217663,-0.017104730771031102,0.01552852816390922,0.022188449024367594,-0.027840176300263537,-0.01979129326543047,0.007267678840631755,1.0,-0.008761867819362083,-0.02763532542089388,-0.07396855500007689,0.04014752976639048,0.024730083815406062,0.018724799320013953,0.009910961957396953,-0.006036817354784949,0.01630972698416592,0.0021650850654670595,0.04958577251013208,0.035149313412728755,0.04001132180088643,-0.015465789098555395,0.014575306630889559,-0.007424095890601537,0.065781344694368,0.05785894508295569,0.029080406567975815,0.0021369038401386864,-0.010189023084264608,0.021667934006391394,0.009179293182187841,0.03232139259477711,-0.02601179341174646,0.017544229176379347,-0.06827971113404008,-0.04578640343794685,0.03444740884665112,0.007932762961754746,0.01820179795428284,0.03165396223996807,0.002919234110691809,-0.014824630217601326,-0.033704494137818446,0.0072693917550884285,0.017025126921324824,-0.022368256513042986,-0.015535554166880046,0.008332515747463038
3.521286784215203,0.6198672178717612,0.8905435591958303,4.0,118.0,120.0,112.0,102.0,93.0,39.0,33.0,25.0,42.0,14.0,1.0,134.0,119.0,126.0,126.0,119.0,126.0,109.0,123.0,119.0,120.0,121.0,111.0,0.18492176386913228,0.39971550497866287,0.41536273115220484,0.26359256710254647,0.3331039229181005,0.40330350997935305,0.014892032762472078,0.005956813104988831,0.0193596425912137,0.014892032762472078,0.011169024571854059,0.00967982129560685,0.005956813104988831,0.0052122114668652275,0.0052122114668652275,0.0037230081906180195,0.04095309009679821,0.008190618019359643,0.035740878629932984,0.005956813104988831,0.016381236038719285,0.026061057334326135,0.01563663440059568,0.0052122114668652275,0.006701414743112435,0.0037230081906180195,0.0037230081906180195,0.029784065524944156,0.0037230081906180195,0.0193596425912137,0.016381236038719285,0.00967982129560685,0.029039463886820552,0.04765450483991065,0.0029784065524944155,0.039463886820551006,0.03127326880119136,0.011169024571854059,0.10201042442293373,0.004467609828741623,0.05137751303052867,0.018615040953090096,0.03648548026805659,0.06329113924050633,0.049143708116157855,0.011169024571854059,0.03723008190618019,0.022338049143708117,0.008935219657483246,0.04393149664929263,0.0022338049143708115,0.01563663440059568,0.004467609828741623,0.01712583767684289,0.005956813104988831,0.0007446016381236039,1.0,-0.007766092690187434,-0.025775111086329936,0.06960479596326792,-0.012026180816778288,-0.022301017663784083,0.02980978849592259,-0.0345712595213771,-0.019086237455786498,0.01757796976643032,0.012946447571917862,-0.035386766193110944,-0.027318036392014636,-0.011807939720665961,-0.034417784094620624,-0.020595402420479022,-0.022075082492064548,-0.03566265684894504,-0.0008254033126955611,-0.004869254360113285,-0.021691300621109952,-0.056642418188380936,0.003110471090527395,-0.0181398550248725,-0.01661040330116001,-0.02147406858383858,0.026224977110544063,0.02845721033221362,0.007930623906083588,0.013048227833202287,0.008727490451700829,0.044106221144079985,0.002666920978801503,0.01657023392809947,-0.006954887287323652,0.0054016150237671395,0.008063397137577628,0.021161663003362995,0.01097779622903313,-0.024548622346491925,-0.024640667765280344,1.0,-0.007771879644502025,-0.025875517762764477,0.0694043737558329,-0.011810912320737584,-0.019072094550683337,0.024414801950161363,-0.03406188095784226,-0.01560807663124373,0.011767159633818837,0.017289482661327214,-0.032373520725533095,-0.031907569152377746,-0.014550399778534322,-0.031501059770091246,-0.02012766623909628,-0.024736348336339933,-0.031641302282787345,-0.001647741870096997,-0.008469526223446587,-0.01888738577124115,-0.06051777004325064,-0.0007088409285098478,-0.020846109098356293,-0.014196378190188864,-0.02889868946382355,0.024220256384367415,0.028426482962060216,0.0016858832633794545,0.006113755233902356,0.0034058613959457693,0.044027361878121035,-0.006390868344733901,0.01389576132015871,-0.013807009019274511,0.001963450845197685,0.00020376634768919363,0.016139527005648843,0.01237366890409756,-0.025941264379404045,-0.02852512554001105
3.499958103836418,0.6469239298264714,0.8868205510052122,5.0,109.0,125.0,117.0,92.0,80.0,29.0,35.0,18.0,14.0,5.0,3.0,134.0,111.0,129.0,119.0,117.0,130.0,101.0,126.0,113.0,115.0,118.0,112.0,0.189873417721519,0.3813291139240506,0.4287974683544304,0.2736842105263158,0.3256140350877193,0.4007017543859649,0.014147431124348473,0.0052122114668652275,0.011913626209977662,0.01563663440059568,0.014147431124348473,0.011913626209977662,0.0014892032762472078,0.007446016381236039,0.004467609828741623,0.0029784065524944155,0.04244229337304542,0.00967982129560685,0.026061057334326135,0.005956813104988831,0.022338049143708117,0.020104244229337303,0.014147431124348473,0.0052122114668652275,0.00967982129560685,0.004467609828741623,0.0037230081906180195,0.03052866716306776,0.0029784065524944155,0.03127326880119136,0.018615040953090096,0.010424422933730455,0.03276247207743857,0.04839910647803425,0.0052122114668652275,0.03201787043931496,0.028294862248696945,0.016381236038719285,0.10796723752792256,0.0014892032762472078,0.054355919583023084,0.022338049143708117,0.039463886820551006,0.058078927773641105,0.06031273268801191,0.008935219657483246,0.03052866716306776,0.018615040953090096,0.005956813104988831,0.03648548026805659,0.0,0.02084884586746091,0.0022338049143708115,0.01340282948622487,0.0052122114668652275,0.0037230081906180195,1.0,0.02362384936740031,0.015295517356614167,0.01073227222161838,0.01594962850203406,0.016161753473818964,0.009966510890094578,0.007514389064335739,0.015047141211021001,0.006056086078673296,0.023370274878434686,-0.027196731357075333,0.005953028886036867,0.028557204926277415,-0.0075588767422669146,0.02967445219297381,0.018691016706048728,-0.06521702877392553,0.010724282407452787,0.029109378772031305,0.018801489203087794,-0.014956251462595547,0.020403459055401595,-0.011769630114779226,0.016949058274798225,-0.05490889319348209,-0.03275876690113579,-0.003844930293256339,0.05197791950979633,0.041342556664503365,-0.01828686365463229,0.034375162085223274,-0.009176932943327176,-0.02217461998928347,0.01354251530116676,-0.013485032124057045,-0.017500636599809858,-0.026691354663139415,-0.01605221759907465,-0.008650461723243038,-0.02033842650786929,1.0,0.023641452831906558,0.014767665089182416,0.010058185155798328,0.015301350166616726,0.015206952184184705,0.008736633449341911,0.006362277934816847,0.01401798557262766,0.0045816482951007076,0.022265680947424406,-0.029438239475033098,0.005836985360108103,0.028275793172236916,-0.009764980640896126,0.029464076003895442,0.017330159812134573,-0.06889654037055898,0.012149682144789025,0.030329412124171864,0.016412145513035582,-0.015645866177770116,0.020479031602299403,-0.01518192296575566,0.01819399477134404,-0.058461197429961635,-0.03167908582072623,0.0024979183144277716,0.048588250697018574,0.04194476485153746,-0.016263900439055644,0.03423507006251952,-0.01196650222636699,-0.02121106727380641,0.007156032788907332,-0.013777597853786776,-0.016635974334467767,-0.028714186119805172,-0.016164184332778633,-0.003989458246984118,-0.015609080503943175
3.4652973755954206,0.6203555111399206,0.8793745346239762,12.0,101.0,124.0,116.0,85.0,69.0,27.0,34.0,6.0,8.0,9.0,5.0,134.0,103.0,131.0,118.0,115.0,130.0,95.0,128.0,111.0,122.0,116.0,103.0,0.1929530201342282,0.36073825503355705,0.4463087248322148,0.27880512091038406,0.3314366998577525,0.38975817923186346,0.016381236038719285,0.0052122114668652275,0.016381236038719285,0.010424422933730455,0.011913626209977662,0.012658227848101266,0.0029784065524944155,0.004467609828741623,0.004467609828741623,0.0014892032762472078,0.0387192851824274,0.011169024571854059,0.0379746835443038,0.006701414743112435,0.02084884586746091,0.026061057334326135,0.011913626209977662,0.008190618019359643,0.011913626209977662,0.0022338049143708115,0.004467609828741623,0.029039463886820552,0.0,0.02308265078183172,0.01340282948622487,0.011169024571854059,0.03425167535368578,0.04244229337304542,0.0014892032762472078,0.04393149664929263,0.02680565897244974,0.005956813104988831,0.10498883097542815,0.004467609828741623,0.049143708116157855,0.028294862248696945,0.03276247207743857,0.06478034251675353,0.06254653760238273,0.0052122114668652275,0.03723008190618019,0.02084884586746091,0.005956813104988831,0.04839910647803425,0.0022338049143708115,0.016381236038719285,0.0022338049143708115,0.008935219657483246,0.0052122114668652275,0.0022338049143708115,1.0,-0.0311132813241293,0.010094859349574227,0.01376605666867584,0.022079051444960494,-0.018047655188082025,0.016323777524419103,0.025412129075565178,-0.03200395118111465,0.01562865707107293,-0.024162241418356132,-0.032279854534236756,-0.005632598489305197,-0.006327996281442041,-0.01950173006973903,-0.02096800731824954,0.005629325545556568,0.006809661917167372,0.013368439607144381,0.01657155194670408,0.005017453407469715,-0.01327411769492049,0.006070712124139327,0.030525118897821894,0.008051797127121705,0.027495834573127875,-0.02014439567543691,0.061347925926046376,0.01481888836705669,0.0055325655274097996,0.014694538265184982,-0.014119342247585091,-0.0477441493034315,-0.0035353443388398565,-0.022465018181871705,-0.03385763703047884,0.03421272361819576,-0.043918483698086805,0.011566211823511837,-0.008425425805474594,0.016737532818700385,1.0,-0.031136465587411066,0.009149305643102469,0.014408834239220814,0.02295306236386147,-0.017019565906155172,0.014686655698844047,0.02626089179785462,-0.030983788273200294,0.013656987130687895,-0.024642795788647243,-0.03417019519629818,-0.005589689105260896,-0.00801763209378681,-0.017260301310270853,-0.020355504924473262,0.0031745439667508583,0.011509427027834114,0.015423915800395533,0.017048893551632454,0.005754336090317398,-0.014492606641936117,0.0030829576064966523,0.029421711960042087,0.009213848959274776,0.025638260801344154,-0.022580844764444823,0.06086259375302336,0.020661498969278155,0.004353552986793516,0.015823376056648734,-0.016903810859845145,-0.05008212888836821,-0.0031964030831569744,-0.02592608380831366,-0.029682617746405987,0.0344493652660677,-0.04189196334536717,0.020580096799634323,-0.002869826762825991,0.015879293184338925
3.486867050368359,0.6283747499902158,0.889054355919583,4.0,112.0,128.0,118.0,93.0,95.0,31.0,49.0,19.0,14.0,3.0,6.0,134.0,117.0,131.0,127.0,121.0,130.0,114.0,125.0,121.0,117.0,123.0,117.0,0.22023809523809523,0.3630952380952381,0.4166666666666667,0.26337169939065674,0.3290453622207177,0.4075829383886256,0.01712583767684289,0.006701414743112435,0.00967982129560685,0.014892032762472078,0.02084884586746091,0.011913626209977662,0.0007446016381236039,0.006701414743112435,0.004467609828741623,0.0037230081906180195,0.03201787043931496,0.011913626209977662,0.02531645569620253,0.007446016381236039,0.01712583767684289,0.026061057334326135,0.017870439314966492,0.0037230081906180195,0.006701414743112435,0.0052122114668652275,0.0029784065524944155,0.02084884586746091,0.0029784065524944155,0.0379746835443038,0.011169024571854059,0.011913626209977662,0.023827252419955324,0.040208488458674606,0.008935219657483246,0.03648548026805659,0.028294862248696945,0.012658227848101266,0.1169024571854058,0.0022338049143708115,0.05658972449739389,0.035740878629932984,0.03127326880119136,0.06105733432613552,0.06403574087862993,0.007446016381236039,0.03201787043931496,0.017870439314966492,0.004467609828741623,0.04169769173492182,0.0052122114668652275,0.008190618019359643,0.0029784065524944155,0.014892032762472078,0.008190618019359643,0.0007446016381236039,1.0,0.01465183742887395,0.03842038952310398,-0.04734297318613961,-0.0315726374260101,0.03098529910223964,0.0023327683502727776,-0.034321315165475964,-0.03858973494885084,-0.02683063501286713,0.0133885808190327,0.0026227025477277644,-0.005451418399584453,0.021338932761080807,-0.00400264168540472,-0.042549222259269805,-0.03260116812981769,0.009076067472811197,0.02433571765489634,0.03540438848365569,0.03148168636630521,0.010740942531932753,0.024742440968959264,-0.036020577505476,-0.014237148112419403,-0.04321580162593326,-0.0022787238205405863,0.007154566872367806,-0.011742084613867812,-0.0016651277884745567,0.031637404518079525,0.024430013859087777,-0.024322652150679174,-0.00657815624404332,0.01596608503475271,0.03766774542101675,-0.019504056654707745,0.017904985079113745,-0.02018000309630326,-0.01359374610557139,0.056234641412644726,1.0,0.014662755340519916,0.03827092234217617,-0.04863439294412757,-0.031823974076342805,0.035964873577326584,0.001561896968652033,-0.040611329419989246,-0.03588421831364858,-0.020548358564557827,0.01281776495707555,-0.002002899067847271,-0.009093255401776558,0.02429451702736288,-0.0027018404216425204,-0.04958636847515336,-0.03340841121327407,0.015206484515537952,0.021922752267685534,0.028432335480131323,0.032365195029825114,0.014268969152152625,0.02423873987494695,-0.042352373235244045,-0.019174251080666435,-0.03727063519898828,0.002229189007190452,0.010228113104182507,-0.008710001513099344,0.0017418420486668056,0.03415094732895294,0.017463863178598677,-0.03868657439634884,-0.005896865977619105,0.02762122400673217,0.039936963212484966,-0.02467670402367931,0.02196078389287772,-0.011311600088630287,-0.022927773424740807,0.04727746189291208
3.49330226904747,0.6225657781462196,0.8816083395383469,2.0,113.0,121.0,110.0,100.0,99.0,28.0,24.0,14.0,4.0,2.0,1.0,134.0,113.0,127.0,117.0,115.0,123.0,113.0,121.0,113.0,117.0,115.0,112.0,0.2022653721682848,0.36893203883495146,0.42880258899676377,0.2661971830985915,0.32535211267605635,0.4084507042253521,0.017870439314966492,0.008935219657483246,0.014892032762472078,0.012658227848101266,0.01712583767684289,0.01340282948622487,0.0022338049143708115,0.008935219657483246,0.0022338049143708115,0.0029784065524944155,0.034996276991809384,0.008935219657483246,0.040208488458674606,0.007446016381236039,0.01563663440059568,0.024571854058078928,0.0193596425912137,0.0022338049143708115,0.006701414743112435,0.0022338049143708115,0.0014892032762472078,0.022338049143708117,0.004467609828741623,0.02531645569620253,0.014147431124348473,0.00967982129560685,0.026061057334326135,0.04690990320178704,0.0029784065524944155,0.04616530156366344,0.028294862248696945,0.01340282948622487,0.10945644080416977,0.0022338049143708115,0.04839910647803425,0.020104244229337303,0.034996276991809384,0.05658972449739389,0.06105733432613552,0.00967982129560685,0.03350707371556218,0.01563663440059568,0.010424422933730455,0.049143708116157855,0.0037230081906180195,0.01340282948622487,0.0029784065524944155,0.011913626209977662,0.011169024571854059,0.0007446016381236039,1.0,0.028017456349337368,0.046929955608376046,0.021413811366865706,-0.01408260513021572,-0.004868974851462119,0.03246168475741441,0.03112434693954335,0.00015774451421233767,0.011622448431808674,-0.03686862115072585,-0.011031927229227289,-0.018015729117567842,0.00033349416491252183,0.018022035578686417,0.036037259338033166,-0.03614301123230038,-0.020847204484371645,0.014133423553846931,-0.016407905333147798,-0.0679099612089012,-0.0039952913827803384,-0.026435290070267046,-0.008237348113594944,-0.0280516770930314,-0.03654155597655178,4.2939291521042905e-05,0.007204708584349357,-0.007737465687209764,0.004239197144909852,-0.02665886028469052,-0.018379895285434142,-0.026779524089184378,-0.005161731673089192,-0.022882690673765617,-0.019912880768642005,0.0026408649145002383,0.010233135977586716,-0.012140066325968143,-0.013013922264134104,0.019612094366148154,1.0,0.02803833373856937,0.046250159403873545,0.01896356438191563,-0.017418568500613768,-0.005961445231837233,0.034073076039402884,0.0308481603985217,-0.0046337144823636045,0.007356085758572025,-0.0378445002753999,-0.008606081841584979,-0.015361373874557353,0.0019808639602759354,0.018336954419816788,0.03502781167198087,-0.0393649663648142,-0.020786799822610103,0.019711497242822704,-0.010829654139857087,-0.07299195893529827,-0.004904136077854434,-0.020203898741740976,-0.0009313087683473728,-0.028577307539662537,-0.03239775827782308,0.008352280355972635,0.014764517040308895,-0.008038264354394357,0.002308723251472145,-0.03033345664329826,-0.011385331461045992,-0.02814128612838652,-0.005243734756226891,-0.01920756791178941,-0.01696103154114958,-0.0006993128182751045,0.01449154071513765,-0.00927103103467109,-0.011775590318672712,0.01660655819530919
3.4947423333808025,0.6235911703028353,0.8875651526433358,3.0,110.0,125.0,116.0,96.0,67.0,30.0,31.0,15.0,5.0,7.0,1.0,134.0,111.0,128.0,123.0,119.0,123.0,107.0,119.0,115.0,113.0,117.0,109.0,0.16666666666666666,0.38283828382838286,0.4504950495049505,0.2651622002820874,0.3314527503526093,0.4033850493653032,0.01712583767684289,0.011913626209977662,0.011169024571854059,0.017870439314966492,0.016381236038719285,0.018615040953090096,0.0007446016381236039,0.008935219657483246,0.0029784065524944155,0.0022338049143708115,0.04318689501116903,0.005956813104988831,0.039463886820551006,0.006701414743112435,0.016381236038719285,0.026061057334326135,0.014147431124348473,0.004467609828741623,0.010424422933730455,0.0014892032762472078,0.0037230081906180195,0.023827252419955324,0.0052122114668652275,0.02531645569620253,0.010424422933730455,0.008935219657483246,0.03127326880119136,0.0387192851824274,0.0052122114668652275,0.04244229337304542,0.029784065524944156,0.011913626209977662,0.09903201787043932,0.0022338049143708115,0.05063291139240506,0.021593447505584513,0.03425167535368578,0.05956813104988831,0.07073715562174236,0.00967982129560685,0.03201787043931496,0.018615040953090096,0.0014892032762472078,0.04318689501116903,0.0029784065524944155,0.0193596425912137,0.0052122114668652275,0.005956813104988831,0.008935219657483246,0.0014892032762472078,1.0,0.06402803016777914,0.023254717578441584,0.04717014024920084,-0.0031114775919467755,0.013587052173032752,-0.006078648604012687,0.05397551016823406,0.01594077325598735,-0.0300291474746284,0.019861693587670076,-0.020660911624654714,0.037173213404801675,0.040652222626396256,0.03383196174738958,-0.0023640557823761056,-0.033573959655701396,-0.02302251881728136,0.014171911843511862,-0.007453017459243221,0.006581239805861756,-0.027833712172301316,0.014294633105082584,-0.08299597082927247,-0.00024772248919582607,0.0067777500637995316,-0.03730665234367807,0.017433388559498265,-0.006824423007686278,0.036182765385146566,0.013571860295434538,-0.04343350567880001,0.010027327718523958,-0.004755880282003311,0.02085672505625905,0.002057881246987809,-0.02200266262415948,0.0053167050884891974,0.001964758664028774,-0.028502458859256778,0.001332172006356787,1.0,0.06407574106954349,0.0192627868714468,0.04477832107759938,-0.009363755797301063,0.012674380996630236,-0.009683599539631408,0.05572932372556644,0.008264493046566766,-0.03309565750391034,0.018346399539009035,-0.022373699477677672,0.04172950808813324,0.03567442182380126,0.02865590201957432,-0.014388100108062647,-0.033363901346617875,-0.024064507309479392,0.020942177926812296,-0.007990741505134744,0.0027113473028998044,-0.03165440986481567,0.019547755134548334,-0.08222606061521753,0.015775325844493728,0.002042430876413946,-0.03475935095013341,0.018034810413855996,-0.003806220919431573,0.045096295146287185,0.015231290218988423,-0.04293730580180539,-0.00015167420557714388,0.004609413731237656,0.021824824287808558,0.004358799585792928,-0.020584274106867192,0.0031119342516593863,0.009578556512080201,-0.031134285290534313,7.460206497071205e-05
3.4818517423000546,0.6378367078558751,0.8830975428145942,4.0,109.0,126.0,125.0,104.0,55.0,34.0,35.0,23.0,1.0,12.0,1.0,134.0,110.0,129.0,127.0,122.0,128.0,109.0,125.0,121.0,117.0,124.0,109.0,0.1494435612082671,0.40222575516693165,0.4483306836248013,0.26597938144329897,0.3347079037800687,0.3993127147766323,0.018615040953090096,0.010424422933730455,0.014892032762472078,0.017870439314966492,0.020104244229337303,0.011913626209977662,0.0007446016381236039,0.010424422933730455,0.005956813104988831,0.0014892032762472078,0.04169769173492182,0.008935219657483246,0.03052866716306776,0.004467609828741623,0.02084884586746091,0.02308265078183172,0.016381236038719285,0.0014892032762472078,0.008190618019359643,0.006701414743112435,0.0022338049143708115,0.0193596425912137,0.0022338049143708115,0.035740878629932984,0.011169024571854059,0.01563663440059568,0.029784065524944156,0.04318689501116903,0.006701414743112435,0.03052866716306776,0.02531645569620253,0.007446016381236039,0.10126582278481013,0.0007446016381236039,0.05137751303052867,0.01712583767684289,0.04169769173492182,0.06775874906924795,0.06478034251675353,0.008935219657483246,0.03201787043931496,0.018615040953090096,0.006701414743112435,0.05137751303052867,0.0037230081906180195,0.010424422933730455,0.0029784065524944155,0.010424422933730455,0.0052122114668652275,0.0007446016381236039,1.0,0.02602974130716026,-0.0019332988263750866,-0.02981474265186856,0.02889245391188873,-0.039534280450368144,-0.020174976458516295,0.037453843848111595,-0.00345599858606211,0.03490960243981561,-0.025999470175712764,-0.03140965969280256,0.04653157717216953,0.019949831032168602,0.01612067703790705,-0.04093360805323883,-0.01968288634542759,0.009720250906982478,0.0017113849669652867,-0.027585097581414277,-0.005592985752073069,0.014597488074134416,0.022954449234820123,-0.02252269262089428,0.00211413122174359,-0.05600728188341443,-0.024442044403503997,-0.005810994693371664,0.016916346073148812,0.05706461174784187,-0.0003235316252024023,0.02276130105040265,0.021263079775125763,-0.005898293173431973,-0.042314194666960174,-0.017692434361514426,-0.010311059936057167,-0.02805073889106674,0.02929116671819253,0.012851967412100745,0.03393215807783729,1.0,0.026049137537642503,-0.0026165152178975162,-0.029783179632101805,0.030577187873922475,-0.04147588524058633,-0.018911368692187257,0.040558238970783665,-0.009171044890528685,0.03707738388362012,-0.026408665433172263,-0.034773852546869564,0.05479943825841743,0.01420702380102342,0.01631745883930605,-0.037582540591139794,-0.027073021327895793,0.017108715672797,0.001855469583942325,-0.027834630149324368,-0.0034528046353749504,0.004217007919712791,0.02551078939273542,-0.01805807277947364,0.0025874516469630046,-0.05964975202657365,-0.028583582895802283,0.00246032676655411,0.018686650126725997,0.05822244822358024,-0.0097226511107279,0.018546987328358133,0.032783807302988105,-0.008204691405873514,-0.038368215471201825,-0.01838100057870449,-0.019615089752323723,-0.019378697200828108,0.03253982923157847,0.0129197683856143,0.030286291873799977
3.4965425469483424,0.6487127511059865,0.8823529411764706,14.0,101.0,121.0,119.0,76.0,93.0,11.0,27.0,13.0,10.0,6.0,4.0,134.0,111.0,129.0,124.0,110.0,128.0,77.0,127.0,109.0,109.0,125.0,107.0,0.22521008403361345,0.3663865546218487,0.4084033613445378,0.2798561151079137,0.3251798561151079,0.3949640287769784,0.017870439314966492,0.008190618019359643,0.011913626209977662,0.011913626209977662,0.014892032762472078,0.014147431124348473,0.0022338049143708115,0.007446016381236039,0.005956813104988831,0.004467609828741623,0.04318689501116903,0.010424422933730455,0.034996276991809384,0.007446016381236039,0.01563663440059568,0.0193596425912137,0.014892032762472078,0.0014892032762472078,0.012658227848101266,0.0037230081906180195,0.0029784065524944155,0.024571854058078928,0.0007446016381236039,0.035740878629932984,0.012658227848101266,0.010424422933730455,0.03276247207743857,0.045420699925539834,0.0029784065524944155,0.040208488458674606,0.02680565897244974,0.008935219657483246,0.0953090096798213,0.004467609828741623,0.049143708116157855,0.02531645569620253,0.03201787043931496,0.06180193596425912,0.06701414743112435,0.007446016381236039,0.04169769173492182,0.01563663440059568,0.007446016381236039,0.04690990320178704,0.0052122114668652275,0.01340282948622487,0.0014892032762472078,0.008190618019359643,0.00967982129560685,0.0007446016381236039,1.0,-0.023981911834360086,-0.026501572829629172,0.05730655369209933,-0.03748871267625221,-0.005749044028922762,-0.002055454249199507,0.01980746595336046,-0.012230450115388926,0.020939942340563317,0.018158231013781535,0.03676590582520806,0.01443056934452303,-0.0034554624130937735,0.028831270209389193,0.026515647125035093,-0.026841610699265567,0.01731428014095239,0.0274656509591361,0.0009504503375166668,0.03674595193051279,0.04907001456018395,0.026108091897237447,-0.012388098690892052,0.0007344728918628697,-0.03491165902048804,0.03151277664726151,-0.000308082586674265,0.017039496173386785,0.04329597270906075,0.00363961745119345,-0.027794843231855916,-0.01704080958823711,0.06079055417837344,-0.015412842468175258,0.00215019006140889,-0.005359250914106114,-0.026554990411626025,0.005880049676578455,-0.012084376759014729,0.0006771731552980879,1.0,-0.02399978211143489,-0.02713271562143023,0.05620313355114594,-0.03576670926535237,-0.004446995211152457,-0.007456078873261612,0.02371412680824852,-0.012483873056138217,0.02201601284148415,0.01579248568910813,0.04222659121355189,0.014076908644668873,-0.0009159216308383061,0.026441868688849596,0.030537520435165024,-0.023873269197676746,0.015138475423678794,0.024770806758024337,0.008012148229361984,0.03443958417334794,0.04753230923424256,0.03026372816810175,-0.012133916574819282,-0.0040026076811122795,-0.03850767064044829,0.03304566577530906,-0.002793098131774211,0.020293159292155517,0.033524677965627914,0.007015496089098951,-0.03470028689921828,-0.028187092119133363,0.05700998647209309,-0.008387449264343138,-8.007399541021749e-05,-0.017598073688656006,-0.023931094386521315,0.00023819807362161015,-0.017472247110563943,-0.006248985403022133
3.450817880447315,0.6344417800343836,0.8771407297096053,3.0,99.0,116.0,116.0,84.0,70.0,22.0,36.0,1.0,2.0,0.0,0.0,134.0,98.0,125.0,126.0,113.0,127.0,91.0,124.0,99.0,101.0,114.0,97.0,0.19854280510018216,0.3697632058287796,0.43169398907103823,0.2853965900667161,0.3254262416604892,0.38917716827279464,0.017870439314966492,0.008935219657483246,0.008935219657483246,0.011913626209977662,0.016381236038719285,0.010424422933730455,0.0007446016381236039,0.008935219657483246,0.005956813104988831,0.0014892032762472078,0.0387192851824274,0.00967982129560685,0.0387192851824274,0.006701414743112435,0.017870439314966492,0.020104244229337303,0.014892032762472078,0.0052122114668652275,0.0052122114668652275,0.004467609828741623,0.0029784065524944155,0.018615040953090096,0.0052122114668652275,0.028294862248696945,0.014147431124348473,0.005956813104988831,0.026061057334326135,0.03276247207743857,0.004467609828741623,0.03127326880119136,0.027550260610573342,0.00967982129560685,0.10424422933730454,0.0029784065524944155,0.05137751303052867,0.01712583767684289,0.03201787043931496,0.07520476545048399,0.08488458674609084,0.007446016381236039,0.04839910647803425,0.01712583767684289,0.008190618019359643,0.04988830975428146,0.004467609828741623,0.01563663440059568,0.0022338049143708115,0.011169024571854059,0.006701414743112435,0.0007446016381236039,1.0,0.03439873472387024,0.07959938626692413,0.04691503509581901,0.11563338206573745,0.11558858167906876,0.026194639589569333,0.0676690207430598,0.05190589073586913,0.10017303769154938,0.020713937988018166,0.05666235961955662,0.03802303975768466,0.047382046905996,0.011421326122793138,0.06712155200265783,0.0314118716470759,0.031865886225953724,0.04786505818155977,0.03821188572670193,0.0016874771281449315,0.04510187091804787,0.028682709396949713,0.04820735440229162,0.031824633802998985,0.010600764180062007,0.07910675416242996,-0.019698310343056587,-0.012952195894992333,0.022698664920103334,0.060225166825490034,0.03396220144761641,0.016212212122851306,0.02761609336681376,0.03527204434241561,-0.007619087183517615,0.01295051497370744,0.059703843448782774,0.016909801691804914,0.016914808347711446,0.012782632804941543,1.0,0.034424367164051985,0.07862624068070959,0.042094743383945116,0.10801746727272607,0.10536083194150818,0.003938557156006355,0.04448813306333185,0.029017801407268524,0.06992087279345277,-0.004738706300888485,0.03084421999327678,0.012223816232258215,0.01597972626295469,-0.01719635471707841,0.049686847501724495,0.0064818545775296044,0.007996960723593216,0.027584487357622953,0.019644493579398792,-0.030603811160105212,0.029649998944620698,0.00741589100159834,0.028180133631812362,0.011713404501542781,-0.006019245675842998,0.05733547213657279,-0.043606567043244754,-0.043926214727386614,0.017171712207664978,0.03893898452823309,0.017643450624871014,0.011219223954794742,0.01265647103579081,0.011897998050917565,-0.03518739096665313,0.002379432929308053,0.05174893973865905,-0.003088786882990203,-0.0037177564906250155,0.00756599205888409
3.506350302353119,0.6165985047717747,0.8883097542814594,3.0,107.0,120.0,117.0,91.0,101.0,41.0,40.0,25.0,14.0,6.0,9.0,134.0,109.0,131.0,127.0,122.0,129.0,105.0,129.0,127.0,124.0,123.0,116.0,0.21364985163204747,0.3664688427299703,0.4198813056379822,0.26558265582655827,0.33875338753387535,0.3956639566395664,0.016381236038719285,0.012658227848101266,0.01712583767684289,0.01563663440059568,0.016381236038719285,0.020104244229337303,0.0014892032762472078,0.006701414743112435,0.0037230081906180195,0.0014892032762472078,0.0387192851824274,0.010424422933730455,0.03276247207743857,0.008190618019359643,0.016381236038719285,0.02680565897244974,0.021593447505584513,0.0037230081906180195,0.0052122114668652275,0.005956813104988831,0.0052122114668652275,0.028294862248696945,0.0037230081906180195,0.02680565897244974,0.014892032762472078,0.01712583767684289,0.02680565897244974,0.044676098287416234,0.0037230081906180195,0.04169769173492182,0.03350707371556218,0.014147431124348473,0.10126582278481013,0.0029784065524944155,0.05137751303052867,0.02680565897244974,0.03127326880119136,0.06254653760238273,0.058823529411764705,0.0037230081906180195,0.03425167535368578,0.01563663440059568,0.0052122114668652275,0.03276247207743857,0.0,0.011169024571854059,0.0029784065524944155,0.008935219657483246,0.008190618019359643,0.03648548026805659,1.0,-0.00430445249815806,-0.0024060515733776333,0.01792840469966693,-0.03400453440039973,0.05054855236341029,0.041303158736899784,0.015353538637004798,0.026861777122700766,-0.009841447827238137,-0.023050451990942758,0.021595883684530033,0.037582425596110115,0.027107027166556608,0.04460354911613558,-0.014848118043345638,0.010944372632324027,-0.008601248907060977,0.03887350324916867,-0.0031743012660312955,0.011090252454776243,0.034724814427290356,-0.008298476298115922,0.02875263285287975,-0.036153104934279416,0.013884939172078134,0.041556088784188414,-0.0471134005070679,0.012134059180191857,0.03031416789818547,-0.0034304129272761654,0.00680388144319851,0.037073961108694695,-0.02524555402123274,-0.010017880709341379,0.012439963226500907,-0.01158858913214543,0.023460888402336864,-0.0010559047752351821,-0.027296497642537502,0.008298803061403856,1.0,-0.004307659988842231,-0.002428241010046607,0.01794811663826012,-0.033969432215979506,0.05062864664767501,0.041456433088493484,0.017290917148327527,0.024565591076175057,-0.00764896842067741,-0.023636912353372532,0.01761848022634996,0.036877884271319966,0.024340168802323977,0.04225851348961784,-0.012195320594067638,0.012413499970852875,-0.012728704437728052,0.03803447392618969,-0.013215542331794831,0.007888993003763188,0.032546498688281626,-0.004959656489368101,0.026906395010264896,-0.04074951549291757,0.011861996149873367,0.0324015478078232,-0.048310688402743794,0.0059391988732532906,0.030724023370979164,-8.121505347904556e-05,-3.638364651876909e-05,0.036494004223247535,-0.02313236433258918,-0.020760862002609876,0.011222199668968617,-0.009054269633479026,0.013047861063811924,0.0012277521832119598,-0.028176890506950273,0.006382829909592684
3.4731145416647107,0.6554283673797834,0.8816083395383469,6.0,95.0,108.0,117.0,87.0,84.0,37.0,41.0,23.0,17.0,6.0,0.0,134.0,103.0,126.0,120.0,113.0,124.0,55.0,127.0,107.0,105.0,111.0,95.0,0.2109500805152979,0.392914653784219,0.3961352657004831,0.2916666666666667,0.3371212121212121,0.3712121212121212,0.014147431124348473,0.007446016381236039,0.011169024571854059,0.011169024571854059,0.010424422933730455,0.008190618019359643,0.0007446016381236039,0.008935219657483246,0.0029784065524944155,0.0037230081906180195,0.03201787043931496,0.007446016381236039,0.034996276991809384,0.006701414743112435,0.02084884586746091,0.027550260610573342,0.011913626209977662,0.0037230081906180195,0.004467609828741623,0.0022338049143708115,0.0029784065524944155,0.02531645569620253,0.0022338049143708115,0.03276247207743857,0.011913626209977662,0.01340282948622487,0.039463886820551006,0.04095309009679821,0.0029784065524944155,0.0379746835443038,0.02680565897244974,0.014147431124348473,0.0960536113179449,0.005956813104988831,0.055100521221146684,0.02531645569620253,0.034996276991809384,0.07371556217423679,0.06924795234549516,0.007446016381236039,0.04244229337304542,0.021593447505584513,0.008190618019359643,0.0379746835443038,0.004467609828741623,0.01563663440059568,0.0022338049143708115,0.008190618019359643,0.008190618019359643,0.0014892032762472078,1.0,0.010909659960069035,0.051312016710233076,0.0052401317886695544,0.04575175408887894,0.05417277605205078,-0.009366576580319077,0.034453043011910905,0.016498682535855347,0.04396668201348983,0.042803026380708424,-0.0063066571348403344,0.003569745621305657,0.03215134144776061,-0.009633387530896015,0.009812110529759586,-0.004614793608961383,-0.0018196323394897766,0.0422786289453426,0.02220732154551891,0.015934781800457563,-0.008263895256161159,0.05814002904180844,-0.024420629042983266,0.0016877052310143633,0.030582338804176788,0.017168270539640398,0.000842731660587191,0.028747126786200408,0.008257685308303286,0.050516442221487684,-0.00948595897207236,-0.01800461953688261,0.0036393343262059777,0.0061190399635290904,-0.017518174686967133,0.03244927478707777,0.012444998359987554,-0.02585462321809287,0.03413154369528535,-0.0443134812793386,1.0,0.010917789363914092,0.05127545851325866,0.004171230305338208,0.04327653887439573,0.053242983440156884,-0.014960575324135719,0.029390326962462007,0.015070741514306112,0.03647456635214904,0.03947847526617854,-0.012466072595163307,-0.005107881968817299,0.02941868970380869,-0.01859062550525561,0.004069623980115512,-0.003974724652316949,-0.00914227389284053,0.039886821933496984,0.021420460621855653,0.00855622611055047,-0.00847911608155925,0.05326958941085231,-0.03268162338216249,-0.003269576258435586,0.03201365889231735,0.011254504766497107,-0.008968963316024963,0.027923128692073786,0.00041810690494448893,0.046411940641446485,-0.0161694418519133,-0.02939119219195988,0.004167491142362749,0.003119509188338236,-0.03115737308577719,0.040678761536800695,0.008777031597910325,-0.038391697605432706,0.03753068465982202,-0.0519804120437042
3.4981303730825215,0.6181248281672141,0.8786299329858526,8.0,103.0,118.0,114.0,95.0,90.0,25.0,60.0,21.0,19.0,3.0,4.0,134.0,107.0,125.0,119.0,117.0,128.0,79.0,125.0,110.0,112.0,111.0,101.0,0.23939393939393938,0.37727272727272726,0.38333333333333336,0.28289473684210525,0.3347953216374269,0.3823099415204678,0.01340282948622487,0.005956813104988831,0.010424422933730455,0.014147431124348473,0.018615040953090096,0.01712583767684289,0.0022338049143708115,0.006701414743112435,0.004467609828741623,0.0029784065524944155,0.04244229337304542,0.012658227848101266,0.03350707371556218,0.006701414743112435,0.0193596425912137,0.01712583767684289,0.011913626209977662,0.005956813104988831,0.012658227848101266,0.0037230081906180195,0.0052122114668652275,0.02680565897244974,0.0022338049143708115,0.02680565897244974,0.008190618019359643,0.01712583767684289,0.029784065524944156,0.04765450483991065,0.0052122114668652275,0.03723008190618019,0.022338049143708117,0.010424422933730455,0.08786299329858525,0.0014892032762472078,0.054355919583023084,0.02308265078183172,0.040208488458674606,0.06999255398361877,0.06775874906924795,0.006701414743112435,0.03723008190618019,0.018615040953090096,0.0037230081906180195,0.04616530156366344,0.0014892032762472078,0.0193596425912137,0.006701414743112435,0.008190618019359643,0.0052122114668652275,0.0007446016381236039,1.0,0.004667728054106294,-0.02560683536379947,0.05697985852773205,0.030283548181171096,0.012172828707502033,0.0723379536921666,-0.02032887159905725,0.01782741425891129,0.017152219523221324,0.04614290052190906,-0.018187200732071057,0.006611384833383831,-0.025535160587257376,-0.015685718698879424,-0.00820928848956582,0.0472950844843511,0.011407237518702243,-0.007323381414408673,0.036392330651864604,-0.02436557462832455,0.003297736706425607,0.05234446915401525,0.0034476164763600327,0.021313445445826286,-0.04300783943339268,-0.002949077323815088,0.03539824007238938,-0.022787840344691102,-0.00797102176590036,0.002425410522552817,-0.044000796840642536,0.009063942432164514,0.024159075869535942,-0.01241293569498571,0.009349864041935394,0.05394491116112839,-0.01307885580290847,-0.003558769350400418,0.042411447674614695,-0.01367259600256872,1.0,0.004671206241926042,-0.02566740625543366,0.05738925147048883,0.0291988912162105,0.01491978572373543,0.07115050882387042,-0.023908760348816113,0.01975872038802901,0.007151910951804903,0.045736545933241196,-0.020892337013008078,0.002476220890110555,-0.030389990654019507,-0.019725183714096137,-0.01125986360809186,0.044475640257831066,0.018682303554385424,-0.005589693179407519,0.03823426415266212,-0.03086151296261682,0.008129376246231777,0.041887854710403176,0.008210486323689824,0.025367830001435082,-0.05665307323667224,-0.004713364489697941,0.025525100726968723,-0.02661247103554788,-0.002484920680261483,0.0004624713693512862,-0.040035629389658,0.004940396210089501,0.020047028396156123,-0.0032466658481847,0.017171627139473355,0.055542751643369706,-0.006687598752598891,-0.009870224549415406,0.03459172059572298,-0.016891355422012002
3.4463499234286448,0.6221631373229206,0.8682055100521221,3.0,95.0,120.0,103.0,77.0,73.0,14.0,35.0,7.0,12.0,12.0,2.0,133.0,108.0,127.0,116.0,108.0,123.0,67.0,124.0,111.0,107.0,113.0,90.0,0.2007233273056058,0.35985533453887886,0.4394213381555154,0.2863602110022607,0.33308214016578747,0.38055764883195176,0.01712583767684289,0.0029784065524944155,0.010424422933730455,0.012658227848101266,0.010424422933730455,0.014147431124348473,0.0014892032762472078,0.007446016381236039,0.0022338049143708115,0.0029784065524944155,0.03723008190618019,0.010424422933730455,0.03425167535368578,0.008190618019359643,0.01712583767684289,0.020104244229337303,0.008935219657483246,0.0029784065524944155,0.008935219657483246,0.004467609828741623,0.0029784065524944155,0.021593447505584513,0.0029784065524944155,0.029784065524944156,0.01563663440059568,0.008190618019359643,0.035740878629932984,0.04988830975428146,0.0052122114668652275,0.029784065524944156,0.023827252419955324,0.011913626209977662,0.10126582278481013,0.0022338049143708115,0.06254653760238273,0.021593447505584513,0.044676098287416234,0.07297096053611318,0.06552494415487714,0.01340282948622487,0.035740878629932984,0.01712583767684289,0.0037230081906180195,0.04988830975428146,0.0014892032762472078,0.017870439314966492,0.0037230081906180195,0.008190618019359643,0.0029784065524944155,0.0029784065524944155,1.0,-0.008881630566453644,0.0071038607170675755,-0.008563259063396274,0.00612016957000357,0.0044100684794599835,0.0012553419117992395,0.08943011407273367,0.031549550294834694,-0.006473570510369947,0.02134166468364581,0.008333209844805983,0.06826697098571702,-0.01959999155225977,-0.011182464340044971,-0.013525002304747655,0.004373974292556617,-0.021243358048160774,-0.015824589605601003,0.06684791666473833,-0.00424885527512255,-0.014785047212463097,-0.04722682335242732,0.041130452168058156,0.0447282242438338,-0.025373481975710866,-0.049199776571110625,0.01424840023120622,-0.016676002985365222,0.0313108476166357,0.0074843596982322735,0.000839147634968187,-0.04165959724991826,0.010074620010843489,-0.03185316793709647,0.004320625751675463,-0.018327767892700807,0.011424828006049482,-0.005557764596889295,0.01808860823759535,-0.006738129679672287,1.0,-0.008888248771048601,0.007036010473047032,-0.00845818949730389,0.005939700440398884,0.0046531350133281685,0.0011836559410763065,0.08998252508589949,0.033626158359389785,-0.007161635227378208,0.022668093780342846,0.008514140292221615,0.06813706599794213,-0.01856053892590418,-0.02109853421429404,-0.018751378174108536,0.0032465109866192917,-0.025547641372182253,-0.02045442486034971,0.056227888310834466,-0.004500424387631155,-0.011532804738637653,-0.047164360500635334,0.04138009296909865,0.04839057026012799,-0.018864017614561655,-0.06044892714392696,0.013973599936163773,-0.012205016738883186,0.040729197649763085,0.004278889125453166,-0.020976618406588723,-0.03710301817008137,0.024258913884361206,-0.02754557985275671,-0.004942210781365623,-0.024502885375448404,0.01449026340183782,0.002111562924543876,0.019017059032729558,-0.005857160832241877
3.5239608643712477,0.6419686524373183,0.8957557706626954,3.0,113.0,125.0,117.0,87.0,98.0,33.0,59.0,33.0,13.0,18.0,4.0,134.0,123.0,131.0,125.0,117.0,130.0,95.0,129.0,125.0,121.0,124.0,109.0,0.22759601706970128,0.35561877667140823,0.4167852062588905,0.2686261107313739,0.33356117566643884,0.3978127136021873,0.020104244229337303,0.006701414743112435,0.011169024571854059,0.014892032762472078,0.016381236038719285,0.014147431124348473,0.0007446016381236039,0.006701414743112435,0.0014892032762472078,0.0022338049143708115,0.039463886820551006,0.00967982129560685,0.03201787043931496,0.0037230081906180195,0.014892032762472078,0.02680565897244974,0.022338049143708117,0.0022338049143708115,0.00967982129560685,0.004467609828741623,0.008190618019359643,0.03052866716306776,0.006701414743112435,0.027550260610573342,0.016381236038719285,0.012658227848101266,0.029784065524944156,0.04095309009679821,0.0022338049143708115,0.03723008190618019,0.017870439314966492,0.01340282948622487,0.09158600148920328,0.0052122114668652275,0.05137751303052867,0.03127326880119136,0.04244229337304542,0.06478034251675353,0.06478034251675353,0.012658227848101266,0.029784065524944156,0.020104244229337303,0.007446016381236039,0.0387192851824274,0.0037230081906180195,0.011913626209977662,0.0029784065524944155,0.008935219657483246,0.007446016381236039,0.0014892032762472078,1.0,-0.0591343447846626,0.0017739637450179776,-0.0030986397863996874,-0.04796624760996919,0.02691202339861529,0.016834968154852584,-0.012073268141665348,0.01583459714682695,-0.006082181439417565,-0.008357221746868605,0.002570925299717039,-0.010830402274519237,0.03172831307294598,-0.021039043579397475,0.0301677220040445,-0.04034098524911577,-0.03768045789028686,0.05175806879747664,-0.0007913681011966902,-0.050759151731759926,0.0268261164144409,-0.01869918319419623,-0.062267972824163305,-0.0017573156399117071,0.0369614759221866,-0.02932384681993484,-0.007917925353696316,0.021611200713349054,-0.004851536053020158,0.0073724569306130175,-0.006433457254347043,0.0072288152489136314,0.05485482257623626,-0.042142199163397,-0.013023735304320501,-0.0030874805698375037,-0.001568811870765265,-0.020575287922568738,-0.010039780539590242,-0.02847856168634079,1.0,-0.05917840912503865,-0.0017315386227885015,-0.0031136413059589542,-0.04864548747786558,0.021404426262566542,0.01985546856465297,-0.010479711604634234,0.012622723091531151,-0.0019275595714086798,-0.007957436153723584,-0.00015895266493233857,-0.009327668207778299,0.030290415232603275,-0.018962345653910882,0.02923654851007878,-0.0383180568501698,-0.040054032227318834,0.04612582144254321,0.0067007621074169875,-0.05607090301972848,0.01820956660563531,-0.007159377239542878,-0.06908008597043032,-0.015777300346216213,0.04592255168851814,-0.031660359689598155,-0.018682373335659863,0.02656778293947142,0.004728348116166029,0.00015045481132508506,-0.0053333537995714445,0.012784728185552258,0.05162117299782493,-0.038775083825200514,-0.010322643882241076,-0.008183589180822584,-0.0006912636689286692,-0.022816446135797953,-0.019035775153171574,-0.038236354408183834
3.4434088283215494,0.5950384157345109,0.8883097542814594,12.0,73.0,123.0,109.0,70.0,93.0,5.0,51.0,6.0,3.0,22.0,0.0,134.0,91.0,129.0,125.0,102.0,130.0,33.0,126.0,116.0,113.0,127.0,72.0,0.2751322751322751,0.3315696649029982,0.3932980599647266,0.300462249614792,0.35130970724191063,0.34822804314329736,0.011169024571854059,0.005956813104988831,0.01340282948622487,0.007446016381236039,0.00967982129560685,0.010424422933730455,0.0029784065524944155,0.016381236038719285,0.0014892032762472078,0.0022338049143708115,0.0379746835443038,0.008935219657483246,0.03425167535368578,0.006701414743112435,0.012658227848101266,0.024571854058078928,0.011913626209977662,0.004467609828741623,0.01563663440059568,0.0014892032762472078,0.0022338049143708115,0.03276247207743857,0.0022338049143708115,0.034996276991809384,0.012658227848101266,0.020104244229337303,0.03425167535368578,0.04690990320178704,0.007446016381236039,0.04095309009679821,0.01340282948622487,0.006701414743112435,0.10275502606105734,0.0014892032762472078,0.055100521221146684,0.021593447505584513,0.04616530156366344,0.06329113924050633,0.06105733432613552,0.007446016381236039,0.045420699925539834,0.014892032762472078,0.0052122114668652275,0.04765450483991065,0.0029784065524944155,0.016381236038719285,0.0014892032762472078,0.005956813104988831,0.005956813104988831,0.0007446016381236039,1.0,-0.001543660627012751,0.040098334965604394,-0.048433705033808956,-0.002243872598894998,-0.07416573463338445,0.05462982150753718,-0.03288913356622043,0.006332075763999421,0.01639586190677948,0.003610722994259064,-0.004233536544734206,-0.012534698375914156,-0.07253816468264118,0.006787348945896916,-0.019843035443239808,-0.03278392881968773,-0.0016779389195985376,-0.0146218342647813,0.007978902269544293,-0.012058141554496523,0.0010078783976191221,-0.03529968023794988,0.03527292423106336,0.04943805241158724,0.019326355125407032,0.01889862170395263,-0.0081307428852586,-0.023433131984875236,0.0027869914411398212,-0.013747977525490535,-0.02029873313662308,-0.042188505251903784,-0.00459442593115798,-0.017072592003238383,0.016067132311762343,-0.030877272983747317,-0.008648856781460417,0.0030494781434176345,-0.038589132965425016,-0.02599928953522071,1.0,-0.0015448108957363217,0.04015584798601783,-0.0484988795322511,-0.003928202586065013,-0.07082918267983487,0.05326737352068883,-0.028301928088655705,-0.004250026987845553,0.023369332464773088,-0.004191363703853044,0.0019468550297833565,-0.018426383384186854,-0.07030337308469867,0.010553409905927468,-0.018962251843050112,-0.03970526816767766,-0.0020662842074896403,-0.02346850911024226,0.013238028651588747,-0.019873799851678604,-0.003846793847339736,-0.029153869933233705,0.030057977182163007,0.057066095220878306,0.00860042366856085,0.015739225129876723,-0.008438752269630954,-0.020140782198756983,0.003619855931102249,-0.016504720113842977,-0.021812083579939294,-0.04653908473005748,-0.011330267756983953,-0.016777918688664448,0.0045402815851782715,-0.0279023917607896,-0.009329479867969894,0.008611847614924836,-0.03981417498810726,-0.024479054244188194
3.531901841762731,0.645426831905159,0.8838421444527178,1.0,112.0,120.0,115.0,87.0,83.0,30.0,25.0,7.0,17.0,3.0,4.0,134.0,112.0,122.0,121.0,124.0,120.0,105.0,123.0,112.0,118.0,113.0,113.0,0.1804635761589404,0.3741721854304636,0.445364238410596,0.26605504587155965,0.3352152434721242,0.3987297106563162,0.012658227848101266,0.006701414743112435,0.011169024571854059,0.014892032762472078,0.016381236038719285,0.014892032762472078,0.0014892032762472078,0.00967982129560685,0.005956813104988831,0.004467609828741623,0.04169769173492182,0.014147431124348473,0.0379746835443038,0.00967982129560685,0.022338049143708117,0.018615040953090096,0.01340282948622487,0.0014892032762472078,0.0052122114668652275,0.006701414743112435,0.004467609828741623,0.011913626209977662,0.0014892032762472078,0.03201787043931496,0.0193596425912137,0.01563663440059568,0.029784065524944156,0.04393149664929263,0.0022338049143708115,0.03276247207743857,0.02531645569620253,0.012658227848101266,0.09828741623231571,0.004467609828741623,0.06552494415487714,0.02680565897244974,0.03425167535368578,0.045420699925539834,0.05658972449739389,0.008190618019359643,0.045420699925539834,0.020104244229337303,0.005956813104988831,0.03648548026805659,0.0037230081906180195,0.020104244229337303,0.004467609828741623,0.01340282948622487,0.007446016381236039,0.0022338049143708115,1.0,-0.03435545512090638,-0.008481395053256097,-0.0007729715133453739,-0.003999099522901526,-0.015716720523015912,-0.029574227928453198,0.020054479539054114,-0.029389395447934463,0.007142093835669973,-0.057136904231818504,0.04786314873651338,0.028903897510625266,0.005922886072974585,-0.01891252985560333,0.010430979002665054,0.006436921778298049,-0.04831453574648525,0.011150601004595275,-0.03354628820523274,0.0308512180516766,-0.013557424494270106,0.007125282391244085,0.02269930537086394,-0.03908960666955857,0.021787892407911073,0.0023990686018996415,0.019795720756124166,0.013524056372249824,-0.01340467582047624,-0.025367830926091867,0.05439233993400895,-0.017252559542631652,-0.041086794647001205,0.02223060624533492,0.006373249520229421,-0.029046975663054864,0.01888768872300345,0.03809616347462726,0.036035052195963015,0.01835911987632576,1.0,-0.034381055311011384,-0.009687552615357913,-0.0014044253948902572,-0.004174269668364458,-0.01609987331079076,-0.030938399811027223,0.01777805841338378,-0.02893903188247435,0.005319631120237119,-0.05839904587864724,0.04386409555912561,0.03062475222504425,0.009140380212801691,-0.020735029005491356,0.009574932396423633,0.004223554009206284,-0.0424785020868073,0.0050888953697699225,-0.03264724754487139,0.026783181410373662,-0.0065339420853571875,0.005999814243521269,0.019283358817215344,-0.040975462151112585,0.018966999538687745,0.006941754803549998,0.012377356135875135,0.02211098550116139,-0.014735414390300648,-0.02202853544744537,0.05510449537400427,-0.015818969444011684,-0.039342869910816876,0.013387346671612446,0.010828185126040852,-0.029669325824036853,0.024717985253151054,0.03084435708909758,0.04270841912650587,0.021206799078201288
3.500925049893407,0.6324274706629024,0.8823529411764706,5.0,106.0,126.0,121.0,90.0,96.0,17.0,42.0,18.0,9.0,10.0,0.0,134.0,111.0,131.0,126.0,119.0,128.0,91.0,129.0,117.0,123.0,127.0,105.0,0.2234375,0.371875,0.4046875,0.27133934767522555,0.33657182512144346,0.39208882720333105,0.016381236038719285,0.006701414743112435,0.008935219657483246,0.014147431124348473,0.011913626209977662,0.010424422933730455,0.0022338049143708115,0.007446016381236039,0.0037230081906180195,0.006701414743112435,0.04765450483991065,0.010424422933730455,0.040208488458674606,0.008190618019359643,0.02531645569620253,0.014892032762472078,0.020104244229337303,0.0007446016381236039,0.008935219657483246,0.005956813104988831,0.0014892032762472078,0.02680565897244974,0.0014892032762472078,0.035740878629932984,0.014147431124348473,0.008190618019359643,0.03201787043931496,0.0379746835443038,0.0037230081906180195,0.034996276991809384,0.02084884586746091,0.014892032762472078,0.08860759493670886,0.004467609828741623,0.0573343261355175,0.022338049143708117,0.03648548026805659,0.06180193596425912,0.06403574087862993,0.005956813104988831,0.028294862248696945,0.01563663440059568,0.011169024571854059,0.05658972449739389,0.004467609828741623,0.012658227848101266,0.0007446016381236039,0.012658227848101266,0.011913626209977662,0.0014892032762472078,1.0,0.03335872835136466,0.0007721720500374696,0.004513599636206889,-0.01193861495681039,-0.005099553149905568,0.01645530970660488,0.016849950288885092,-0.02688898501590566,-0.03511913096205698,-0.04022652549480335,-0.031201270266228865,0.03497052702089412,-0.015409535187086081,0.0040260161440047095,0.004759363588258473,0.027609566588468908,-0.012330561587015463,-0.028080620502481335,-0.029027280893219255,-0.0034490452172863,-0.006893737583360033,0.017590649414563665,0.02155008791955853,0.014208564663600055,0.01717886108023096,-0.01939382407424822,0.05780328018716869,0.05426489717829397,-0.02585728936774741,0.008106142693451628,-0.013407043274262953,0.0025318994109159434,-0.02766920259082763,-0.05865684438848773,0.0217334311509137,-0.05478403024901718,0.014100843756798868,0.02574326340775205,-0.0008592751115795433,-0.0027070870079668858,1.0,0.03338358582405569,-0.00034152072875751586,0.004514312325749134,-0.012289626454058919,-0.0043148765020458064,0.016847544994832406,0.015963127335140468,-0.028305415942640282,-0.03388351447066809,-0.038129493953356096,-0.02817480756039161,0.036993297065071366,-0.019171926870355346,0.004829657273168896,0.005078677587454993,0.03023777678841521,-0.014056016323764926,-0.031430827057195694,-0.03300513133388606,-0.001815509847106958,-0.007574615460017196,0.017956094842673426,0.020869707552586728,0.0143327732469541,0.02176939009542196,-0.020572332259765125,0.05845553259838183,0.044818352618031854,-0.03349204174986428,0.007667094968104035,-0.012293659723651392,0.00748696112209015,-0.024032929257643134,-0.06065804937155323,0.030110544799711106,-0.05339876633377002,0.021304993796086902,0.030112639083045296,-0.008001768148328049,-0.0033157727663409285
3.3902984232179043,0.5844363755777415,0.8838421444527178,10.0,89.0,117.0,114.0,84.0,97.0,6.0,66.0,24.0,13.0,11.0,1.0,134.0,101.0,120.0,123.0,119.0,129.0,25.0,127.0,117.0,121.0,115.0,104.0,0.2737341772151899,0.37183544303797467,0.35443037974683544,0.29213483146067415,0.3595505617977528,0.34831460674157305,0.00967982129560685,0.00967982129560685,0.011913626209977662,0.011169024571854059,0.012658227848101266,0.004467609828741623,0.0,0.008935219657483246,0.0037230081906180195,0.044676098287416234,0.0,0.005956813104988831,0.040208488458674606,0.0052122114668652275,0.01712583767684289,0.029784065524944156,0.017870439314966492,0.0007446016381236039,0.008935219657483246,0.004467609828741623,0.04318689501116903,0.0,0.0022338049143708115,0.039463886820551006,0.011913626209977662,0.010424422933730455,0.03425167535368578,0.04318689501116903,0.0029784065524944155,0.04393149664929263,0.01712583767684289,0.008190618019359643,0.11764705882352941,0.0014892032762472078,0.045420699925539834,0.014147431124348473,0.04095309009679821,0.06850335070737155,0.06180193596425912,0.008190618019359643,0.0387192851824274,0.011169024571854059,0.0052122114668652275,0.04318689501116903,0.0029784065524944155,0.00967982129560685,0.0037230081906180195,0.011169024571854059,0.00967982129560685,0.0022338049143708115,1.0,0.010772086865809308,-0.00525122145262935,0.038141364732690815,0.0703687911033379,0.05933266251962914,-0.015568624807198705,-0.0015894051491061008,0.03664542052422399,0.0036490219382644554,-0.04719289587675683,-0.02360125439854576,0.03766284078388451,0.0219925394069409,-0.048533487056104975,-1.2179077706709561e-05,0.01678401573450822,0.045682957138598664,-0.03874258787709376,-0.05158715041300762,-0.0499959785845768,-0.029494568341157167,-0.0008413769615565621,-0.04112868819105881,-0.036228707117648334,-0.019156773835124596,0.015386031061167496,-0.03967989214547309,0.003831278906408596,-0.03451833398900373,0.04976545156044739,0.008971346403842187,0.013813184541021433,0.005411788342740826,-0.028759533774483086,0.0030435480642710413,-0.00040525483329669984,0.010001478641226443,-0.013359973222316631,-0.002316280835704211,-0.003897190326847298,1.0,0.010780113756171314,-0.005375888841183808,0.03834727099295139,0.06982577080733249,0.0589971836206504,-0.017246126006731102,-0.006065246251002779,0.027558699098828545,-0.003779211835790166,-0.04862803749902237,-0.023563451955066334,0.03398969470093854,0.021658279739253578,-0.040340489921468915,0.007093437922213938,0.01102646635364094,0.04215357521002858,-0.033577255237628764,-0.0467768024610914,-0.06261792638981575,-0.03874799361405789,0.008347212039998985,-0.023188788748879082,-0.02757159786034983,-0.016089846936881598,0.027730931428578638,-0.026667036071650968,0.012153747144615451,-0.04084771377485092,0.04778529398607081,0.014517633312983414,0.023762560246740907,0.0018268629681439778,-0.04327945844711418,-0.0022406424470761215,0.006587304440522559,0.014079025003687327,-0.02077869819596036,-0.008622366010733932,-0.003045930275650529
3.492849771558842,0.6369746478139944,0.8830975428145942,7.0,115.0,125.0,105.0,95.0,83.0,37.0,54.0,18.0,16.0,9.0,2.0,134.0,119.0,131.0,119.0,123.0,123.0,95.0,123.0,123.0,118.0,123.0,111.0,0.21621621621621623,0.35135135135135137,0.43243243243243246,0.2635228848821082,0.33495145631067963,0.4015256588072122,0.016381236038719285,0.005956813104988831,0.007446016381236039,0.010424422933730455,0.018615040953090096,0.01340282948622487,0.0,0.008190618019359643,0.005956813104988831,0.004467609828741623,0.04318689501116903,0.01340282948622487,0.027550260610573342,0.0022338049143708115,0.011169024571854059,0.026061057334326135,0.014147431124348473,0.004467609828741623,0.012658227848101266,0.005956813104988831,0.0007446016381236039,0.026061057334326135,0.0007446016381236039,0.02531645569620253,0.00967982129560685,0.014892032762472078,0.034996276991809384,0.045420699925539834,0.004467609828741623,0.035740878629932984,0.023827252419955324,0.014892032762472078,0.10424422933730454,0.004467609828741623,0.05584512285927029,0.022338049143708117,0.04616530156366344,0.05286671630677588,0.06031273268801191,0.007446016381236039,0.0387192851824274,0.0193596425912137,0.00967982129560685,0.045420699925539834,0.0022338049143708115,0.01712583767684289,0.0029784065524944155,0.008190618019359643,0.011169024571854059,0.0029784065524944155,1.0,0.06134251174486025,-0.01745111849279719,-0.017896044300229074,-0.040655899286484436,-0.00988687998852358,-0.027979835982924414,-0.03056480412560377,0.0059393809806654084,-0.03447247700896489,-0.023236298437793054,-0.02922056795266277,-0.00881898126325099,0.006832051420935275,0.06641420945394583,0.04041316747554535,-0.0027671061657315852,0.005570141690213555,0.020719736255084106,0.021781665056587997,-0.00677693627094014,0.020069836489690664,-0.017673334678820558,0.007527491581352524,-0.02123477846885729,-0.03581611129887954,0.002281488783750295,-0.023355523779843245,-0.07052928856169319,0.025918718321556768,-0.017738847131222653,0.008876010924662513,-0.02213504338648635,0.002334648514861408,0.03415576180111874,0.023351321171105752,0.04105944353645526,0.022594357789746833,0.019953643359539114,-0.02396213040687844,-0.005152232189501367,1.0,0.06138822151516193,-0.02132602668053456,-0.015597016192929476,-0.03923204928927597,-0.005640257044555301,-0.029106876409373934,-0.02896681708361855,0.006701004116652893,-0.038450219416548616,-0.022177474623582688,-0.03114056299629478,-0.00825615644416048,0.0012816015306228083,0.06288509164578426,0.029058734766698256,-0.008732072716503633,0.00775301095924615,0.02349012268709873,0.022382775886934773,-0.0069062573023020045,0.027855039290308924,-0.01890640401507339,0.016633245772162467,-0.016603175717637444,-0.025731018764135166,0.008186317059620321,-0.02412519575501152,-0.07389167030112342,0.0278962860776621,-0.023484835121662887,0.004161104792249177,-0.03382804388887614,0.0002186432564760888,0.024670494361718382,0.013761639076168649,0.03884062272377163,0.012785310699428721,0.022896653581785328,-0.024598086467129958,0.006722648790438264
3.3889159716761204,0.5735311697664378,0.889054355919583,9.0,85.0,123.0,113.0,74.0,103.0,18.0,53.0,23.0,16.0,6.0,4.0,134.0,111.0,130.0,127.0,116.0,130.0,25.0,127.0,119.0,114.0,125.0,76.0,0.2631578947368421,0.36044657097288674,0.3763955342902711,0.29310344827586204,0.3568215892053973,0.35007496251874065,0.014147431124348473,0.0052122114668652275,0.0052122114668652275,0.00967982129560685,0.008190618019359643,0.011169024571854059,0.0,0.006701414743112435,0.0037230081906180195,0.0029784065524944155,0.04393149664929263,0.0052122114668652275,0.04690990320178704,0.004467609828741623,0.026061057334326135,0.02680565897244974,0.011169024571854059,0.0022338049143708115,0.011913626209977662,0.0022338049143708115,0.004467609828741623,0.04393149664929263,0.004467609828741623,0.034996276991809384,0.00967982129560685,0.01712583767684289,0.03276247207743857,0.05658972449739389,0.0029784065524944155,0.04839910647803425,0.016381236038719285,0.007446016381236039,0.09381980640357408,0.0007446016381236039,0.05137751303052867,0.016381236038719285,0.04169769173492182,0.06701414743112435,0.06254653760238273,0.006701414743112435,0.039463886820551006,0.014147431124348473,0.0052122114668652275,0.05063291139240506,0.0007446016381236039,0.008935219657483246,0.0014892032762472078,0.0029784065524944155,0.008190618019359643,0.0007446016381236039,1.0,0.02534197877929074,-0.011399942289540223,0.050039716740251095,0.040333142741953376,-0.027054282574117905,-0.024072762401063943,0.016970047867659606,0.0023035438271621204,0.0040264638086505225,-0.045421499078499884,0.004376063567567977,-0.004853133906440042,-0.00471981265200981,0.01829294932985645,0.006297336555300255,0.01814699499546163,0.014262013109110589,0.003943149815416147,0.024253102545787216,0.030678608019999706,-0.047337650615766294,0.0057828244953857435,0.018002269664859263,0.017089750988594457,0.02019479078018698,-0.020860649916173535,0.02316016228198728,0.06515480524602646,0.0017768087657539235,-0.02509730725822889,0.02622676281671321,0.006063797039854393,0.030942095099644778,-0.018631463567882714,0.01690357760372257,0.007788095460033853,-0.01950156521384769,0.009987143616381216,0.030259725433658867,0.03873259758278066,1.0,0.025360862519066687,-0.012067879526791923,0.050790894984817814,0.03782221119146758,-0.02802049581895004,-0.02449211784456396,0.013798758430238435,0.0022347678083990763,0.008906136125033591,-0.04671655819708244,0.004140735062466968,-0.006661288608959629,0.0006431319794672958,0.022000809645287264,0.0032641862431456144,0.017127740970880052,0.013246540153413413,0.0012285903899601465,0.02472179964945193,0.026555233586039333,-0.04986793241974664,0.0072464500079170045,0.01204836911078149,0.022442340988559285,0.025923281407229264,-0.025203614458615933,0.02071339609996242,0.06449150883298847,0.003042242447583034,-0.02097538533163717,0.013907876753636016,-0.0005364077751419874,0.03980094553585129,-0.019770862211925422,0.017099895447935113,-0.00046444331189596645,-0.01779525287753225,0.018367749432896308,0.02719133391015085,0.039520724742854584
3.495792126950681,0.6306074790107362,0.8838421444527178,7.0,116.0,126.0,116.0,90.0,81.0,27.0,17.0,12.0,13.0,11.0,2.0,134.0,117.0,131.0,126.0,121.0,130.0,111.0,120.0,113.0,111.0,121.0,111.0,0.16990291262135923,0.3737864077669903,0.4563106796116505,0.26556016597510373,0.3257261410788382,0.4087136929460581,0.01563663440059568,0.006701414743112435,0.014892032762472078,0.014892032762472078,0.016381236038719285,0.011913626209977662,0.0014892032762472078,0.008190618019359643,0.0052122114668652275,0.004467609828741623,0.035740878629932984,0.011913626209977662,0.03350707371556218,0.00967982129560685,0.014892032762472078,0.028294862248696945,0.01340282948622487,0.0007446016381236039,0.0052122114668652275,0.0022338049143708115,0.0022338049143708115,0.02531645569620253,0.004467609828741623,0.03052866716306776,0.01712583767684289,0.006701414743112435,0.023827252419955324,0.04690990320178704,0.0037230081906180195,0.029039463886820552,0.02084884586746091,0.01340282948622487,0.11020104244229337,0.0037230081906180195,0.049143708116157855,0.02680565897244974,0.0387192851824274,0.06775874906924795,0.06105733432613552,0.008190618019359643,0.03052866716306776,0.02084884586746091,0.006701414743112435,0.04393149664929263,0.0022338049143708115,0.020104244229337303,0.004467609828741623,0.012658227848101266,0.012658227848101266,0.0007446016381236039,1.0,0.003926184990693152,0.01900428826026607,-0.01457044506133929,0.0076541454506456365,-0.02912804466887481,-0.04722113525713659,0.017822640756794773,0.010297428863545764,0.009301357296615216,0.006334150301321122,0.03197819974856772,0.05431125462902081,-0.026611458462418282,-0.003041261112482039,0.020567803589217722,-0.012384852694188007,-0.01797369101117886,-0.013155287104780767,-0.032177660473161146,0.05460183892083652,0.00013038799430081777,-0.007681334990090435,-0.04665358044224496,-0.016074280530956685,0.02025842847874521,0.030720316730210365,-0.02431627968426566,0.03866149160170189,-0.010725887430684467,0.004304817845335282,-0.015195737730726876,0.024728409594915967,0.039275184963732564,-0.04872917780051757,-0.01647115374151665,0.0323366262343861,0.01784186240399167,0.015475413173672469,0.004209789044387584,0.016010366366880076,1.0,0.003929110612891886,0.019017487397830303,-0.014756711148621865,0.007436763322847564,-0.028759478827530337,-0.04775414209569904,0.01965659976944867,0.011157111489576552,0.007654013837265641,0.006415170988888609,0.029227171592590015,0.05348892446967568,-0.026133196681031767,-0.0031036695976802355,0.023909888975706686,-0.012475290257853697,-0.013296283181538292,-0.009971869057124815,-0.03841122623467653,0.05675570222136321,0.0016741915507461614,-0.015171029312302117,-0.050655086302473507,-0.020592535203624845,0.0269115362776129,0.03667808769044524,-0.030091346047691685,0.03921766636590254,-0.013650682748660383,0.005131183472445,-0.007405384800604171,0.018563235214791803,0.04448724103840559,-0.04382237521490326,-0.019194628553276874,0.03495573986208946,0.012196081585122906,0.02156900115133231,0.010809416226887494,-0.003930147045529349
3.465220230237519,0.6281261705784633,0.8816083395383469,6.0,108.0,125.0,116.0,75.0,99.0,45.0,42.0,15.0,28.0,1.0,1.0,134.0,112.0,129.0,123.0,121.0,130.0,97.0,126.0,123.0,123.0,125.0,116.0,0.22239031770045387,0.3540090771558245,0.4236006051437216,0.2673063742289239,0.33584647018505825,0.3968471555860178,0.017870439314966492,0.0052122114668652275,0.010424422933730455,0.014892032762472078,0.011913626209977662,0.01563663440059568,0.0022338049143708115,0.008935219657483246,0.0022338049143708115,0.005956813104988831,0.05286671630677588,0.011913626209977662,0.03648548026805659,0.006701414743112435,0.017870439314966492,0.024571854058078928,0.016381236038719285,0.0029784065524944155,0.007446016381236039,0.006701414743112435,0.004467609828741623,0.024571854058078928,0.004467609828741623,0.029039463886820552,0.01340282948622487,0.006701414743112435,0.016381236038719285,0.044676098287416234,0.0014892032762472078,0.0387192851824274,0.027550260610573342,0.010424422933730455,0.10349962769918093,0.0014892032762472078,0.05584512285927029,0.03052866716306776,0.03127326880119136,0.06626954579300075,0.05137751303052867,0.010424422933730455,0.044676098287416234,0.02084884586746091,0.004467609828741623,0.049143708116157855,0.0022338049143708115,0.014147431124348473,0.0014892032762472078,0.004467609828741623,0.005956813104988831,0.0007446016381236039,1.0,-0.009020820919200428,0.005472099712415858,-0.01844253985887002,0.01652169931364453,0.0006821579188893809,-0.004295009046629435,-0.008624081818769084,-0.00845502732290545,0.025640469091295616,-0.007137936830547162,-0.029994204638111803,0.006376650752230471,-0.008684403247009814,-0.03968657846655278,0.024788523101400877,-0.010064033356182263,0.08348063948015934,0.03285801809027919,-0.005434470954702771,-0.009969107211352876,0.043730198564433005,0.01044986105296773,0.007440306617871854,-0.0020146560727152324,-0.03596517214321006,0.010442946397187897,0.04521405692168146,0.015386441000338055,-0.04131425222980949,0.0035389925056901555,-0.0067650717242900785,0.01026381120180453,-0.015124736171690854,0.009913694163633023,-0.020022218588560688,0.03935100132961055,0.03133682589557491,0.029923852841495523,0.010035549095350533,-0.0486770784683674,1.0,-0.009027542842389113,0.005399204421607596,-0.018387915945311757,0.016219523233115162,0.0011693209245063631,-0.004813222733849714,-0.008161262129068241,-0.008844641852465798,0.02557668365992302,-0.006828149783401643,-0.030716461465164296,0.0072283284593686395,-0.009485869914039179,-0.04151697669675219,0.025931902038232875,-0.009561495072687286,0.08330043075458836,0.036130608199025485,-0.007206228164389985,-0.006087551272932633,0.041794988485249575,0.009213099111761587,0.010731535368312813,-0.001335322188279532,-0.03783951926988219,0.00817473886724641,0.04468017623567153,0.02090518883878139,-0.037346030421145114,0.001287383855430791,0.0001191137205250721,0.009093075024004907,-0.014917852180470943,0.006852621126876338,-0.022802703390841533,0.03389612355339816,0.03780213811237973,0.027609654419232594,0.004709661705781946,-0.05240421659147868
3.449183281515845,0.5852403529363281,0.8830975428145942,2.0,103.0,121.0,122.0,80.0,66.0,42.0,73.0,8.0,16.0,6.0,4.0,134.0,106.0,126.0,125.0,117.0,126.0,103.0,128.0,109.0,111.0,120.0,103.0,0.2192846034214619,0.3514774494556765,0.42923794712286156,0.2755681818181818,0.328125,0.3963068181818182,0.017870439314966492,0.008935219657483246,0.016381236038719285,0.010424422933730455,0.0193596425912137,0.011913626209977662,0.0014892032762472078,0.004467609828741623,0.0029784065524944155,0.0037230081906180195,0.039463886820551006,0.011169024571854059,0.0387192851824274,0.0052122114668652275,0.01712583767684289,0.0193596425912137,0.02308265078183172,0.0022338049143708115,0.012658227848101266,0.0022338049143708115,0.0007446016381236039,0.02680565897244974,0.0014892032762472078,0.02531645569620253,0.01563663440059568,0.010424422933730455,0.028294862248696945,0.04169769173492182,0.006701414743112435,0.03052866716306776,0.023827252419955324,0.00967982129560685,0.10201042442293373,0.004467609828741623,0.05361131794489948,0.02084884586746091,0.029039463886820552,0.07073715562174236,0.06775874906924795,0.011169024571854059,0.04095309009679821,0.014892032762472078,0.008190618019359643,0.05956813104988831,0.0022338049143708115,0.016381236038719285,0.0037230081906180195,0.0022338049143708115,0.0022338049143708115,0.0,1.0,-0.026837903565756455,0.02668997621387294,0.0025088315021226174,0.038007296946233095,-0.012476188889018993,0.013875626188387677,-0.002209070489727139,0.018673617078276174,0.026362992913824723,0.05205199189842566,-0.008014527215950895,0.014510153766536749,-0.022465272166553432,-0.020496711478356335,-0.03868544220573057,0.006404020997135023,-0.028307728437390444,-0.013740469951694576,0.01711107448462897,0.03365296942963578,0.019127193618971743,-0.020626625910838126,-0.005640526531148577,-0.03296839681848633,0.010590777317119656,0.0232504925231779,0.04654218313895571,0.011525817562607659,0.05492040925521334,-0.02292449186202015,-0.00025498841131204464,-0.01592331419228066,0.0007609332240991256,-0.03273920714459022,0.02779171859482502,-0.008916090741055824,-0.02329109592782588,0.019635053301440875,0.046228071132218586,-0.02226819436590617,1.0,-0.0268579020035849,0.02602721004048247,0.003918184026716495,0.03764687850182462,-0.01072972659444099,0.011385254695403853,-0.0012571778148428002,0.016774514508372255,0.028403325086349473,0.05213798977969979,-0.00641578393774324,0.009995650363853699,-0.023869778271243015,-0.02631852261884427,-0.03857141957003208,0.0032176213058692513,-0.02523432039811638,-0.017094998883707614,0.01805184927306365,0.03307886035163041,0.024707994313609205,-0.020289175237731206,-0.004044100632425551,-0.031283689433079936,0.012946864220217432,0.028707155195087753,0.05217616504481624,0.013144043394898323,0.04802467071829714,-0.02903092977403145,-0.010910303798906151,-0.016665458533392182,-0.002086002535296193,-0.025400544717223448,0.023518975431136502,-0.008527213392219608,-0.034307621798150965,0.0186636251230871,0.04134979497405332,-0.014173612328445395
3.492671695208736,0.6308641709079885,0.8801191362620998,3.0,99.0,126.0,121.0,77.0,88.0,15.0,39.0,15.0,14.0,5.0,15.0,134.0,110.0,131.0,125.0,121.0,127.0,73.0,123.0,111.0,110.0,115.0,98.0,0.2106969205834684,0.3679092382495948,0.4213938411669368,0.27866473149492016,0.33889695210449927,0.38243831640058057,0.02084884586746091,0.011913626209977662,0.01563663440059568,0.011913626209977662,0.011913626209977662,0.016381236038719285,0.0007446016381236039,0.006701414743112435,0.005956813104988831,0.0022338049143708115,0.04765450483991065,0.008190618019359643,0.035740878629932984,0.0037230081906180195,0.021593447505584513,0.02084884586746091,0.01712583767684289,0.0029784065524944155,0.011913626209977662,0.007446016381236039,0.0007446016381236039,0.018615040953090096,0.0014892032762472078,0.0379746835443038,0.010424422933730455,0.014147431124348473,0.02308265078183172,0.03723008190618019,0.0014892032762472078,0.03425167535368578,0.02308265078183172,0.014147431124348473,0.09456440804169769,0.004467609828741623,0.055100521221146684,0.022338049143708117,0.03201787043931496,0.06180193596425912,0.06626954579300075,0.010424422933730455,0.0387192851824274,0.021593447505584513,0.005956813104988831,0.05137751303052867,0.0022338049143708115,0.014892032762472078,0.0029784065524944155,0.008190618019359643,0.008190618019359643,0.0007446016381236039,1.0,-0.04582162601263968,0.039224108600913805,0.02072287276254704,0.03395972497354657,0.04343559917906326,0.015993410063534132,0.03193673935106039,0.024101215983310543,0.02256458390946116,-0.013588230020453614,0.015833158155144526,0.0490054499108839,0.024050294550723182,0.019620933257108054,-0.0025371744119816846,0.04836551349850884,0.006120470058467156,-0.013157154175177554,-0.04468802358702203,0.03854857781217272,-0.01662161884984367,-0.01637766285935969,0.08054280597531929,0.01905223687273984,0.005008364478910834,-0.06584383460831512,-0.0046348536663652655,-0.031527986600775805,-0.010736205470658117,-0.0008189557805485301,0.013283205660996665,-0.009863613027720618,-0.01865601687988102,0.005957449597620516,-0.06769449011935805,0.010708915643544845,-0.00555493886327518,-0.0019907595586683233,0.017154805477985154,-0.00424109849599812,1.0,-0.045855770294318254,0.03725820146606982,0.024296737747080095,0.03474692938299807,0.045208828372977766,0.01716399635702947,0.02898232518185846,0.022924437160110136,0.019135395736051813,-0.01792521469089797,0.008420455681074697,0.04670323501447532,0.02456018193771099,0.01612966936028649,-0.006042910419162997,0.041310308014348936,0.00431946263574276,-0.021165353009657214,-0.05477855541743838,0.028028562466924836,-0.017156662772551786,-0.01993883037537351,0.08240103255981808,0.028435222286966516,-0.0015345373246041752,-0.06934155327912292,-0.016635564908784775,-0.04156656225794435,-0.020294579701041808,0.0031825611016359843,0.024541832426137812,-0.007611165360869225,-0.010096005764006153,0.012686333752943979,-0.06780725107336899,-0.0065600457614802075,-0.0028452271420585733,0.006947428361245513,0.023333317632387135,0.005228357171514496
3.492576008021157,0.6145264058457323,0.8875651526433358,3.0,109.0,120.0,102.0,98.0,65.0,40.0,32.0,18.0,7.0,7.0,3.0,133.0,110.0,128.0,116.0,111.0,119.0,103.0,115.0,111.0,111.0,113.0,105.0,0.16556291390728478,0.37251655629139074,0.46192052980132453,0.26690909090909093,0.3265454545454545,0.40654545454545454,0.016381236038719285,0.008935219657483246,0.01340282948622487,0.012658227848101266,0.00967982129560685,0.011169024571854059,0.0007446016381236039,0.007446016381236039,0.0029784065524944155,0.0037230081906180195,0.03723008190618019,0.01340282948622487,0.03201787043931496,0.0037230081906180195,0.021593447505584513,0.02531645569620253,0.02308265078183172,0.007446016381236039,0.006701414743112435,0.004467609828741623,0.0014892032762472078,0.02084884586746091,0.0037230081906180195,0.027550260610573342,0.011169024571854059,0.011169024571854059,0.028294862248696945,0.04318689501116903,0.0029784065524944155,0.03648548026805659,0.022338049143708117,0.014892032762472078,0.10573343261355175,0.0022338049143708115,0.05584512285927029,0.024571854058078928,0.03425167535368578,0.055100521221146684,0.07297096053611318,0.0052122114668652275,0.03201787043931496,0.020104244229337303,0.008190618019359643,0.04690990320178704,0.0052122114668652275,0.02084884586746091,0.0014892032762472078,0.012658227848101266,0.008935219657483246,0.0014892032762472078,1.0,-0.004674960422509551,0.02147752359389921,0.045129632602053424,0.0164467813755722,0.0028611110493660446,-0.0010299785811070997,0.05544366910931008,-0.0019160056845384911,0.008158166199981626,0.03455370072449319,-0.02177878410838824,-0.0012373629870248456,0.009156002110357227,0.0017910162843665011,0.014173461629192327,0.014290519871860616,0.003452425720870188,0.012111730069728419,0.009141298835297969,-0.04033327423746344,-0.004244429873494792,0.05893135459542214,0.00937682624907384,0.05944988328171789,0.005389137055205457,-0.03337518457118568,0.04021939358839648,-0.06766478140062057,0.02235426478365621,0.03045103562009481,-0.04578029641875687,0.018371744144278123,-0.00034504914784407693,0.012959968424090761,0.02152353593971733,-0.024894660994747783,-0.03960604132058361,-0.03753365447897747,-0.03622064803281275,0.009278461423081348,1.0,-0.0046784439995754875,0.021488138185346294,0.04545165024539266,0.016535257224622853,0.0011115956648141824,-0.0037877807631997817,0.05427356136335862,-0.0016046302570213598,0.006035366001616877,0.03027023142473201,-0.023537474427817992,-0.0036450341458302785,0.007428660857023194,-7.445249338041075e-06,0.015167213968313343,0.013476996439228318,-0.0009316842127938133,0.01300963529429478,0.007535626440730942,-0.04390485000575051,-0.004775132456355278,0.05918949537886641,0.011768926618513975,0.060582912488929073,-0.0014150375445551372,-0.0416858902369191,0.04063886702320417,-0.07087680835276161,0.017987587564210827,0.03607404624769682,-0.05427313876643651,0.014009052461880847,0.004518888020904079,0.005985969600096847,0.03571362031280389,-0.027119280605741588,-0.054787857214264726,-0.029307544615691218,-0.04393712642775384,0.009188815364946368
3.511230371610821,0.638127057415304,0.8845867460908414,3.0,111.0,122.0,126.0,102.0,78.0,26.0,17.0,6.0,6.0,10.0,0.0,134.0,111.0,129.0,127.0,125.0,129.0,105.0,129.0,115.0,122.0,121.0,109.0,0.1614497528830313,0.3953871499176277,0.443163097199341,0.2692307692307692,0.3358516483516483,0.3949175824175824,0.008190618019359643,0.006701414743112435,0.012658227848101266,0.01712583767684289,0.012658227848101266,0.01563663440059568,0.0037230081906180195,0.006701414743112435,0.0022338049143708115,0.0037230081906180195,0.03723008190618019,0.012658227848101266,0.0387192851824274,0.004467609828741623,0.020104244229337303,0.02308265078183172,0.021593447505584513,0.0022338049143708115,0.010424422933730455,0.007446016381236039,0.0029784065524944155,0.024571854058078928,0.0022338049143708115,0.021593447505584513,0.008190618019359643,0.011169024571854059,0.027550260610573342,0.03425167535368578,0.004467609828741623,0.035740878629932984,0.03052866716306776,0.014892032762472078,0.10349962769918093,0.0052122114668652275,0.05137751303052867,0.02531645569620253,0.0379746835443038,0.058078927773641105,0.06254653760238273,0.010424422933730455,0.034996276991809384,0.01563663440059568,0.007446016381236039,0.05212211466865227,0.0037230081906180195,0.02531645569620253,0.0029784065524944155,0.007446016381236039,0.00967982129560685,0.0007446016381236039,1.0,-0.033520837803849846,0.02163161041810932,-0.029095586915107764,-0.0017816618134153042,0.0005146784244354299,0.05514905121713553,-0.036336818007244615,0.07039578148444961,-0.0027563934342739165,0.009522835933695684,-0.009674618264857127,0.02735741626833583,-0.02508677366080045,-0.011884351440181028,-0.03777145636133208,0.02812304399576913,0.032864099820911395,-0.03703437911301156,-0.00043144198278075675,-0.004321551655367496,0.0045614229612012565,0.014654277540246344,-0.0349066879990218,-0.03184825770784541,0.004118303972602452,0.03172270680257529,0.01699960651280247,0.029404995904708648,-0.03212557310453828,-0.029204229272266187,0.0208119491251448,-0.008330515289624708,0.011528714717204992,0.015512716466535823,0.013697147733237427,0.00946283111860234,-0.043910293647172624,0.04317209126794346,-0.0014584704806480423,0.018868460029944866,1.0,-0.03354581607345032,0.02056168906818272,-0.027802205717396087,-0.004096225583719222,0.0015052834645029065,0.054899707169445075,-0.03334316108029544,0.06684971297449509,0.005855921746612041,0.0056346324231815416,-0.006196052969582193,0.025092630325776556,-0.020164277753528657,-0.023381982925149314,-0.033108322229706305,0.021044188590805576,0.03592235881154809,-0.04311257984177787,0.0022923456268942196,-0.0034760066668711054,0.008188978595492693,0.0119134587549599,-0.03168474158359204,-0.03259146146668867,-0.0016449870261487155,0.038006970190959,0.017424582124318643,0.02773732823992398,-0.029662907036688942,-0.029036207140766865,0.02617281333591957,-0.0058762161273835005,0.0042625820494715545,0.011289920276654488,0.02201409012239537,0.007162765004109331,-0.04700338780788543,0.04273508397649091,-0.00044594499253391377,0.02121754921495993
3.4776342084534675,0.6362259831190532,0.8801191362620998,16.0,112.0,126.0,115.0,91.0,75.0,31.0,35.0,12.0,17.0,4.0,0.0,134.0,113.0,128.0,125.0,121.0,128.0,79.0,123.0,115.0,120.0,115.0,115.0,0.19873817034700317,0.37066246056782337,0.4305993690851735,0.2718926553672316,0.3396892655367232,0.3884180790960452,0.01340282948622487,0.007446016381236039,0.01340282948622487,0.00967982129560685,0.014892032762472078,0.017870439314966492,0.0007446016381236039,0.00967982129560685,0.0037230081906180195,0.0022338049143708115,0.04318689501116903,0.008935219657483246,0.034996276991809384,0.0022338049143708115,0.018615040953090096,0.014147431124348473,0.018615040953090096,0.0029784065524944155,0.00967982129560685,0.0037230081906180195,0.0037230081906180195,0.021593447505584513,0.0037230081906180195,0.03350707371556218,0.012658227848101266,0.011913626209977662,0.029784065524944156,0.055100521221146684,0.006701414743112435,0.0387192851824274,0.021593447505584513,0.011169024571854059,0.09977661950856292,0.0029784065524944155,0.06180193596425912,0.022338049143708117,0.035740878629932984,0.05658972449739389,0.06478034251675353,0.006701414743112435,0.03723008190618019,0.017870439314966492,0.007446016381236039,0.039463886820551006,0.004467609828741623,0.023827252419955324,0.0007446016381236039,0.010424422933730455,0.007446016381236039,0.0,1.0,0.0008281665082906772,-0.01393374660162555,0.06712676720926132,0.0071545196962276405,-0.006594285649191129,0.0025138980191090642,0.015590110614027243,-0.0372093139561343,0.0029501217327252533,0.06270371781369195,0.036211790730320374,-0.00937454483495625,-0.04333276421636076,-0.0018931344386943195,0.029921557597095104,-0.006864421575235751,0.011208193773430805,-0.039471443575688485,0.025974607710129244,-0.04070375164348715,-0.011369495542194463,0.04339518662135507,-0.0014826088969986822,-0.02939521319642888,-0.0025705452243947493,0.036692115492913686,-0.02669426924626396,-0.04575488604512327,0.030804806121030832,0.016243348848364512,0.029318448195977148,0.011784577203946255,-0.003146974328950901,0.008042671703986795,-0.015349115912754663,0.004068398311007416,-0.022021500749591354,0.016820532342329532,-0.0850192656081254,0.010386078534073067,1.0,0.0008287836219332177,-0.013955224197927971,0.06731349897362238,0.006837151586795405,-0.004781496117814838,-0.0018008534025091309,0.014641460951161962,-0.036930808897484395,0.003554339920105363,0.06047113642639623,0.041562696730661416,-0.007852262915576813,-0.05207249081909303,-0.008489770380251688,0.03194614452237883,-0.0014453632073101613,0.0119230396462581,-0.04175288314718876,0.02991319466780729,-0.04781904839921939,-0.013926017368337321,0.03953372185262731,0.013361709598525508,-0.023755924743863694,-0.011814884819241879,0.028117601230216453,-0.021018364712037364,-0.04209935126455178,0.025334099727731423,0.025804963604553866,0.04102204219776444,0.0019051199951987553,-0.013248119415700598,0.007144804291125302,-0.007467165916932081,-0.00387650737174836,-0.023571247559288765,0.02452112429556554,-0.08374369101196084,0.00843278187087408
3.4659104574061907,0.6328109247805966,0.889054355919583,3.0,95.0,125.0,118.0,88.0,75.0,40.0,44.0,33.0,21.0,2.0,10.0,134.0,104.0,131.0,125.0,117.0,130.0,87.0,125.0,110.0,111.0,121.0,97.0,0.18654434250764526,0.39755351681957185,0.41590214067278286,0.27945402298850575,0.33261494252873564,0.3879310344827586,0.014147431124348473,0.010424422933730455,0.01712583767684289,0.00967982129560685,0.010424422933730455,0.016381236038719285,0.0029784065524944155,0.006701414743112435,0.0029784065524944155,0.0007446016381236039,0.045420699925539834,0.010424422933730455,0.034996276991809384,0.006701414743112435,0.018615040953090096,0.029039463886820552,0.01340282948622487,0.0014892032762472078,0.00967982129560685,0.0037230081906180195,0.0052122114668652275,0.027550260610573342,0.0037230081906180195,0.028294862248696945,0.01340282948622487,0.00967982129560685,0.026061057334326135,0.03723008190618019,0.004467609828741623,0.02308265078183172,0.017870439314966492,0.008935219657483246,0.10945644080416977,0.0014892032762472078,0.06775874906924795,0.029039463886820552,0.035740878629932984,0.06031273268801191,0.06329113924050633,0.006701414743112435,0.04169769173492182,0.022338049143708117,0.008190618019359643,0.044676098287416234,0.0007446016381236039,0.014892032762472078,0.0029784065524944155,0.00967982129560685,0.008190618019359643,0.0022338049143708115,1.0,0.03145118327429645,0.03180356550774282,0.030723604349160254,0.02646133405574292,-0.0027162130557032544,0.029648341403204142,0.0007448814583591956,0.010758070798879806,0.05917419069784098,0.004113983052350301,0.0006444967250119605,-0.02603262169768777,0.08211102865653495,0.0010887689558400347,-0.013170907290918549,-0.019330966317992887,0.016636865715728793,0.05295744793878902,-0.02022653002505574,0.038993259975515254,-0.006919767487179466,0.00033718064744242483,-0.009236983274686453,0.004410358943703778,-0.037278473378262546,-0.0468849103727775,-0.018435549268486152,-0.012875863273325083,0.01613642869928519,0.015052460799379625,0.023927584573999797,0.03208430525601507,0.02163313880425538,-0.014425173631859908,-0.04705811609975527,-0.014767092599495872,0.039005368216068426,0.0010511208674847607,-0.0010265218419072098,0.006223656587862913,1.0,0.03147461932740695,0.030890948626278798,0.028904767389853356,0.023829237682911956,-0.006064435475666533,0.027724861387512782,-0.0021522927040051763,0.008830697620030595,0.05785555992045236,-0.0012428588420901557,-0.0031002199053843,-0.031071775639233447,0.08254180598794321,-0.0020367840423367763,-0.01997021513685252,-0.022115972645134856,0.014340909060767055,0.055172332522279224,-0.02837098612039183,0.039436364491948796,-0.009550958153046765,-0.010565969852774328,-0.01017277343864142,0.0026712667163677276,-0.027649158064326863,-0.05903899312284684,-0.01952570561939292,-0.0034632276645579587,0.024490695354976125,0.01848338140031631,0.014787227966723639,0.04121059294365486,0.013360570833600092,-0.012197034551451482,-0.0488294839411333,-0.011782580390659917,0.04286062348708469,-0.004815802363734243,0.0065385876697485554,0.002355813068680877
3.411513612171427,0.5950137538147726,0.8883097542814594,3.0,64.0,115.0,112.0,67.0,97.0,9.0,73.0,8.0,5.0,15.0,0.0,133.0,75.0,123.0,120.0,113.0,127.0,21.0,117.0,109.0,113.0,109.0,79.0,0.3045774647887324,0.3380281690140845,0.3573943661971831,0.3042776432606941,0.3672316384180791,0.3284907183212268,0.011913626209977662,0.0037230081906180195,0.011169024571854059,0.00967982129560685,0.011169024571854059,0.011913626209977662,0.0007446016381236039,0.014147431124348473,0.004467609828741623,0.0037230081906180195,0.04095309009679821,0.0052122114668652275,0.03723008190618019,0.0029784065524944155,0.014147431124348473,0.02308265078183172,0.016381236038719285,0.0014892032762472078,0.011169024571854059,0.0052122114668652275,0.0022338049143708115,0.03648548026805659,0.0037230081906180195,0.03276247207743857,0.012658227848101266,0.012658227848101266,0.03425167535368578,0.049143708116157855,0.0007446016381236039,0.0573343261355175,0.02308265078183172,0.008935219657483246,0.10349962769918093,0.0022338049143708115,0.05063291139240506,0.014147431124348473,0.05137751303052867,0.058078927773641105,0.06329113924050633,0.007446016381236039,0.034996276991809384,0.01340282948622487,0.008190618019359643,0.05212211466865227,0.0037230081906180195,0.012658227848101266,0.0022338049143708115,0.0052122114668652275,0.0014892032762472078,0.0007446016381236039,1.0,0.01883047814512124,0.00939339734125372,0.03348429844610074,0.02643399639674233,-0.05387351556742503,0.00872369190535421,0.05656041509677253,0.0015639824941069747,0.025571882152788272,-0.012710446445320326,0.02577344292943737,-0.010770311911893642,-0.0036138273758474374,0.000811089090140367,0.044816057348271425,0.010509494971348522,-0.011189496467179013,0.10715246304421078,0.059236794986705664,-0.01419211319606073,-0.0015282551315999064,0.007672469178641708,0.013207543119700236,0.010258558374564398,-0.04017920678878322,0.0019094756210838865,0.011604473865203092,-0.014304508446317204,-0.019088262001432522,0.06171062273838019,0.007860607153986019,-0.019726091580238164,-0.0001843956617306314,0.0010245477403903662,-0.00926131274531418,0.0019290840987196288,0.02731961819422408,0.029976350694167653,-0.020606808493187016,0.00438641603805514,1.0,0.018844509797986464,0.009055507084252044,0.033227467420620986,0.02522974309242122,-0.05572058994011798,0.009258056252214479,0.056119613904393136,0.0022192515803780683,0.026897111898009814,-0.021187799891681843,0.02416612821053249,-0.007117202118684731,-0.004914880587726334,0.0001931074220315302,0.04259269536448631,0.00989133946138113,-0.012282888959658154,0.10341776894207023,0.05649702057483357,-0.015100519056848598,-0.006812699964759334,-0.007463526904305183,0.02356045317035899,0.01496005626024277,-0.056600293567371736,-0.0056289601345284246,0.008494764291922578,-0.008891062589722823,-0.01912271936523301,0.05530500899601129,0.008209240755166764,-0.014479956325139296,-0.013164700950591449,-0.009383307967519133,0.0019225334773255425,-0.0022722583666664052,0.006527698163123809,0.029157793517781035,-0.02255488029585597,0.009557542002992175
3.5180920172436894,0.6189162658698748,0.8897989575577067,2.0,108.0,119.0,112.0,101.0,76.0,48.0,23.0,2.0,0.0,5.0,6.0,134.0,109.0,125.0,114.0,115.0,118.0,109.0,114.0,111.0,113.0,112.0,112.0,0.16777408637873753,0.35714285714285715,0.4750830564784053,0.26406926406926406,0.3268398268398268,0.4090909090909091,0.018615040953090096,0.008190618019359643,0.010424422933730455,0.01340282948622487,0.012658227848101266,0.014892032762472078,0.0014892032762472078,0.007446016381236039,0.005956813104988831,0.0037230081906180195,0.0379746835443038,0.00967982129560685,0.03052866716306776,0.0037230081906180195,0.01712583767684289,0.03052866716306776,0.0193596425912137,0.0007446016381236039,0.01563663440059568,0.004467609828741623,0.0037230081906180195,0.021593447505584513,0.0014892032762472078,0.020104244229337303,0.018615040953090096,0.008190618019359643,0.028294862248696945,0.03425167535368578,0.006701414743112435,0.03425167535368578,0.03276247207743857,0.017870439314966492,0.09084139985107967,0.004467609828741623,0.058078927773641105,0.028294862248696945,0.035740878629932984,0.05658972449739389,0.07222635889798958,0.011169024571854059,0.03201787043931496,0.01563663440059568,0.007446016381236039,0.05286671630677588,0.0029784065524944155,0.01563663440059568,0.0052122114668652275,0.007446016381236039,0.008935219657483246,0.0,1.0,0.007930402954736833,-0.002500853477381875,0.023074123385074502,-0.004695150304435373,0.04008062871818661,-0.028240675366548243,0.05087765319394253,0.039649947212072156,0.0378202721738857,-0.010908520473729658,-0.0020014133543141523,-0.03607589640849057,-0.009535019087134498,-0.017622228091344568,-0.020833425507171266,0.03366586258306932,-0.01897517555543776,0.03213456975458605,-0.008288727188191807,0.006650720782505356,0.04071850454724671,0.025954188691508683,0.020911202576502134,0.015696343411873228,-0.03222507307456859,0.036135375525525384,0.011031238757098468,-0.00933683997780195,-0.00188402436970737,0.005208896536747539,-0.019878486094165822,-0.02809920060352948,-0.03159873465755231,-0.04973152546769831,-0.0275789341713951,-0.03380957849743986,0.040942455154977735,-0.003746776744215404,-0.021638027989116446,-0.03587124158268317,1.0,0.007936312345910246,-0.002567730093323885,0.023167700332314425,-0.005088400454372202,0.04045676501594781,-0.02966159325555308,0.052313183611876896,0.03692077568778408,0.03987507914361478,-0.0157972654633229,-0.00019808914991903558,-0.04332083593920318,-0.007940337608445555,-0.022134881857290702,-0.019643650988477437,0.028079403739291603,-0.017652452849078362,0.03248076353258285,-0.004676102807612543,0.013356449847114867,0.04178394932781369,0.033862754514996415,0.016834552849869705,0.016106408629708677,-0.04151846794210279,0.03341959946456082,0.0037458534303832784,-0.009510902892987061,-0.013274392536311177,0.004728294061178412,-0.02953058210630794,-0.024848235460385032,-0.028185553285622757,-0.04993353406225771,-0.025878760543732744,-0.028512457413495017,0.04508028967320827,0.0016894030519022558,-0.015212220259844846,-0.03555506342836338
3.5109905839587623,0.6469574393898463,0.8816083395383469,5.0,116.0,126.0,123.0,84.0,88.0,13.0,40.0,32.0,14.0,22.0,0.0,134.0,123.0,131.0,127.0,123.0,130.0,97.0,128.0,125.0,123.0,127.0,104.0,0.20060331825037708,0.3815987933634992,0.4177978883861237,0.266304347826087,0.3383152173913043,0.3953804347826087,0.014892032762472078,0.008935219657483246,0.011169024571854059,0.010424422933730455,0.014147431124348473,0.012658227848101266,0.0022338049143708115,0.00967982129560685,0.006701414743112435,0.0014892032762472078,0.04244229337304542,0.014147431124348473,0.03648548026805659,0.004467609828741623,0.02084884586746091,0.02308265078183172,0.016381236038719285,0.0029784065524944155,0.006701414743112435,0.0029784065524944155,0.0052122114668652275,0.022338049143708117,0.0037230081906180195,0.029784065524944156,0.018615040953090096,0.01340282948622487,0.03201787043931496,0.04393149664929263,0.005956813104988831,0.044676098287416234,0.02531645569620253,0.00967982129560685,0.09903201787043932,0.004467609828741623,0.05956813104988831,0.02531645569620253,0.04095309009679821,0.05956813104988831,0.05584512285927029,0.00967982129560685,0.026061057334326135,0.01712583767684289,0.007446016381236039,0.039463886820551006,0.0007446016381236039,0.01563663440059568,0.0022338049143708115,0.007446016381236039,0.011169024571854059,0.0007446016381236039,1.0,-0.004056982646203005,-0.03635841549037193,-0.00017090790771780027,-0.025650251548789332,0.010072093581834364,-0.005605416018858953,0.002074871528701222,-0.03788167950495715,0.007407215168679777,-0.0179753663415599,0.006047385829933169,0.018477676996942707,-0.009816477591908335,0.006891721756760449,0.05845165344568014,0.043860412544452776,-0.04036623989790402,0.027646310040111303,0.036650891514577635,-0.008325003860405546,-0.011027185569423706,0.02149495763869208,0.0009783706911061362,-0.006798188469971898,-0.05081447246075148,0.020151292172279383,0.03886833741143786,-0.016191918197140182,0.04191963508967895,0.034875387767070866,-0.014213051124728112,-0.010102299167448994,0.009108498895902286,-0.0191304009514217,-0.016085118736329597,0.03079631491837092,-0.030928515952993025,-0.023904486545096814,0.004327927131935246,0.011616349588393532,1.0,-0.004060005733122677,-0.03642972545638665,-0.0004730521585032559,-0.027092503156838463,0.009883430486847285,-0.007514184689349637,0.002768234705109199,-0.039362628912775886,0.00790120968771472,-0.021508551031830244,0.006852662756177233,0.01503258360293376,-0.008083216725700598,0.006401832382958702,0.059795404270775766,0.04460196941470022,-0.03633036375113123,0.03056755833081097,0.0387154210496786,-0.003863685628915798,-0.011514162478149252,0.025977049496985035,0.00495718971929413,-0.003290226294191385,-0.05348044502000118,0.024923329105441604,0.034532826879828143,-0.015360231488010807,0.044340264310270966,0.03384883421742623,-0.01675387200735383,-0.005949123136220085,0.007809584777211815,-0.027229045724892785,-0.01723175722527275,0.03438204646006487,-0.031094296352976072,-0.0305757182519807,0.005595357641659434,0.020088186710287573
3.476054359723572,0.6107152915504872,0.8786299329858526,5.0,99.0,118.0,119.0,105.0,71.0,21.0,45.0,26.0,6.0,10.0,3.0,133.0,114.0,130.0,122.0,120.0,126.0,96.0,121.0,119.0,119.0,119.0,101.0,0.1926751592356688,0.40764331210191085,0.3996815286624204,0.2676056338028169,0.3380281690140845,0.39436619718309857,0.014892032762472078,0.008935219657483246,0.008935219657483246,0.014147431124348473,0.023827252419955324,0.014147431124348473,0.0014892032762472078,0.0037230081906180195,0.0037230081906180195,0.0037230081906180195,0.04169769173492182,0.008935219657483246,0.04095309009679821,0.0052122114668652275,0.02084884586746091,0.026061057334326135,0.01563663440059568,0.0022338049143708115,0.008935219657483246,0.005956813104988831,0.0007446016381236039,0.023827252419955324,0.0014892032762472078,0.029039463886820552,0.010424422933730455,0.008190618019359643,0.028294862248696945,0.04690990320178704,0.004467609828741623,0.03127326880119136,0.02531645569620253,0.016381236038719285,0.10647803425167536,0.004467609828741623,0.0573343261355175,0.023827252419955324,0.04244229337304542,0.05212211466865227,0.06999255398361877,0.00967982129560685,0.027550260610573342,0.018615040953090096,0.004467609828741623,0.04169769173492182,0.0014892032762472078,0.01563663440059568,0.0052122114668652275,0.008935219657483246,0.008935219657483246,0.0007446016381236039,1.0,-0.0008424003077822023,0.029658009199721832,-0.04589958561603854,-0.01892163667367785,0.06968146486640656,-0.029088876269522095,0.030431401428206745,0.00872703856471952,-0.03318567218408545,-0.010666522175393316,-0.018219558178629382,0.009644452693937015,0.056751414554289364,-0.026845655687401947,-0.04318913190377367,-0.03028332165998005,0.010620736311671215,-0.008757197543749765,-0.041360944559965813,0.0059050407669927725,-0.03710467064727319,-0.0280585934488645,-0.026018692675400374,-0.031088406383789104,0.00958007047699297,0.012497347679519401,-0.010642112238885434,-0.021374988407209188,0.016855642951363096,0.01376507602284444,-0.00817226739442588,-0.027904068759696456,0.02355156083855635,-0.03629223669342117,-0.009306593937008643,-0.01563134009037301,-0.06316604480266183,0.010821260794292839,-0.007455217293838839,-0.020404244468818788,1.0,-0.0008430280278327117,0.029701552288161195,-0.045993617950605754,-0.019932533511455755,0.0729230533954881,-0.030486554995429526,0.024612276408513774,0.017094622494669972,-0.03580783174636936,-0.014967402760572705,-0.009632743418445885,0.0028251510929717073,0.05628618353865989,-0.025189427160810046,-0.04879679023278951,-0.020036833079450336,0.013113425393718693,-0.02055036442766407,-0.04077450546475443,0.008042349722619262,-0.03581290399077838,-0.03032032485984985,-0.019933484443870005,-0.03105119887587216,0.00024882389722298564,0.015815240515397032,-0.011612140978770866,-0.01829222081658179,0.024985813082574117,0.005740788350207219,-0.014229214348728349,-0.024189584427507925,0.021716722269574808,-0.04237519750377624,-0.012264353028469673,-0.011988067220135118,-0.07255239422771959,-0.00031224885041697365,-0.0012475930391636953,-0.035117027078361854
3.5197427498485996,0.6368864666852585,0.8830975428145942,1.0,110.0,115.0,110.0,101.0,86.0,40.0,32.0,10.0,8.0,2.0,3.0,134.0,111.0,118.0,124.0,123.0,125.0,110.0,125.0,114.0,123.0,115.0,111.0,0.1925566343042071,0.3705501618122977,0.4368932038834951,0.26796929518492674,0.3377529658060014,0.39427773900907187,0.020104244229337303,0.008190618019359643,0.014147431124348473,0.017870439314966492,0.018615040953090096,0.012658227848101266,0.0,0.0037230081906180195,0.005956813104988831,0.005956813104988831,0.035740878629932984,0.007446016381236039,0.03201787043931496,0.004467609828741623,0.02084884586746091,0.02084884586746091,0.01563663440059568,0.0037230081906180195,0.005956813104988831,0.005956813104988831,0.0029784065524944155,0.023827252419955324,0.0029784065524944155,0.026061057334326135,0.011169024571854059,0.01712583767684289,0.027550260610573342,0.044676098287416234,0.005956813104988831,0.04318689501116903,0.029039463886820552,0.010424422933730455,0.0967982129560685,0.0022338049143708115,0.05286671630677588,0.022338049143708117,0.03350707371556218,0.058823529411764705,0.06329113924050633,0.01563663440059568,0.0379746835443038,0.02084884586746091,0.008935219657483246,0.040208488458674606,0.0029784065524944155,0.018615040953090096,0.0037230081906180195,0.00967982129560685,0.006701414743112435,0.03648548026805659,1.0,0.03592576335934478,-0.004548354277371555,-0.01750327373782787,0.02671644415664505,0.048528766039600706,0.03160442670483879,0.02992920212790713,0.014097737224094048,0.02075903468764501,-0.007036906707569218,-0.03918167400307461,-0.022265771961573515,-0.007075473302893559,0.0052271753458153795,-0.016587106166542763,0.03269745082970029,-0.029811365801543813,-0.0006714180240343705,0.04035874445564365,0.03211771352292076,0.0031978974482930705,-0.03401032087815564,0.056404394131443374,-0.01861371679071166,0.004797662684690646,0.021157642360067674,0.03202410039333846,-0.02401214197264623,-0.01830468051222861,-0.04035007581724506,-0.022762810185859687,0.06427449715705404,0.02308020210637843,-0.04333418314113952,-0.023199344852343425,-2.3937417493138525e-05,-0.0024632949845653424,-0.050438778714320356,0.036861568050267544,-0.01945807210951737,1.0,0.03595253367481373,-0.005855290940503727,-0.01719002812345582,0.028068587759058433,0.046661948488701734,0.028400912189775498,0.029530574416571448,0.01350429007697059,0.018955603601914693,-0.01104934625896583,-0.042834616671133835,-0.02378511935801668,-0.010727806452338964,0.0009085880613267117,-0.017082205618430258,0.03856136804725364,-0.027578374145351817,0.005570755410441598,0.04629346995691089,0.031458188115579155,0.00130866833757197,-0.03349796571589139,0.05699394259474654,-0.029403111136763565,-0.0014695758552169267,0.020769368768758668,0.02952128379001824,-0.03308281222258848,-0.016531022081067298,-0.0387962946589289,-0.01901423084740882,0.062341077811209455,0.020412244528441592,-0.04060389263706686,-0.014723555787067959,0.0050838107716429225,-0.004570914997740087,-0.04851425512993619,0.03459312512747433,-0.020456764791310596
3.484723219557695,0.622759476749405,0.8905435591958303,8.0,115.0,126.0,122.0,103.0,76.0,40.0,39.0,13.0,14.0,4.0,16.0,134.0,115.0,129.0,125.0,119.0,130.0,113.0,126.0,121.0,118.0,125.0,115.0,0.1819526627218935,0.3727810650887574,0.4452662721893491,0.2653061224489796,0.32857142857142857,0.4061224489795918,0.011169024571854059,0.007446016381236039,0.017870439314966492,0.01563663440059568,0.010424422933730455,0.014147431124348473,0.0007446016381236039,0.0037230081906180195,0.005956813104988831,0.0037230081906180195,0.04616530156366344,0.007446016381236039,0.04244229337304542,0.007446016381236039,0.01712583767684289,0.023827252419955324,0.016381236038719285,0.004467609828741623,0.005956813104988831,0.0022338049143708115,0.0022338049143708115,0.03127326880119136,0.0014892032762472078,0.02680565897244974,0.010424422933730455,0.010424422933730455,0.024571854058078928,0.05584512285927029,0.0052122114668652275,0.03052866716306776,0.02680565897244974,0.014147431124348473,0.09009679821295608,0.0022338049143708115,0.06031273268801191,0.026061057334326135,0.03201787043931496,0.0573343261355175,0.06254653760238273,0.014892032762472078,0.03201787043931496,0.018615040953090096,0.005956813104988831,0.05361131794489948,0.0052122114668652275,0.017870439314966492,0.0022338049143708115,0.007446016381236039,0.006701414743112435,0.0007446016381236039,1.0,0.02921078285360894,0.03777954127412105,0.008995995155367904,0.014629919642525973,0.012436537190528372,-0.015175703691788939,-0.005194559860032754,-0.023063200538316106,-0.036028664290713816,-0.05202066219831355,-0.028275686893884575,0.03201389636175172,-0.03566023175495689,0.008854445519633049,0.03186666971184029,-0.024246013346680344,-0.008654407247934762,-0.016623223392354725,-0.02533544948095873,0.0026739333179384814,0.037652839576510055,0.0013243463717336492,0.016147476536522674,0.033910099740571416,-0.017217535380739196,0.034602238207849904,-0.0036761840005689367,0.02435017597907359,-0.00536579550164461,-0.006625841811619493,-0.03805573603779694,-0.001414956761419452,0.012672644862853084,-0.013897041417388187,-0.004263677297429689,0.011566505082434156,0.005955951000854189,0.019256247891561686,0.033720094861778176,0.02050973647947917,1.0,0.029232549457821756,0.037012973791319764,0.006884356444524336,0.012856971623600163,0.01115169264408684,-0.017020855444588277,-0.005420297632306241,-0.022145111309451886,-0.0348287233928213,-0.04865143453405229,-0.02257237841443066,0.038501455826935496,-0.034131606052032824,0.010290100394651927,0.03484932238015147,-0.029458399458676537,-0.012582473818926961,-0.01677452006169525,-0.03064261011579666,0.0026084672844622087,0.04132064313709354,0.0006754038049659937,0.0148072992768245,0.03307687827132678,-0.018857927671612817,0.028312539160178937,-0.010437345739356861,0.022240518360650368,-0.010326174986217823,-0.005995477999453624,-0.03196558864605002,0.004026140899362196,0.01723637225926519,-0.006024421798409185,-0.005745220874508509,0.011663226610654272,0.011091578645076308,0.014334880229076571,0.03610746784283692,0.01703339460652805
3.4809892686360278,0.6401517327127872,0.8816083395383469,1.0,110.0,119.0,113.0,93.0,84.0,31.0,43.0,13.0,17.0,3.0,1.0,134.0,111.0,129.0,123.0,113.0,130.0,111.0,121.0,114.0,120.0,123.0,111.0,0.20382165605095542,0.37579617834394907,0.42038216560509556,0.2673611111111111,0.3263888888888889,0.40625,0.011169024571854059,0.01340282948622487,0.012658227848101266,0.01563663440059568,0.017870439314966492,0.008935219657483246,0.0014892032762472078,0.0052122114668652275,0.004467609828741623,0.0014892032762472078,0.03425167535368578,0.011169024571854059,0.0387192851824274,0.0037230081906180195,0.022338049143708117,0.0193596425912137,0.011913626209977662,0.0037230081906180195,0.005956813104988831,0.004467609828741623,0.004467609828741623,0.020104244229337303,0.0022338049143708115,0.028294862248696945,0.01563663440059568,0.008935219657483246,0.028294862248696945,0.04318689501116903,0.008190618019359643,0.05361131794489948,0.02084884586746091,0.01340282948622487,0.114668652271035,0.0022338049143708115,0.05212211466865227,0.03052866716306776,0.0387192851824274,0.049143708116157855,0.06701414743112435,0.00967982129560685,0.03127326880119136,0.018615040953090096,0.004467609828741623,0.039463886820551006,0.0014892032762472078,0.0193596425912137,0.0029784065524944155,0.010424422933730455,0.00967982129560685,0.0029784065524944155,1.0,-0.03398694414326358,-0.0007060365309252914,0.029953796223681474,0.008214281379821296,0.02949493558747042,-0.0035351833753320453,-0.01905148111342188,0.008106985571610607,0.0050964599931069225,0.013118149579669312,-0.024101332994180456,-0.04268369410664921,-0.015248723646211363,-0.030231631309426344,0.017541115088756366,0.032690121922059605,-0.05416061909369648,-0.03331221617873579,0.013394644287350328,-0.0017273802885479216,0.003240270231802392,-0.09435763640284721,0.02486271636335503,0.04864637796939842,-0.011416868666100774,0.001540502886858417,-0.03960284055080537,0.01516587450523911,0.020228444232071863,0.030748242993870325,0.01563602715594004,-0.026815135719131897,-0.010737033671352115,0.0023352371677472735,-0.027411704832835605,0.03245423829352577,-0.05763272864829318,-0.07710123794458683,0.008127090112249057,-0.012849598688177732,1.0,-0.03401226973502458,-0.001866082772416523,0.02996806497953062,0.010299999233187418,0.03035050464856779,-0.0023890254446472226,-0.019935238493988143,0.00491231421032074,0.005163117845907402,0.013987653215547617,-0.023251205141347597,-0.044181532750824135,-0.02003647348367479,-0.031495260726546896,0.018320227667181728,0.03830638357716933,-0.04756078709429884,-0.03873111534884039,0.008638659592995732,0.0003919341009151076,0.005213532387466045,-0.09153476076494502,0.019983773276175735,0.04653020045038006,-0.007263895526784823,-0.0005518909133974643,-0.035909321057745656,0.012193632752944496,0.012823017186493896,0.03584278268543934,0.016276835133334566,-0.02725129773572587,-0.016945657512362,-0.010039311968018572,-0.03078350748134427,0.03274154844756286,-0.0487021215564654,-0.07780969419412016,-0.015935386333567784,-0.01660541488215565
3.5214713645403455,0.6581887542699348,0.8823529411764706,2.0,110.0,127.0,124.0,93.0,76.0,43.0,33.0,10.0,22.0,1.0,1.0,134.0,110.0,131.0,127.0,123.0,130.0,111.0,128.0,115.0,119.0,124.0,113.0,0.17289719626168223,0.3878504672897196,0.4392523364485981,0.2675767918088737,0.33037542662116043,0.40204778156996585,0.016381236038719285,0.008935219657483246,0.010424422933730455,0.01712583767684289,0.0193596425912137,0.01563663440059568,0.0014892032762472078,0.0052122114668652275,0.005956813104988831,0.0014892032762472078,0.039463886820551006,0.011913626209977662,0.029784065524944156,0.006701414743112435,0.014147431124348473,0.029039463886820552,0.014892032762472078,0.004467609828741623,0.006701414743112435,0.0037230081906180195,0.0029784065524944155,0.024571854058078928,0.0022338049143708115,0.024571854058078928,0.01563663440059568,0.00967982129560685,0.0379746835443038,0.044676098287416234,0.008190618019359643,0.0387192851824274,0.02531645569620253,0.00967982129560685,0.09903201787043932,0.004467609828741623,0.05063291139240506,0.0193596425912137,0.04318689501116903,0.05956813104988831,0.06254653760238273,0.014892032762472078,0.02084884586746091,0.01563663440059568,0.011169024571854059,0.04616530156366344,0.0022338049143708115,0.0193596425912137,0.0014892032762472078,0.00967982129560685,0.010424422933730455,0.0022338049143708115,1.0,0.012189115534441528,0.00833521935861608,0.01997569396392519,-0.02477382390037684,0.037974708610767245,-0.009830624101224603,0.02822410007970843,-0.053017151261328055,0.02377914257059363,-0.03536504001187747,-0.009125393480642256,0.04648205501178933,0.04304883069381442,0.024460331930916693,0.0012242607107993235,0.030248240690711987,-0.0227941920854519,-0.06585560422891724,0.01559760750221873,-0.013143557987719465,-0.014891629331143543,-0.021630210990916873,-0.01807668248030108,-0.012927669994342757,0.01422651588027316,0.053473367082918354,0.043695443946983895,-0.010756331678663418,0.010224887101977161,-0.0346379305900587,-0.025922886414695725,-0.03522543216234195,-0.0350547085758558,-0.02348755361357029,-0.03826399491378121,0.026281212846383465,0.025866613536628284,0.02187202195302901,0.019592042893674375,0.030156643051290986,1.0,0.012198198332902354,0.008200074803509214,0.01982368066785685,-0.025410522368550625,0.03845246846250843,-0.010881863956106602,0.029145642661947295,-0.05636345114347031,0.02774976827149309,-0.039337022008545816,-0.003453849152906169,0.041305810025641584,0.050561301691951915,0.017123136312423525,0.004576269368483398,0.026051599287973674,-0.021470379854869805,-0.07360381811533012,0.015140176013309513,-0.009480757491443776,-0.014295048848827426,-0.020743720470504635,-0.008811321433226776,-0.010879862763434368,0.013050727977739754,0.04676747703370878,0.04802358943821561,-0.023943700101255634,0.009418185802250161,-0.031751285172006316,-0.022675429551972846,-0.04275430538007368,-0.02953550246924962,-0.01731198281837652,-0.0318561150704056,0.02922763237638696,0.0419843956272421,0.01595188401323408,0.010205849933172527,0.02424603816477832
3.5012934071181734,0.6431405067553233,0.8830975428145942,0.0,111.0,121.0,116.0,66.0,83.0,45.0,22.0,23.0,11.0,0.0,2.0,134.0,113.0,123.0,119.0,120.0,122.0,112.0,125.0,113.0,120.0,117.0,113.0,0.175,0.36,0.465,0.2662473794549266,0.32983927323549966,0.40391334730957373,0.016381236038719285,0.00967982129560685,0.024571854058078928,0.016381236038719285,0.021593447505584513,0.011913626209977662,0.0029784065524944155,0.011913626209977662,0.0022338049143708115,0.004467609828741623,0.04616530156366344,0.006701414743112435,0.03425167535368578,0.007446016381236039,0.022338049143708117,0.026061057334326135,0.017870439314966492,0.0029784065524944155,0.007446016381236039,0.0037230081906180195,0.005956813104988831,0.016381236038719285,0.0029784065524944155,0.03052866716306776,0.011913626209977662,0.006701414743112435,0.03127326880119136,0.049143708116157855,0.0052122114668652275,0.03052866716306776,0.02308265078183172,0.014147431124348473,0.10871183916604617,0.0052122114668652275,0.06180193596425912,0.017870439314966492,0.040208488458674606,0.04839910647803425,0.05658972449739389,0.006701414743112435,0.03201787043931496,0.01340282948622487,0.00967982129560685,0.040208488458674606,0.0007446016381236039,0.01340282948622487,0.0022338049143708115,0.010424422933730455,0.007446016381236039,0.0,1.0,0.04123732848853604,0.007904977287903315,0.003156594216814051,0.060962790388892886,0.02710256897261331,0.023216528002069775,0.04598785818409763,0.07558219765599716,0.01277934098685415,0.005583984224542988,0.015088271833685264,0.05936460856867717,0.022610079348612203,0.013348831655999118,-0.019127430019397318,-0.0074386753517125806,0.015193360876985428,-0.001127746591318201,0.006192694422325356,0.027924201870419222,-0.0031579047281700776,-0.015457619172218997,-0.051140701785122804,-0.0010211063904085774,-0.004032119611447562,0.05589585146917233,-0.02528040503776695,-0.02390757046637762,-0.005134213648988127,-0.0006381880975340374,-0.002391392995637759,0.03077269599008525,-0.029051137107503143,-0.02335335078797358,-0.025956384175144467,0.01284974448491463,-0.0010298014220808441,0.008233472958276035,0.00693686681409412,-0.03262283787322984,1.0,0.04126805675119516,0.0062243147900963155,0.002586624996589275,0.060966623078440016,0.022293707232235314,0.020623015628119423,0.04427029085268971,0.06913047768540659,0.0041767558378842246,0.0013667009477365303,0.009009419963378808,0.04872598841008238,0.012975765040073372,0.006487916233820511,-0.028200651195244432,-0.01857504418921202,0.010426494114018433,-0.007641830656778419,0.0016111623848070774,0.02124321571240951,-0.009239593522760676,-0.015347257941864272,-0.04929613981704375,-0.0024203981122859165,-0.0075327006169009616,0.05868305704471643,-0.023891007871991183,-0.021849457663683614,0.0006351101635089547,-0.00022912580753974135,0.003974185452113065,0.03342013715259357,-0.033922729877603204,-0.025076055288885638,-0.013154784171014022,0.017658316800896804,-0.0002008378036914165,0.004276368098648413,0.008422698857711299,-0.03487291887834987
3.4024451292370097,0.6031528683945493,0.8830975428145942,12.0,96.0,110.0,112.0,103.0,89.0,4.0,53.0,13.0,14.0,6.0,0.0,134.0,104.0,117.0,117.0,121.0,128.0,29.0,125.0,111.0,121.0,113.0,85.0,0.25163398692810457,0.3954248366013072,0.35294117647058826,0.296551724137931,0.36015325670498083,0.3432950191570881,0.017870439314966492,0.0052122114668652275,0.010424422933730455,0.008935219657483246,0.011913626209977662,0.010424422933730455,0.0014892032762472078,0.008935219657483246,0.0022338049143708115,0.0014892032762472078,0.04095309009679821,0.011913626209977662,0.049143708116157855,0.0037230081906180195,0.016381236038719285,0.01563663440059568,0.00967982129560685,0.0014892032762472078,0.011169024571854059,0.0029784065524944155,0.0029784065524944155,0.039463886820551006,0.0052122114668652275,0.0387192851824274,0.006701414743112435,0.014147431124348473,0.04765450483991065,0.04393149664929263,0.0014892032762472078,0.04690990320178704,0.017870439314966492,0.0052122114668652275,0.10201042442293373,0.0029784065524944155,0.05212211466865227,0.017870439314966492,0.04095309009679821,0.06031273268801191,0.06924795234549516,0.0052122114668652275,0.03201787043931496,0.014147431124348473,0.0052122114668652275,0.05286671630677588,0.0014892032762472078,0.00967982129560685,0.0037230081906180195,0.00967982129560685,0.007446016381236039,0.0007446016381236039,1.0,-0.0009162696317476473,0.05123385892422931,0.006119161531875687,-0.057554670361234635,-0.01027590538534021,0.005513145903848227,-0.015781424433035256,0.016997641290979332,0.006248267192728009,0.04999404803490795,0.04522485995955383,-0.03939880759089245,0.018899835245118176,0.022026652770828513,0.007580297606795411,0.039339534621396756,0.009539812478116565,0.02588642431032818,-0.01519876364500019,-0.015975850354421426,-0.03978317942686192,-0.010285094055286022,0.053195387417960587,-0.04287695272422446,0.04296596012412699,-0.022175797503793462,0.009571429194681664,-0.02001113327458043,0.02179008256847819,0.04371583132827858,-0.012889484459126833,-0.01814909592637637,-0.020317128178444215,0.009810776364728468,0.005933244607947465,0.035155699029627605,-0.018300537025352667,-0.021445087961253963,-0.030944679657794495,0.021387167819270587,1.0,-0.000916952396003775,0.05130947268633024,0.006240980128010216,-0.06050826270589469,-0.011137403192183003,0.01179745235726934,-0.014036713412389185,0.012844165120870396,0.00663158485992663,0.05018180166817659,0.043656668627339246,-0.04418855706319215,0.014939538900908182,0.03235445864343818,0.013070289107658442,0.03205432843889555,0.010053540674178763,0.026970650909736656,-0.018432347530565732,-0.017356928218984217,-0.04149518687487836,-0.004335205429331006,0.06070137371578487,-0.05280528470199295,0.03140268579931717,-0.02372997711022312,0.00898419662478056,-0.025544394625327947,0.023324523318803036,0.05341918130142825,-0.01650559011614191,-0.02410602498511176,-0.028807375681600755,0.020515551259605462,0.016358665836220785,0.027451286905752034,-0.014888904616185274,-0.024909815518295186,-0.03227573347813111,0.020349577231656524
3.482198336451443,0.6077488031135893,0.8793745346239762,10.0,104.0,111.0,109.0,80.0,89.0,29.0,49.0,30.0,10.0,3.0,6.0,134.0,105.0,120.0,120.0,111.0,128.0,69.0,121.0,108.0,112.0,117.0,106.0,0.23492063492063492,0.3634920634920635,0.4015873015873016,0.2834937083641747,0.3338267949666913,0.382679496669134,0.018615040953090096,0.011913626209977662,0.00967982129560685,0.01340282948622487,0.006701414743112435,0.014892032762472078,0.0014892032762472078,0.011913626209977662,0.0037230081906180195,0.0022338049143708115,0.040208488458674606,0.005956813104988831,0.03350707371556218,0.0037230081906180195,0.01712583767684289,0.0193596425912137,0.01563663440059568,0.0022338049143708115,0.010424422933730455,0.0022338049143708115,0.0007446016381236039,0.028294862248696945,0.0022338049143708115,0.040208488458674606,0.01712583767684289,0.008190618019359643,0.04393149664929263,0.034996276991809384,0.0014892032762472078,0.035740878629932984,0.03201787043931496,0.014892032762472078,0.09977661950856292,0.007446016381236039,0.05361131794489948,0.024571854058078928,0.034996276991809384,0.058078927773641105,0.06403574087862993,0.011169024571854059,0.03052866716306776,0.017870439314966492,0.006701414743112435,0.045420699925539834,0.0037230081906180195,0.01712583767684289,0.0029784065524944155,0.012658227848101266,0.0037230081906180195,0.0007446016381236039,1.0,0.035927377414748086,0.02343819668024259,0.020464646613174008,-0.007761255648875433,0.011190749960311584,0.03708524859208613,0.017299346174797784,-0.005348138199156283,-0.04207463245834477,0.0042212193905200104,-0.025224011980785572,0.012609462433508094,-0.021524340525681855,-0.039010004020118956,0.007500764445549841,0.01908661553719094,-0.025663941819522442,-0.02037486365686377,-0.03584583111014232,-0.02308429015420221,0.026889471555982484,0.061340981981562126,0.04910434036109351,0.034793672173221206,0.02583624795719695,0.015617117013092277,-0.02456032769570816,0.02590266597033693,-0.030756095270565584,-0.06200155244009085,0.021800680540163788,-0.0022111021552149966,-0.018773683095397172,-0.007590687516888073,-0.029682253539416864,0.04201188066033487,-0.003652841072785581,0.005459330050838694,-0.010945724312398536,-0.04807945102845249,1.0,0.03595414893294089,0.02220916195305724,0.018920516803948406,-0.009703648857698508,0.010979636395678734,0.03656404280659876,0.014731828085483201,-0.008680376480839217,-0.04400871977979973,0.007514729877209208,-0.02416400423589611,0.01415841320262108,-0.023850345442151807,-0.03649476886916713,0.01357055779190143,0.023118983229103194,-0.026195559816421566,-0.022809547423016222,-0.03250098974638719,-0.01735583440409734,0.032458615408016325,0.05837883523455272,0.044669715608366065,0.03188104910913033,0.024535015393642976,0.01300480139821458,-0.03352123548398831,0.015002838890049594,-0.038459911986049186,-0.06429071344098,0.025225800358319807,0.002327674254900603,-0.014808422958586831,-0.0056115566427927446,-0.02004554552595451,0.054595979508895935,-0.0030040620277893286,-0.0020208799719778616,-0.013037890370649943,-0.042968840927406805
3.4099885394534044,0.592380934229796,0.8830975428145942,9.0,68.0,111.0,115.0,79.0,86.0,11.0,44.0,18.0,12.0,6.0,4.0,134.0,91.0,120.0,122.0,115.0,122.0,13.0,125.0,101.0,109.0,112.0,81.0,0.2468916518650089,0.3978685612788632,0.3552397868561279,0.3060240963855422,0.35903614457831323,0.3349397590361446,0.010424422933730455,0.0022338049143708115,0.011169024571854059,0.010424422933730455,0.008935219657483246,0.016381236038719285,0.0014892032762472078,0.014147431124348473,0.0022338049143708115,0.0,0.054355919583023084,0.007446016381236039,0.045420699925539834,0.006701414743112435,0.02308265078183172,0.021593447505584513,0.008190618019359643,0.0022338049143708115,0.012658227848101266,0.004467609828741623,0.0029784065524944155,0.03723008190618019,0.0014892032762472078,0.03052866716306776,0.00967982129560685,0.017870439314966492,0.0379746835443038,0.04690990320178704,0.0022338049143708115,0.04765450483991065,0.014147431124348473,0.006701414743112435,0.08265078183172003,0.0022338049143708115,0.06478034251675353,0.018615040953090096,0.034996276991809384,0.06626954579300075,0.06775874906924795,0.0037230081906180195,0.044676098287416234,0.010424422933730455,0.007446016381236039,0.04616530156366344,0.0014892032762472078,0.007446016381236039,0.0052122114668652275,0.006701414743112435,0.00967982129560685,0.0007446016381236039,1.0,-0.0033259585768576987,0.04416892670685667,0.03361367606117477,0.015057913941601142,0.0788966883113379,-0.013523468858027706,0.05809023283847351,0.027597716627984527,0.06310522074044968,0.0239320470161962,-0.04457903680157477,0.015775629165266956,0.04167702149313875,0.01769771909228514,0.03129388465514057,-0.010942014926937327,0.0626539249970355,0.06275632192794049,-0.028453231764566937,-0.005211596401981987,0.01552900516875904,-0.002391210651261346,-0.035257658477096,0.026038544326478195,-0.03866184070003722,0.0486654036515887,0.0648721608581399,-0.011976714335156636,0.02969783400273559,-0.02618575676296147,0.030323665898194414,-0.02469398735958209,0.048710671451725224,-0.0021353895919733554,0.03302560686432755,0.056045740701119694,-0.004453804057530414,-0.006539112609979971,0.007270926931395866,0.004919806888796229,1.0,-0.0033284369364529783,0.04422421276307025,0.03404380820685083,0.013455089997729201,0.07658491307594831,-0.01524963447120554,0.05113927788289181,0.02453100873058399,0.05884922359579159,0.014134103265160217,-0.050803082745548296,0.0010709675206027453,0.041581202995705266,0.00917565433856964,0.02598173724726053,-0.014264833089111825,0.05269194930972581,0.059474556524128086,-0.034266124418290404,-0.016858323988207424,0.013831069595869718,-0.02087913118251079,-0.04629423606891819,0.0277441307307651,-0.043701563257158835,0.04366371387776832,0.064420120172194,-0.0038021551899094573,0.02827249674616661,-0.02985834780539942,0.013638044569313229,-0.025155755106474914,0.046645685333128274,-0.015272295627295915,0.027711996765527287,0.04100941188627873,0.009063968137518776,-0.014781527641574154,0.0033891637792108683,0.0016552554579338055
3.4735542781542716,0.6232747527189156,0.8771407297096053,8.0,110.0,124.0,114.0,94.0,74.0,7.0,60.0,8.0,15.0,10.0,6.0,134.0,113.0,129.0,117.0,119.0,127.0,73.0,125.0,108.0,119.0,113.0,117.0,0.2253968253968254,0.36666666666666664,0.40793650793650793,0.2769010043041607,0.3321377331420373,0.39096126255380204,0.014892032762472078,0.005956813104988831,0.008190618019359643,0.011913626209977662,0.01712583767684289,0.0193596425912137,0.0007446016381236039,0.00967982129560685,0.0022338049143708115,0.0037230081906180195,0.04690990320178704,0.008190618019359643,0.044676098287416234,0.004467609828741623,0.024571854058078928,0.022338049143708117,0.010424422933730455,0.0029784065524944155,0.008935219657483246,0.005956813104988831,0.0029784065524944155,0.02308265078183172,0.004467609828741623,0.03052866716306776,0.012658227848101266,0.0052122114668652275,0.040208488458674606,0.04393149664929263,0.0029784065524944155,0.0387192851824274,0.020104244229337303,0.010424422933730455,0.0975428145941921,0.0,0.05063291139240506,0.026061057334326135,0.04169769173492182,0.049143708116157855,0.06850335070737155,0.008935219657483246,0.040208488458674606,0.012658227848101266,0.008190618019359643,0.04616530156366344,0.004467609828741623,0.016381236038719285,0.0029784065524944155,0.007446016381236039,0.007446016381236039,0.0029784065524944155,1.0,-0.03124781763607854,0.02703912360848992,0.007014029206982279,0.011967516227840813,-0.015521721688327753,0.04706070540966884,0.005535291497893087,-0.00941697494400834,-0.0015039296505913666,0.009288745394566738,-0.017117055981856057,0.01689547030219862,-0.005148536349680407,0.004561628315889907,0.05206389909963227,-0.03862992789515981,-0.01463644634134375,-0.03207545280739128,0.03158515060032766,-0.019944981033417797,0.04337196300461756,-0.0023173470861031333,0.014517120261794853,9.455654949395031e-06,-0.023113653466809946,0.02142220426029219,-0.02654890069884182,-0.0017814070192214474,-0.0066914417568323305,-0.005812316105084281,0.008510102168913907,-0.016111183406437326,0.032393270597560926,-0.016107765819726835,0.024367838744942992,0.006440658954466062,-0.018006082897133874,0.02904464134900879,-0.01780179645829851,-0.001519997950296502,1.0,-0.03127110214996535,0.02612711781886982,0.008685852864175784,0.011796359873915984,-0.01529835434307576,0.045725284004340234,0.009043092072191849,-0.011419370227984891,-0.0029655135648291153,0.00845519554600103,-0.015282277543910403,0.013950185385023694,-0.004497358448482202,0.00446175758808105,0.054130886950878275,-0.03804090757896693,-0.018287371840495874,-0.03374107707352065,0.030828155532774418,-0.01440917665063486,0.03688660751486848,0.0028332855199613934,0.01554383243210138,0.0035439749441651615,-0.02961120287358057,0.023900389727919094,-0.030799235730856557,-0.0024783145772028564,-0.008425513198249862,-0.006963725079686875,0.014482711183958412,-0.014996988174184189,0.03436114329269754,-0.01880248722783361,0.025942108098909848,0.002151417823554369,-0.01516577066540345,0.02709652785080682,-0.014184635152727672,-0.0015054810745698491
3.5022083369856465,0.6142942936537479,0.8838421444527178,1.0,110.0,124.0,121.0,93.0,98.0,22.0,54.0,8.0,19.0,4.0,0.0,134.0,111.0,124.0,123.0,115.0,130.0,97.0,123.0,117.0,113.0,117.0,109.0,0.23394495412844038,0.36850152905198774,0.39755351681957185,0.27388535031847133,0.33121019108280253,0.39490445859872614,0.011913626209977662,0.008935219657483246,0.012658227848101266,0.01712583767684289,0.014147431124348473,0.011169024571854059,0.0014892032762472078,0.004467609828741623,0.006701414743112435,0.0029784065524944155,0.039463886820551006,0.011913626209977662,0.03201787043931496,0.0037230081906180195,0.02531645569620253,0.03052866716306776,0.014147431124348473,0.0022338049143708115,0.007446016381236039,0.0022338049143708115,0.0022338049143708115,0.02680565897244974,0.0022338049143708115,0.03052866716306776,0.01563663440059568,0.014147431124348473,0.024571854058078928,0.05286671630677588,0.0029784065524944155,0.039463886820551006,0.022338049143708117,0.01563663440059568,0.08935219657483247,0.0029784065524944155,0.06254653760238273,0.02308265078183172,0.045420699925539834,0.049143708116157855,0.058823529411764705,0.012658227848101266,0.040208488458674606,0.014892032762472078,0.0052122114668652275,0.045420699925539834,0.006701414743112435,0.011913626209977662,0.0014892032762472078,0.00967982129560685,0.00967982129560685,0.0007446016381236039,1.0,0.027260793401576656,0.04970319352053301,0.013956495838442537,-0.014824379848775446,-0.0090621485891265,0.031807067149121085,-0.010626147010444148,0.04635836817286574,-0.060609575119215685,0.023050751211948384,-0.023959552403559955,0.020904539251198586,-0.05874821252737803,0.04103851741964797,0.008282959684054679,-0.0015699509762896956,-0.03155863555124545,-0.03557019654827128,0.002683458781546002,0.018792311338971187,-0.021448848607772058,0.007288280537572117,-0.004775597661909212,-0.043455126110424,-0.026920344461715442,0.00944602253774946,-0.05658354842936004,-0.01747404896186046,0.02720374688932207,-0.009673248514811031,-0.007902045404523723,-0.02435187760670948,-0.03327329696579901,0.0448057893755094,0.037353839353686295,-0.003236730401158514,0.009899757348118222,-0.03622199150267303,0.02136935003228116,0.03850996000843326,1.0,0.027281106958507793,0.04906958374412425,0.01139361745813801,-0.018021495495684874,-0.00954273088177506,0.034019470764157,-0.011060362116056714,0.04407926706543867,-0.06393302745676618,0.023782329819477036,-0.02067107486838092,0.02258488516901219,-0.060624588707400964,0.04121178199723273,0.015072532160254608,-0.00847575872860634,-0.02921753695787165,-0.0418021997363744,0.018967831700669246,0.014280056416251711,-0.014798226076018828,-0.008127285367792317,0.0060063300462149345,-0.0447773678600765,-0.020878647975694182,0.00920558007331181,-0.05433339276486007,-0.01614261726659641,0.03401783705120155,-0.010399884184633544,-0.012959740536919128,-0.019797223922892095,-0.028391842494029738,0.045262883337517136,0.04182887019430831,-0.015461945610523772,-0.0004276616582090326,-0.032448696273473764,0.031091486617639566,0.03602857425401282
3.4832928877143132,0.6433280736567136,0.8860759493670886,0.0,111.0,120.0,103.0,90.0,74.0,43.0,38.0,20.0,16.0,1.0,7.0,134.0,110.0,123.0,118.0,121.0,123.0,110.0,123.0,109.0,109.0,111.0,110.0,0.1797752808988764,0.36757624398073835,0.45264847512038525,0.27123483226266953,0.3261955745895789,0.4025695931477516,0.014147431124348473,0.012658227848101266,0.01563663440059568,0.011913626209977662,0.020104244229337303,0.018615040953090096,0.0014892032762472078,0.008190618019359643,0.008190618019359643,0.0014892032762472078,0.040208488458674606,0.008935219657483246,0.035740878629932984,0.0052122114668652275,0.02084884586746091,0.03052866716306776,0.014892032762472078,0.0052122114668652275,0.011169024571854059,0.0052122114668652275,0.0014892032762472078,0.027550260610573342,0.0022338049143708115,0.028294862248696945,0.01340282948622487,0.008935219657483246,0.023827252419955324,0.02680565897244974,0.0029784065524944155,0.03648548026805659,0.023827252419955324,0.012658227848101266,0.12062546537602382,0.0007446016381236039,0.05361131794489948,0.02084884586746091,0.03052866716306776,0.05658972449739389,0.06478034251675353,0.00967982129560685,0.035740878629932984,0.016381236038719285,0.011169024571854059,0.045420699925539834,0.0029784065524944155,0.01563663440059568,0.0014892032762472078,0.008190618019359643,0.0052122114668652275,0.0014892032762472078,1.0,0.07723257092794206,0.00820626301324923,-0.015376540489344023,0.004694224653374777,0.041481895043808566,-0.0005247515342887451,0.025679226859720048,-0.021420078959640317,0.00893405672734996,0.030640179661535684,-0.019496259660600347,-0.01642967545573451,-0.009396882063219121,0.005252954129694964,0.00842422199199741,0.018216771955171053,0.03947935900721723,-0.0074621560318349186,0.06128067355694822,0.003444822896214033,0.002805306376353466,0.02082464832942922,0.0506404088775222,0.031329563166166995,0.002533624526644738,0.0037083128961984428,-0.013249105956679217,-0.0014201869266094371,-0.02601201432011264,0.01878912982487999,-0.022016328215635792,-0.02074294693988683,0.030303106210915757,-0.032869047601285464,0.008691283220551068,-0.02416786385248414,-0.029700765598820286,0.015671608406777268,0.010145283898790604,0.000492212946632397,1.0,0.07729012127885708,0.0022582293124703014,-0.016316834581151584,0.007174263196689786,0.04117021019918003,-0.007286992580317098,0.026252803568997576,-0.02437308682901156,0.011829575466115788,0.02896806015634541,-0.025273669443113714,-0.015292288999181341,-0.0036765445873614172,0.0038685588012116762,0.006475687643773154,0.01834244291592283,0.037519054155811485,-0.010787777096956622,0.06326849734021814,-0.006564744468488436,0.00145529626219792,0.020889648521339628,0.048616289479400956,0.01688614438294171,0.0014171789162611519,-0.00042659252449972035,-0.01327275964877075,-0.0014703211197230177,-0.03198927697794447,0.02468498780287736,-0.02429638245174344,-0.01897246510109679,0.03177220397605834,-0.0378319042968741,0.013033224771054607,-0.02552239260758461,-0.027604073069063817,0.01598364372041077,0.00817736212451344,-0.012801874422459125
3.472032852770954,0.627632498555807,0.8808637379002234,4.0,109.0,122.0,112.0,102.0,73.0,46.0,50.0,23.0,11.0,9.0,2.0,134.0,111.0,125.0,125.0,121.0,130.0,103.0,129.0,123.0,119.0,120.0,112.0,0.19155354449472098,0.3740573152337858,0.4343891402714932,0.2706611570247934,0.33608815426997246,0.39325068870523416,0.014147431124348473,0.005956813104988831,0.011913626209977662,0.00967982129560685,0.014147431124348473,0.010424422933730455,0.0014892032762472078,0.0029784065524944155,0.0052122114668652275,0.0022338049143708115,0.03350707371556218,0.011169024571854059,0.03276247207743857,0.0052122114668652275,0.011913626209977662,0.027550260610573342,0.021593447505584513,0.0014892032762472078,0.007446016381236039,0.0037230081906180195,0.0029784065524944155,0.03425167535368578,0.0029784065524944155,0.024571854058078928,0.01563663440059568,0.011169024571854059,0.03201787043931496,0.049143708116157855,0.004467609828741623,0.04393149664929263,0.017870439314966492,0.012658227848101266,0.10573343261355175,0.004467609828741623,0.05584512285927029,0.029039463886820552,0.045420699925539834,0.06552494415487714,0.06478034251675353,0.012658227848101266,0.03052866716306776,0.017870439314966492,0.008190618019359643,0.03201787043931496,0.0022338049143708115,0.01563663440059568,0.0022338049143708115,0.008190618019359643,0.011913626209977662,0.0014892032762472078,1.0,0.037592025928767286,0.051582493895181734,0.03634159628681309,0.0238426487459521,0.012688320737329803,-0.0029908959940921397,-0.03026118969447806,0.018809015987342238,-0.025115375640321465,-0.014029432782079465,-0.03637584056089041,-0.009605962675806677,-0.03924844709453978,-0.0023485758736967732,-0.011857320136187304,0.0010601883632878782,0.012763553720642576,0.033279372699375434,0.03390836880830742,0.039650971996315516,-0.03742619741999163,-0.05792889689961711,-0.0006285448414529966,0.04958668729717365,-0.01404675974865276,0.015333567494599193,-0.01656525680706822,0.007138956302067551,-0.020209202233874412,-0.02164330768955456,-0.05161317978014904,-0.02627477971932323,-0.030618518619486074,-0.0036365933958176946,-0.03346431384614161,0.00389532421737018,0.05035128492449063,-0.021076326413626084,-0.004771576571826237,-0.013122061101358183,1.0,0.037620037870592,0.05031536772325328,0.03281384236510017,0.01899483695830742,0.00784569037375001,-0.007034231340205289,-0.032724355362861265,0.020498782449877188,-0.023776807214953895,-0.01222473996845964,-0.03350498852037319,-0.004623525292475104,-0.03487420172717305,0.003502632234596635,-0.005260985262497463,0.003202638895343619,0.015288057628780004,0.032098627807502035,0.03157518222230562,0.0308963762572008,-0.04632834517574403,-0.06798375260200727,0.001857848531425328,0.056205042618335095,-0.011287029906512374,0.01475391988360673,-0.017182205122902854,0.003351320211419896,-0.018672599370324477,-0.014969635377899713,-0.0465504274149796,-0.02508121529765417,-0.021317019624937227,0.0012200063058179374,-0.02782243641298432,0.00554301398228578,0.05710231686151676,-0.03015269437651103,-0.004424518596998918,-0.014479353447048426
3.523937585539951,0.6450228152611377,0.8860759493670886,5.0,123.0,128.0,123.0,86.0,80.0,51.0,43.0,9.0,3.0,9.0,6.0,134.0,125.0,131.0,126.0,121.0,130.0,117.0,129.0,125.0,123.0,127.0,121.0,0.1921921921921922,0.33183183183183185,0.47597597597597596,0.26043737574552683,0.32803180914512925,0.4115308151093439,0.0193596425912137,0.007446016381236039,0.011913626209977662,0.010424422933730455,0.011913626209977662,0.01563663440059568,0.0029784065524944155,0.007446016381236039,0.007446016381236039,0.0022338049143708115,0.029039463886820552,0.011913626209977662,0.029039463886820552,0.004467609828741623,0.02531645569620253,0.024571854058078928,0.0193596425912137,0.005956813104988831,0.010424422933730455,0.0037230081906180195,0.0014892032762472078,0.03127326880119136,0.0037230081906180195,0.03276247207743857,0.017870439314966492,0.016381236038719285,0.03425167535368578,0.03052866716306776,0.0029784065524944155,0.027550260610573342,0.02680565897244974,0.01340282948622487,0.09903201787043932,0.0022338049143708115,0.05658972449739389,0.03052866716306776,0.039463886820551006,0.054355919583023084,0.06924795234549516,0.006701414743112435,0.034996276991809384,0.020104244229337303,0.010424422933730455,0.04244229337304542,0.0022338049143708115,0.011913626209977662,0.0052122114668652275,0.0052122114668652275,0.008190618019359643,0.0014892032762472078,1.0,-0.02119661081356018,-0.019882535161408095,0.030084060502421867,-0.0016327099440125229,0.0022475885213927693,-0.011252619602808545,0.028050963177360385,0.017424238282003568,0.04765524473645534,0.02541580919960135,-0.032062663528599024,-0.02601451049287703,0.024779444737754706,-0.014587152584695257,-0.03094787829667167,0.009560704530384498,-0.02924766738104777,-0.025185624906953856,0.010886026765640282,-0.03905253726619761,0.0055794554302539155,-0.031017288229646958,0.01425804194390259,-0.0013432967132990924,-0.0133953697353479,0.01249482578675155,0.01671951523044058,0.052861260280743255,0.001869402833963311,-0.01695189698685848,0.023156067260128244,0.03167239931114331,0.009418040648179398,0.028815748433737604,0.03317805369973571,0.018390563338577866,-0.04335111760008049,0.009771156651709646,-0.03428356185434202,-0.02000813002104184,1.0,-0.021212405605522615,-0.02037132101418897,0.029313647752867628,-0.0007755064762938906,0.003389880414943779,-0.01213675257871556,0.02794032549344384,0.01811487389943812,0.05068552675907029,0.02685614846214804,-0.03024297566569577,-0.03000711892798432,0.02178861725170779,-0.013517082924448582,-0.029669534203336376,0.0038968197107091276,-0.033776815188058806,-0.027658809664054845,0.009167986537071302,-0.03663020521335634,0.009321060218351244,-0.032885454032436826,0.014499860162410557,0.0027786897820712944,-0.006581909529175933,0.01070270064188889,0.023389150836037983,0.057029954709405146,0.005523145323491932,-0.014471717498043336,0.021308780649857265,0.02960015672391917,0.01172341731222182,0.02882567794642782,0.028601926259372943,0.014294220318631347,-0.0539914605125077,0.0054954892946947435,-0.03743540846830876,-0.023613203999232
3.521306813260503,0.6435497665751133,0.8875651526433358,4.0,111.0,126.0,99.0,91.0,57.0,26.0,54.0,5.0,16.0,23.0,0.0,134.0,113.0,131.0,122.0,121.0,130.0,105.0,127.0,113.0,119.0,121.0,105.0,0.18790849673202614,0.34477124183006536,0.4673202614379085,0.27133934767522555,0.3296321998612075,0.39902845246356694,0.017870439314966492,0.008935219657483246,0.01712583767684289,0.014892032762472078,0.011913626209977662,0.017870439314966492,0.0007446016381236039,0.01340282948622487,0.0037230081906180195,0.004467609828741623,0.03276247207743857,0.01340282948622487,0.029784065524944156,0.006701414743112435,0.014147431124348473,0.018615040953090096,0.014892032762472078,0.0037230081906180195,0.011913626209977662,0.0037230081906180195,0.0007446016381236039,0.024571854058078928,0.0037230081906180195,0.024571854058078928,0.01340282948622487,0.011913626209977662,0.03276247207743857,0.05584512285927029,0.008190618019359643,0.0379746835443038,0.027550260610573342,0.014147431124348473,0.10201042442293373,0.004467609828741623,0.055100521221146684,0.023827252419955324,0.028294862248696945,0.05212211466865227,0.07073715562174236,0.00967982129560685,0.029784065524944156,0.01563663440059568,0.007446016381236039,0.04690990320178704,0.004467609828741623,0.014147431124348473,0.0029784065524944155,0.008190618019359643,0.005956813104988831,0.0022338049143708115,1.0,-0.0019228317127390115,0.0005568800193971485,-0.001914237845104209,0.005672051600412607,-0.030157430179522448,0.02441229266327548,-0.01847097125365967,0.022450866016444738,-0.008825393782370712,0.024187311125168847,-0.0032749412285238253,-0.012041417690129392,-0.04539003383019894,0.03240877195324738,0.011127541582661644,-0.022723085149459372,-0.008525943589550994,0.04863502592373594,-0.03450142797460252,0.015616309609749166,0.013792882779491589,0.04653770116452102,0.0475349865408625,-0.004283895538557908,-0.002802402673949195,-0.0003777712488530582,-0.029001636657991547,-0.00907510959104996,-0.01685233277696185,-0.04373938135317726,0.007068775310220743,0.005373136460313045,0.04615865801271868,-0.05440746638766934,0.021581067260457536,0.01338579431392632,0.04359726111433833,0.022123050102782725,0.006896677073010314,0.020862592743063152,1.0,-0.0019242645232552052,0.0005540098212247126,-0.0019163924868738705,0.005681357156141029,-0.03024741675360812,0.024424766858619232,-0.018476110351216834,0.022431209005016682,-0.008453160249068423,0.023189049473449377,-0.0015761991184366168,-0.014121655232369782,-0.043581595838896786,0.03066446148809068,0.01389982495367474,-0.02511988796705985,-0.007636411728881656,0.04615799838423504,-0.031440265497066966,0.013737385759650578,0.015290794937709608,0.04699799669343647,0.05318799768594862,-0.009734247837831842,-0.0005173769612021633,-0.00360189808158537,-0.022330201072145395,-0.012307371143702275,-0.020413086352347256,-0.04400801434346965,0.009496710069022795,-0.0029880563295104955,0.048607705158214456,-0.05237147861655888,0.025619991714662286,0.015175370460574064,0.04495469802204491,0.0272708865188347,0.004079452322649281,0.024115369025808606
3.469166234903283,0.6279544947506192,0.8816083395383469,18.0,108.0,124.0,120.0,88.0,101.0,28.0,32.0,9.0,15.0,3.0,0.0,134.0,109.0,126.0,125.0,121.0,129.0,89.0,127.0,114.0,123.0,123.0,105.0,0.23374613003095976,0.3591331269349845,0.4071207430340557,0.2736842105263158,0.3389473684210526,0.3873684210526316,0.00967982129560685,0.011169024571854059,0.011913626209977662,0.012658227848101266,0.014147431124348473,0.014147431124348473,0.0029784065524944155,0.004467609828741623,0.0014892032762472078,0.004467609828741623,0.0387192851824274,0.011169024571854059,0.03052866716306776,0.00967982129560685,0.0193596425912137,0.02084884586746091,0.018615040953090096,0.0014892032762472078,0.008190618019359643,0.007446016381236039,0.0029784065524944155,0.029784065524944156,0.0029784065524944155,0.03276247207743857,0.01563663440059568,0.008935219657483246,0.039463886820551006,0.04244229337304542,0.0037230081906180195,0.04988830975428146,0.026061057334326135,0.006701414743112435,0.114668652271035,0.0014892032762472078,0.05286671630677588,0.02308265078183172,0.03425167535368578,0.06031273268801191,0.06329113924050633,0.008935219657483246,0.021593447505584513,0.01563663440059568,0.008190618019359643,0.04095309009679821,0.004467609828741623,0.01712583767684289,0.0014892032762472078,0.011169024571854059,0.0052122114668652275,0.0007446016381236039,1.0,-0.005433049562283308,0.005565624090836235,-0.023933342246706738,-0.030076141456053633,-0.03542074243493727,-0.00902034597900079,-0.011945123632889614,-0.016984539423797563,-0.020325537926680796,-0.027798916946664965,-0.00016556536456556473,-0.0123249937461808,0.007716554960218169,-0.019286211928094703,0.0020469576698267954,0.02657173648868935,0.024986995351360865,-0.0012876729130820376,0.05860335083776664,0.006845688736593162,-0.03512485039460807,-0.039549173907289244,0.0025726865127791458,-0.012125112678892882,-0.03350265867958461,-0.008339548985573207,0.008839191649923344,-0.024329079796741104,-0.0017231962684570376,-0.0326685709374792,0.00352918572737902,-0.029495335403363066,0.007395886151326328,0.03736356043859992,-0.0058210204069181195,0.05190299531125236,-0.016713425429679928,0.06776318237416433,0.018866364109954934,-0.013605300962714255,1.0,-0.005437098034386348,0.005544526670362987,-0.023928083210743252,-0.03047206818277652,-0.03568746595048039,-0.00979430491842675,-0.013273470522191376,-0.019882579566999292,-0.023344773449037726,-0.03080419428070537,-0.002902598865125219,-0.015610871137405974,0.0030906782277919254,-0.02353239009159142,-0.0022798829708738696,0.02486586984546734,0.022473591575212254,-0.003936620427022832,0.057777132476007444,0.009335330128692247,-0.03377572738528465,-0.03735760190409442,0.006779594117800574,-0.008938018633909582,-0.03523736497346207,-0.01055280440134432,0.009408583992557222,-0.02586121474953272,-0.004162813342769031,-0.038067704333250796,-0.0004114989353883783,-0.03669234542987773,0.0015328131282233953,0.03327973415673117,-0.016260326928945947,0.044926634124705586,-0.016752270420379727,0.06948492812467906,0.022641676953706006,-0.01178207727357992
3.4867009433684912,0.6272025578616844,0.8897989575577067,14.0,111.0,126.0,121.0,93.0,90.0,15.0,22.0,17.0,9.0,10.0,0.0,134.0,111.0,129.0,125.0,118.0,128.0,111.0,125.0,116.0,125.0,123.0,111.0,0.20063694267515925,0.3821656050955414,0.4171974522292994,0.2657967032967033,0.3324175824175824,0.4017857142857143,0.02084884586746091,0.010424422933730455,0.01340282948622487,0.00967982129560685,0.008190618019359643,0.01712583767684289,0.0014892032762472078,0.012658227848101266,0.007446016381236039,0.0022338049143708115,0.0387192851824274,0.014147431124348473,0.039463886820551006,0.007446016381236039,0.01712583767684289,0.023827252419955324,0.01340282948622487,0.0029784065524944155,0.01340282948622487,0.0037230081906180195,0.0022338049143708115,0.0193596425912137,0.0014892032762472078,0.022338049143708117,0.011169024571854059,0.012658227848101266,0.029784065524944156,0.05361131794489948,0.005956813104988831,0.03723008190618019,0.02531645569620253,0.008935219657483246,0.10871183916604617,0.0014892032762472078,0.05063291139240506,0.023827252419955324,0.03350707371556218,0.06478034251675353,0.06105733432613552,0.008190618019359643,0.03127326880119136,0.02308265078183172,0.005956813104988831,0.04244229337304542,0.0029784065524944155,0.016381236038719285,0.0014892032762472078,0.008190618019359643,0.006701414743112435,0.0014892032762472078,1.0,0.03901681905156489,0.05309058057368657,0.030986990573579364,-0.03668741243896977,0.01193258274873136,-0.01435143041180711,0.024930277650487276,0.05155773198163487,-0.03892963661915423,-0.0101300610459117,0.006670691903847617,-0.045461347220972566,-0.0054021044870191616,-0.021047776601950622,-0.002586042482022095,0.05130099110000297,-0.017147210712079995,0.01573472359676,0.03913620058397543,0.0056319564010092315,-0.01895603293135002,-0.008553471239726846,-0.06563265990151033,-0.0030802428248168146,-0.06440015215555983,-0.022884646944850998,0.015436995224113095,-0.05219872687016161,0.02353359563956964,0.037420078454065246,0.003900547662118209,0.04236206762754012,0.03039705777772974,-0.05483824845452294,-0.029154227547220534,-0.02517968788996635,0.061027833708768194,-0.004196576673476425,-0.033241180447297486,0.02420858844031939,1.0,0.0390458926872218,0.05172403694247696,0.027182127609668743,-0.04186771532509662,0.011878220753947906,-0.012098140627228762,0.027323010263579296,0.04942295242687067,-0.04438719721185961,-0.015400411199634527,0.011545424047230047,-0.039958003129617344,-0.005933239524002732,-0.01625358075726682,-0.0011323378427851194,0.05097219505142511,-0.014642236382908957,0.008283619657067118,0.03860237494628122,0.010864896417983334,-0.029107440730788716,-0.006911103822284203,-0.06686963670486214,-0.0020917393995350925,-0.05469975294154409,-0.02062479514050461,0.014074986568193277,-0.04077277641026872,0.02522210782297446,0.04684753765742825,0.00903061658406453,0.0325090012804879,0.037051223682006855,-0.06902722311492336,-0.04326829637254523,-0.012820604103180358,0.05981574698970783,-0.017555175926078963,-0.03512459329019517,0.014560603764614254
3.503622441958201,0.6303305685372733,0.8830975428145942,5.0,115.0,116.0,119.0,95.0,85.0,26.0,35.0,25.0,7.0,3.0,6.0,134.0,117.0,119.0,124.0,115.0,121.0,99.0,123.0,121.0,114.0,113.0,115.0,0.19623233908948196,0.38618524332810045,0.4175824175824176,0.26713780918727914,0.334982332155477,0.3978798586572438,0.0193596425912137,0.0052122114668652275,0.012658227848101266,0.014892032762472078,0.011913626209977662,0.016381236038719285,0.0,0.008935219657483246,0.0052122114668652275,0.0022338049143708115,0.03648548026805659,0.011169024571854059,0.03276247207743857,0.006701414743112435,0.021593447505584513,0.03052866716306776,0.01340282948622487,0.006701414743112435,0.012658227848101266,0.0052122114668652275,0.0029784065524944155,0.026061057334326135,0.0029784065524944155,0.02531645569620253,0.014147431124348473,0.017870439314966492,0.0193596425912137,0.04393149664929263,0.0052122114668652275,0.03276247207743857,0.02084884586746091,0.01563663440059568,0.10126582278481013,0.0014892032762472078,0.055100521221146684,0.026061057334326135,0.04318689501116903,0.05658972449739389,0.06850335070737155,0.005956813104988831,0.03350707371556218,0.02308265078183172,0.008935219657483246,0.04318689501116903,0.0029784065524944155,0.012658227848101266,0.0007446016381236039,0.008190618019359643,0.005956813104988831,0.0014892032762472078,1.0,-0.025170192713793223,0.02158527398050249,-0.031069500450756536,0.03577667459409405,-0.006615903779025429,-0.036051947378463345,-0.024840589074644603,0.011397210422356953,0.009678791157759086,-0.002911237929979637,-0.020539336243006783,-0.041261088260445784,0.006449710997538497,0.04183533882465187,-0.0016136111022876211,0.03460350892781496,0.01429753180913463,-0.01128272181996598,-0.0012268855658334325,0.050859409402949925,-0.006029111511443237,0.0020893600045754266,-0.07496733693203346,0.028189420546576985,0.0038747248288502137,0.011527241455631478,0.012750844659265305,-0.01077917714428126,0.032543973957463,0.016249489069053488,0.030406055727898236,0.020597478595183044,-0.05705140527992654,0.0228195085851062,-0.0059651712137961475,0.011885259915120603,0.031476849412469234,0.012030537314919298,-0.033172699501580735,0.041708230506591976,1.0,-0.025188948446068758,0.02099630546051822,-0.030109464984238426,0.03400643791116225,-0.003727798520307899,-0.03892340045742055,-0.02449206232224967,0.01036466725314096,0.009434217359405047,-0.0018292044526871285,-0.019370485997457297,-0.04462408023692528,0.002754209080202402,0.04402743914688334,0.0003894175204601835,0.03653914519957906,0.016138817916993176,-0.01984521922464611,-0.0012356130306306675,0.05630026965866525,-0.002322112160591394,0.0017516390582040463,-0.07364771397750577,0.01822837599710035,0.01019095839339027,0.015433895647398421,0.023744379649946516,-0.013078793592061225,0.026043308717150913,0.013034127548298956,0.03438241682846524,0.032791677606457695,-0.06269856525072653,0.013167146250178981,-0.007328477442055516,0.00900997929316163,0.049613281763988,0.015059383152329527,-0.035032229901064194,0.036784173340655056
3.487578975276326,0.6094171335002481,0.8830975428145942,25.0,93.0,125.0,92.0,81.0,88.0,8.0,57.0,26.0,16.0,14.0,13.0,134.0,106.0,131.0,121.0,121.0,128.0,61.0,129.0,111.0,117.0,117.0,93.0,0.2664576802507837,0.33699059561128525,0.39655172413793105,0.2856099342585829,0.34331628926223523,0.3710737764791819,0.008935219657483246,0.005956813104988831,0.010424422933730455,0.020104244229337303,0.014892032762472078,0.012658227848101266,0.0029784065524944155,0.004467609828741623,0.0029784065524944155,0.0037230081906180195,0.03276247207743857,0.010424422933730455,0.0379746835443038,0.007446016381236039,0.02084884586746091,0.0193596425912137,0.020104244229337303,0.0022338049143708115,0.00967982129560685,0.004467609828741623,0.005956813104988831,0.028294862248696945,0.0037230081906180195,0.027550260610573342,0.01340282948622487,0.01340282948622487,0.034996276991809384,0.045420699925539834,0.005956813104988831,0.04095309009679821,0.018615040953090096,0.005956813104988831,0.10349962769918093,0.0029784065524944155,0.06105733432613552,0.023827252419955324,0.04616530156366344,0.06105733432613552,0.06329113924050633,0.005956813104988831,0.029784065524944156,0.018615040953090096,0.00967982129560685,0.04169769173492182,0.0022338049143708115,0.011913626209977662,0.004467609828741623,0.008190618019359643,0.007446016381236039,0.0014892032762472078,1.0,0.044836387935822404,-0.030133037751972756,-0.003444979180760277,0.004188812155624058,0.007077991769692375,-0.003031994254858661,-0.01933016212681332,0.003330930417501686,-0.00987834686187739,-0.00021796317654683038,-0.03249361554053538,0.030002553557765738,-0.02629129509759034,-0.039161973753649305,-0.002744216209367049,0.04185616189194923,0.019583001635947804,0.027675592386883215,0.04622621139229306,0.04965183691057513,0.016272058600977506,-0.0018305646934911866,0.016541940961444047,-0.000688946084148523,-0.038589582023289055,0.03317266406988978,0.049746961129747316,0.016687976538507208,-0.002886824328567548,-0.006549605397513922,-0.003027178166787088,0.030352701863114166,-0.022473877856392734,-0.03740735345417217,0.0351921604180193,0.016078592752613103,-0.04155073308638099,0.0198124357702711,-0.0015304680345917462,-0.001996146612943114,1.0,0.04486979806096088,-0.03225621908150884,-0.000609464352696504,0.003426404748005425,0.0066424591486302365,-0.003456037410385525,-0.018747775810990186,0.0049445575870798696,-0.011613657125651143,0.0009370511799204704,-0.03338905281038074,0.033690608637055114,-0.03188591840790987,-0.035337601474784514,-0.0006364237188819519,0.04017977710625719,0.015514463075592242,0.028495902965321188,0.04796555949185563,0.045951551749396004,0.014468849022276,-0.0017575091143572138,0.021144026956623065,-0.005830135986571857,-0.038076611766010016,0.040722467176865965,0.04874001410365589,0.012841084582631073,0.002886615494223458,0.0017964764824685883,-0.0005720897091873695,0.03055452760552807,-0.02113034722951031,-0.030697021780025414,0.03495075936145015,0.0038733057700797175,-0.04255228898666605,0.019745675790526628,-0.014089796435415478,-0.0027380348745527565
3.463843629624714,0.6397231167382144,0.885331347728965,2.0,98.0,119.0,114.0,81.0,56.0,23.0,8.0,34.0,3.0,6.0,14.0,134.0,101.0,126.0,118.0,110.0,124.0,97.0,114.0,101.0,99.0,104.0,97.0,0.11827956989247312,0.4157706093189964,0.4659498207885305,0.2807547169811321,0.3230188679245283,0.39622641509433965,0.01340282948622487,0.008935219657483246,0.011169024571854059,0.014892032762472078,0.014892032762472078,0.007446016381236039,0.0,0.007446016381236039,0.004467609828741623,0.0007446016381236039,0.045420699925539834,0.008190618019359643,0.027550260610573342,0.0052122114668652275,0.021593447505584513,0.02308265078183172,0.012658227848101266,0.0029784065524944155,0.007446016381236039,0.005956813104988831,0.0037230081906180195,0.02308265078183172,0.0037230081906180195,0.03276247207743857,0.007446016381236039,0.008935219657483246,0.023827252419955324,0.03425167535368578,0.0022338049143708115,0.03425167535368578,0.02308265078183172,0.011913626209977662,0.10722263588979895,0.007446016381236039,0.04988830975428146,0.03127326880119136,0.044676098287416234,0.06254653760238273,0.06701414743112435,0.011169024571854059,0.04690990320178704,0.02084884586746091,0.008190618019359643,0.05212211466865227,0.0022338049143708115,0.01340282948622487,0.0029784065524944155,0.010424422933730455,0.007446016381236039,0.0014892032762472078,1.0,0.054814656513644304,0.047522595951357924,0.016853072832078007,0.08590767177512508,0.006834513432069868,0.04285074081278982,0.03821886974614818,0.01562427839880308,0.014670261101906345,0.02814171753460628,0.02238698691352287,0.02889091351225564,0.04759462271968675,0.054167200043212904,0.0556953241961284,0.06934017849814016,0.017785797936206365,0.028073672926095326,0.04176981729388986,0.0947128161257452,0.06289015052030521,0.023544616574505812,0.03525614233885144,0.044086013567076004,0.021669470265563432,0.018763284309888995,-0.02268054740610564,0.04439712183922472,0.023023320001366233,0.04579385259531407,0.0071100955527441416,0.05313389569221314,0.04369909210823333,0.021649163812535305,0.04376946667425757,0.050701841814124675,0.03448508880714675,0.045659640425577554,0.0009541165789179386,0.025514439192502836,1.0,0.05485550201030126,0.0447189110478758,0.0120037654888159,0.08295831364612635,-0.0031611953207489165,0.03572034527286411,0.03263699745433865,0.001844202923656806,0.01022910589256682,0.019592676621590546,0.013435021734104371,0.02284552017292732,0.0398103060727927,0.04335690681259474,0.04471386314660364,0.056054686611124095,-0.0014330062187743395,0.012474558809064687,0.02742889645129302,0.07709274422637415,0.04734074648065676,0.0016731962085498886,0.01923190437435821,0.024124518965268113,0.0023837265734154905,0.0011882098464034616,-0.04544512128184883,0.030613454574539296,0.008283733690936964,0.027159568094037922,-0.0062862860476168994,0.03339229858575916,0.028365922749175158,-0.006308998422171901,0.022551481741563826,0.022028690529442983,0.012918250365882135,0.03097764148048703,-0.026519790716001104,0.0040002675223564845
3.4761860456048055,0.6271560236308436,0.8816083395383469,2.0,105.0,119.0,121.0,91.0,84.0,43.0,24.0,17.0,14.0,7.0,2.0,134.0,113.0,127.0,124.0,113.0,128.0,95.0,125.0,115.0,113.0,125.0,107.0,0.17488076311605724,0.3863275039745628,0.43879173290937995,0.2727272727272727,0.3276955602536998,0.39957716701902746,0.014892032762472078,0.007446016381236039,0.014892032762472078,0.01340282948622487,0.016381236038719285,0.01340282948622487,0.0029784065524944155,0.005956813104988831,0.008935219657483246,0.0022338049143708115,0.034996276991809384,0.011169024571854059,0.03425167535368578,0.0037230081906180195,0.02308265078183172,0.023827252419955324,0.010424422933730455,0.0029784065524944155,0.005956813104988831,0.0037230081906180195,0.0052122114668652275,0.026061057334326135,0.0014892032762472078,0.020104244229337303,0.008190618019359643,0.01340282948622487,0.029784065524944156,0.03723008190618019,0.0052122114668652275,0.0387192851824274,0.02308265078183172,0.01340282948622487,0.11094564408041697,0.0022338049143708115,0.06254653760238273,0.02531645569620253,0.04244229337304542,0.06478034251675353,0.06701414743112435,0.008935219657483246,0.03723008190618019,0.01563663440059568,0.006701414743112435,0.039463886820551006,0.0022338049143708115,0.01563663440059568,0.004467609828741623,0.008190618019359643,0.008190618019359643,0.0014892032762472078,1.0,0.00677110817238154,-0.003452308566116194,0.015054524357918726,-0.030257707921448593,0.011431772954108533,-0.017154833632256485,0.016917009285791977,0.027227152771668952,0.037300494164316265,-0.020488006879917593,-0.008142137658458438,-0.01526974061250538,0.030583376853304565,-0.04074744686683395,0.014913182131670937,-0.07563544345992923,0.02489054637064101,0.03896508841043654,0.005680022169770174,0.030879382256061093,-0.011436100393136776,-0.01989034720633612,-0.017993417972724274,0.0005670351407945264,0.012668062113165637,0.03146465511828451,-0.030292752904587536,0.029334545496272995,-0.03322979300911344,0.007642866692010158,-0.0025776774823410916,0.0020993646885189452,-0.009240965465168454,0.03177523475447938,0.02794770606196075,-0.020584791575690244,0.05617808975440088,0.0645779538928487,-0.007258604399665478,0.006198127709765282,1.0,0.006776153707532351,-0.003503534551306291,0.01513636014183784,-0.03057531475098153,0.012027526580035731,-0.01788254777164575,0.0183260722795948,0.025722978090259186,0.03865346877049434,-0.02282845105068223,-0.0069361633772745115,-0.01591281534403878,0.03425748327604405,-0.04344854216891373,0.017295616251624388,-0.08272527548985639,0.030029016252089227,0.03337745436634019,0.014791420138471493,0.02319447865604819,-0.008334150554739,-0.02377107310324759,-0.011477581005443417,0.003909151121191723,0.017692756761318693,0.022146389345868288,-0.03376399631410967,0.025274282237217432,-0.028795445240033895,0.008762291129503271,-0.0016648579956550773,0.0029703150473265223,-0.015880007491664766,0.04210968699406266,0.02398024109585534,-0.013980299003605865,0.05095370208991578,0.06671867927311156,-0.012627617498429701,0.012909160270655395
3.470293570657221,0.6507133966229461,0.8823529411764706,27.0,109.0,123.0,115.0,87.0,84.0,30.0,42.0,9.0,11.0,6.0,3.0,134.0,108.0,127.0,119.0,114.0,129.0,99.0,127.0,108.0,110.0,113.0,105.0,0.23684210526315788,0.34365325077399383,0.4195046439628483,0.2799712849964106,0.3237616654702082,0.3962670495333812,0.016381236038719285,0.0052122114668652275,0.011913626209977662,0.014892032762472078,0.010424422933730455,0.012658227848101266,0.0014892032762472078,0.008935219657483246,0.004467609828741623,0.0029784065524944155,0.03723008190618019,0.01340282948622487,0.026061057334326135,0.006701414743112435,0.018615040953090096,0.028294862248696945,0.011169024571854059,0.0029784065524944155,0.010424422933730455,0.004467609828741623,0.0022338049143708115,0.029784065524944156,0.0029784065524944155,0.026061057334326135,0.01340282948622487,0.008190618019359643,0.029039463886820552,0.045420699925539834,0.007446016381236039,0.03052866716306776,0.03052866716306776,0.010424422933730455,0.10647803425167536,0.0022338049143708115,0.06552494415487714,0.0193596425912137,0.039463886820551006,0.06105733432613552,0.06775874906924795,0.011169024571854059,0.03127326880119136,0.020104244229337303,0.0052122114668652275,0.04839910647803425,0.0022338049143708115,0.01712583767684289,0.0014892032762472078,0.00967982129560685,0.005956813104988831,0.0007446016381236039,1.0,0.0019471567846166247,0.014871405976518055,-0.02434500601833551,0.03180362017838341,-0.011516496253901592,0.03682305446286883,0.04564200654972668,-0.02172860653066525,-0.005404055965842233,0.053378355551131774,0.061926268280509074,0.034226175056438275,0.032948321287511566,-0.02498119378985999,-0.03573476016618206,0.022205560549776827,0.06523574173994819,0.02921919374196114,0.011096234952751985,0.030004029557333743,0.024916452033054624,0.0022341539323813726,-0.022643364744305925,0.05958876532317016,0.018839041642278516,-0.025188806643410885,-0.02752100637157116,0.0021888945324721456,-0.01635555887118644,-0.023347426546306657,0.04877552072181127,0.007347037916088662,0.0021230595626447785,-0.005144905053497474,0.027765503825440956,0.04826819012237379,-0.006633399950404642,0.005448588807244858,-0.025110675764369914,-0.008428302734664245,1.0,0.0019486077211178262,0.014889845018682103,-0.024462630270481792,0.03180575853475331,-0.011021121286669057,0.03559719913990119,0.04765584513973452,-0.02482598417172822,-0.004132267258898659,0.05464054095235331,0.05942438170787711,0.03415815892786187,0.031005901350464007,-0.02738497576591699,-0.035696688844091926,0.020700997131212852,0.056233953463154324,0.02492648045390697,0.01035640711628826,0.028934495051057177,0.02383874093773387,-0.0040661850458127554,-0.03805596403731649,0.052644749469968465,0.02552500223473042,-0.026613465258898267,-0.03339484047542454,-0.011056339447862967,-0.025606067386523663,-0.035060723988620965,0.04132726122812313,0.009862901038345528,0.0056784804101288186,-0.007146157798683126,0.018678585709485683,0.05228800758592008,-0.015159756393556616,0.0003837153598387721,-0.012094763808402034,-0.003414461815736071
3.5364777358950334,0.6423741091888608,0.8816083395383469,0.0,107.0,123.0,107.0,88.0,42.0,21.0,19.0,9.0,6.0,4.0,0.0,134.0,107.0,129.0,116.0,123.0,121.0,107.0,123.0,107.0,107.0,107.0,106.0,0.11596958174904944,0.39923954372623577,0.4847908745247148,0.2725306416726748,0.32660418168709443,0.4008651766402307,0.016381236038719285,0.007446016381236039,0.014147431124348473,0.011913626209977662,0.022338049143708117,0.01340282948622487,0.0014892032762472078,0.00967982129560685,0.006701414743112435,0.004467609828741623,0.03723008190618019,0.00967982129560685,0.03052866716306776,0.0052122114668652275,0.020104244229337303,0.027550260610573342,0.011913626209977662,0.0037230081906180195,0.005956813104988831,0.006701414743112435,0.0037230081906180195,0.0193596425912137,0.0037230081906180195,0.023827252419955324,0.01563663440059568,0.014147431124348473,0.022338049143708117,0.03648548026805659,0.007446016381236039,0.03425167535368578,0.03127326880119136,0.01340282948622487,0.09456440804169769,0.0014892032762472078,0.045420699925539834,0.026061057334326135,0.029784065524944156,0.0573343261355175,0.07520476545048399,0.01340282948622487,0.04318689501116903,0.017870439314966492,0.00967982129560685,0.05212211466865227,0.006701414743112435,0.01563663440059568,0.0029784065524944155,0.010424422933730455,0.0052122114668652275,0.0007446016381236039,1.0,-0.005553729439657061,0.023763495755272014,0.02943502612054128,0.0010090305506670488,0.03533846372014256,0.040376467323100934,-0.006133157407325406,0.023500604423318035,0.028691207708107232,0.02004262974347461,0.03908465853150262,0.008144056020315534,-0.0008988322663137456,0.007424712777548416,0.023147415053955282,-0.02101471412521663,0.02472114845658913,-0.012215283752446052,0.009951977449659035,0.02101143298530487,0.02944222862278659,0.031300127414932315,-0.014275986334665822,0.04066800860843068,0.01887409044400813,0.027146164272750555,0.04074652922087173,-0.008611018249220014,0.008354475789615658,0.010309421630533404,0.005691470626115125,0.04795177908741202,-0.0038187933663993965,0.036475858866381626,0.04601453272886377,-0.022767389694745146,0.005110228694918337,-0.07483346481012122,-0.0006104387412245527,-0.006215185905119254,1.0,-0.005557867837153087,0.023768781530805125,0.029779900279184972,0.000790158326374446,0.03411747657460159,0.04017130494200248,-0.007325863812078361,0.019743792109900318,0.027285021524652585,0.0188335965823839,0.034657597942071,0.005353089763594059,-0.004401617692827076,0.0015862146800116608,0.02022209140524162,-0.02517573479999509,0.019409859794899738,-0.013618265240709181,0.00760854476890682,0.01645701107847791,0.029081503195243757,0.030274783442914063,-0.019001448318251287,0.039380456066825206,0.01639099934581909,0.023053570942976522,0.03678574036998121,-0.012643960660092659,0.0027848686200023162,0.0007736904116013842,0.0015004427101151822,0.03960796664530356,-0.008434012834328765,0.03324321195944814,0.039717553426344795,-0.02971644265394504,-0.004213283050037086,-0.08417678236568661,-0.004956494422518981,-0.00932592950325226
3.5088590060577953,0.6319189647604828,0.8801191362620998,2.0,106.0,123.0,105.0,103.0,88.0,32.0,46.0,21.0,1.0,3.0,1.0,134.0,107.0,129.0,117.0,116.0,122.0,107.0,116.0,109.0,108.0,111.0,108.0,0.21553090332805072,0.36450079239302696,0.41996830427892234,0.26878612716763006,0.32514450867052025,0.4060693641618497,0.012658227848101266,0.0052122114668652275,0.01563663440059568,0.020104244229337303,0.011913626209977662,0.016381236038719285,0.0037230081906180195,0.00967982129560685,0.0052122114668652275,0.0037230081906180195,0.0379746835443038,0.011913626209977662,0.04169769173492182,0.0014892032762472078,0.02680565897244974,0.024571854058078928,0.020104244229337303,0.004467609828741623,0.006701414743112435,0.004467609828741623,0.0037230081906180195,0.022338049143708117,0.0014892032762472078,0.027550260610573342,0.014147431124348473,0.011169024571854059,0.029039463886820552,0.03648548026805659,0.0022338049143708115,0.03127326880119136,0.027550260610573342,0.011169024571854059,0.09084139985107967,0.0022338049143708115,0.04839910647803425,0.024571854058078928,0.03350707371556218,0.06329113924050633,0.07222635889798958,0.014892032762472078,0.044676098287416234,0.01712583767684289,0.008935219657483246,0.04169769173492182,0.0029784065524944155,0.016381236038719285,0.0007446016381236039,0.004467609828741623,0.007446016381236039,0.0029784065524944155,1.0,0.0018986595475425827,0.0005519426857243604,-0.02803359212458353,0.03863886172907391,0.02961464719202784,0.031084429895494457,0.022292178885275397,0.03341896517970773,0.014243865937012549,-0.002707397480945773,-0.011963965541338276,-0.02778064177163105,0.0032807089276850623,-0.053205278747163284,0.019418699528672864,-0.015667850247576862,0.04066933494897452,0.028129994469683037,0.0637557800301361,-0.005385038809543656,0.01840336575332683,0.05641658194715082,0.012500749625669747,0.008116443007535027,-0.0009934427052262823,0.0015267141315058253,0.015759918747089863,-0.00904217542602891,0.043583916398108755,-0.0007776848554986985,-0.020072070645546218,-0.0009499395125534089,0.005259564025001674,-0.03520421410477497,0.02341476214555311,-0.017213466456862957,-0.061105279067337835,0.016425356015432043,0.018814002533307356,-0.028907017096953553,1.0,0.001900074346013201,0.0005491575665572845,-0.02809855697515867,0.03889199180733602,0.029635019251687912,0.030340712323526958,0.024547074984449406,0.03386912118979852,0.01384891867015319,-0.004626259582422411,-0.013831216636160572,-0.032400028770541774,-0.0015852539040952767,-0.05824776683311456,0.01664144636972157,-0.014665553558860945,0.04033942352950448,0.036860228646731635,0.06971367552115039,0.003686130300067677,0.0217631147005158,0.0606834005005053,0.0035392546794405792,0.0007721729973815704,-0.009665535181975023,-0.014295771272224537,0.005079628012572921,-0.020772956938279886,0.04585078817151747,-0.0027303679406030937,-0.013845422596216057,0.005730229896433159,0.014177926512086467,-0.0385708930212752,0.025938862382111905,-0.01855787745756477,-0.07453798959080359,0.01580916206616619,0.013234740704490091,-0.03977808261495219
3.479468891935489,0.6121736593642428,0.8845867460908414,6.0,113.0,129.0,123.0,96.0,81.0,16.0,50.0,30.0,19.0,16.0,6.0,134.0,117.0,131.0,127.0,126.0,130.0,95.0,129.0,119.0,123.0,127.0,116.0,0.2,0.39124087591240875,0.40875912408759124,0.2666214382632293,0.3358208955223881,0.39755766621438265,0.014147431124348473,0.007446016381236039,0.0193596425912137,0.011169024571854059,0.01563663440059568,0.00967982129560685,0.0029784065524944155,0.008190618019359643,0.0052122114668652275,0.0037230081906180195,0.04393149664929263,0.008190618019359643,0.05286671630677588,0.0029784065524944155,0.011913626209977662,0.023827252419955324,0.016381236038719285,0.0029784065524944155,0.0052122114668652275,0.0037230081906180195,0.0037230081906180195,0.021593447505584513,0.0,0.03648548026805659,0.01712583767684289,0.014147431124348473,0.029784065524944156,0.04690990320178704,0.004467609828741623,0.02680565897244974,0.029784065524944156,0.011169024571854059,0.0967982129560685,0.004467609828741623,0.05956813104988831,0.01712583767684289,0.03723008190618019,0.05584512285927029,0.06626954579300075,0.008935219657483246,0.03127326880119136,0.018615040953090096,0.012658227848101266,0.04690990320178704,0.0037230081906180195,0.008190618019359643,0.0014892032762472078,0.008190618019359643,0.00967982129560685,0.0014892032762472078,1.0,0.028533042426366933,0.006710015280065819,0.09238598110220646,0.006132313629284086,-0.005788404430344196,0.03477195147450599,0.012670772358174322,-0.01255309576722412,0.036670950510952795,0.0418196632580243,0.010169200910792745,0.015850975427589037,-0.0005339769854119658,0.051199639505275174,0.016474459773952902,-0.005027409339765333,0.0659953278158651,-0.027517711750780025,-0.022844190809436067,0.00920467546948741,-0.056714042225538636,-0.018346783893250913,-0.022686101511911024,-0.009590363769199748,-0.0017462745902325856,0.03022774760824516,-0.0356889224629003,0.009689811349720372,0.010213895519967011,-0.04308435944878213,-0.015391587945885507,0.005526713834668061,0.0010787916760341873,-0.004027800714043462,0.023554938575169354,0.001223704296029139,0.0017993605710885348,-0.049472023945106906,-0.026737917920305304,-0.003037914627136503,1.0,0.028554304007906702,0.005909492777356654,0.09231180967778249,0.0009234896333143759,-0.006997081215915232,0.026964068300602533,0.010526255447339867,-0.012485139363277038,0.03226725278992328,0.03842952889338164,0.010475361168665516,0.00831927799554281,-0.009577148595106071,0.051636379826098845,0.010730021294386062,-0.008566351900595034,0.05865755682244972,-0.03533911459305685,-0.022763009447445425,-0.004519801712683478,-0.05691898337272711,-0.009598619533539061,-0.029550133956058024,-0.003566678555893765,0.004203176454449402,0.02915079924043934,-0.03796822434090833,0.014626387825779715,0.0038706227405849543,-0.03301958221547944,-0.01615609963333221,0.007526753559980457,0.017813731834583586,-0.004223742290055589,0.02919381967550743,0.005814174234297147,0.006493582738137351,-0.05194894373875153,-0.026116622969726215,-0.0008795679315170268
3.5405227448033045,0.6426453993971458,0.8942665673864483,10.0,108.0,118.0,111.0,98.0,83.0,26.0,56.0,12.0,11.0,17.0,1.0,134.0,108.0,125.0,121.0,117.0,130.0,99.0,124.0,115.0,115.0,124.0,108.0,0.22887864823348694,0.3563748079877112,0.4147465437788018,0.27323943661971833,0.3295774647887324,0.3971830985915493,0.020104244229337303,0.006701414743112435,0.016381236038719285,0.012658227848101266,0.017870439314966492,0.012658227848101266,0.0029784065524944155,0.008190618019359643,0.0052122114668652275,0.0052122114668652275,0.04095309009679821,0.011169024571854059,0.03648548026805659,0.006701414743112435,0.020104244229337303,0.029039463886820552,0.01563663440059568,0.0037230081906180195,0.00967982129560685,0.0029784065524944155,0.0052122114668652275,0.027550260610573342,0.0029784065524944155,0.02680565897244974,0.01563663440059568,0.007446016381236039,0.020104244229337303,0.04169769173492182,0.0037230081906180195,0.03276247207743857,0.028294862248696945,0.011169024571854059,0.0960536113179449,0.004467609828741623,0.05584512285927029,0.026061057334326135,0.03276247207743857,0.06180193596425912,0.05137751303052867,0.014147431124348473,0.034996276991809384,0.018615040953090096,0.0037230081906180195,0.04839910647803425,0.0022338049143708115,0.01563663440059568,0.0037230081906180195,0.008935219657483246,0.011913626209977662,0.0014892032762472078,1.0,0.008819685648234384,-0.0012510884840282776,-0.0016988816495845105,0.032639128048781114,0.028756692169892455,-0.010072207617505833,-0.049532590746115546,-0.0044786234966102045,0.014145253600609305,0.006055675510725117,0.0019342655790871267,-0.07607065274060902,0.017641102196529576,0.054815912570833625,-0.0025140341603670517,0.01966287672545323,-0.032518787934485024,-0.01399707106096183,-0.025748827193091017,0.016069744940463572,-0.036796408530364,0.010528823104010003,-0.030193038028288224,-0.0635660493486542,-0.009288665340315983,-0.0410317889505563,-0.06008446227495074,-0.060227938315845324,0.0287486301387049,0.011198867317343852,-0.04656210720122784,-0.03885156660627082,0.012213917889912246,-0.004821360396441795,0.018101968335616045,0.015583774662341551,-0.02139936482056007,0.01208184646567964,0.004837684775655442,-0.016691248248693176,1.0,0.00882625769417199,-0.0013309608983053175,-0.0016799979472258309,0.032767557845545345,0.0283119801374369,-0.01054047390753131,-0.049537800663164426,-0.0047141432266734895,0.01244742970978389,0.005671295481996584,0.005679311965382104,-0.07413619588032776,0.017531674323955616,0.05213939994572412,-0.004246180675888425,0.025993880486178348,-0.030190776568619702,-0.01976199831330639,-0.03558982960436457,0.018078664517148613,-0.029894149149342592,0.015011956596829834,-0.027902148126547933,-0.07463494579067317,-0.007532052552197109,-0.03549779956949922,-0.061779576409147156,-0.05718335293946768,0.029617538625579944,0.006381968353564609,-0.05149706787505262,-0.030379769597633846,0.009112215554585435,-0.013141750235655407,0.01632922383645627,0.01075281263586402,-0.014112646982057659,0.006065961393861229,-0.005000893058262393,-0.021950909441934358
3.4970942228946984,0.639491989733489,0.8830975428145942,2.0,110.0,125.0,121.0,98.0,94.0,29.0,50.0,22.0,12.0,10.0,0.0,134.0,119.0,131.0,126.0,121.0,128.0,103.0,125.0,121.0,123.0,123.0,108.0,0.21693907875185736,0.37592867756315007,0.40713224368499257,0.2647058823529412,0.33584131326949385,0.399452804377565,0.01712583767684289,0.005956813104988831,0.011169024571854059,0.012658227848101266,0.012658227848101266,0.014147431124348473,0.0014892032762472078,0.0052122114668652275,0.0052122114668652275,0.0029784065524944155,0.05286671630677588,0.007446016381236039,0.02531645569620253,0.00967982129560685,0.020104244229337303,0.02531645569620253,0.01563663440059568,0.006701414743112435,0.010424422933730455,0.004467609828741623,0.0014892032762472078,0.018615040953090096,0.0029784065524944155,0.026061057334326135,0.011169024571854059,0.00967982129560685,0.03425167535368578,0.04095309009679821,0.004467609828741623,0.04765450483991065,0.021593447505584513,0.01340282948622487,0.114668652271035,0.004467609828741623,0.04988830975428146,0.022338049143708117,0.029039463886820552,0.05584512285927029,0.06329113924050633,0.012658227848101266,0.03201787043931496,0.016381236038719285,0.007446016381236039,0.04765450483991065,0.004467609828741623,0.014892032762472078,0.0037230081906180195,0.010424422933730455,0.008935219657483246,0.0029784065524944155,1.0,0.006159179367383146,-0.03637631007500555,-0.018405861390886066,-0.042718360532277865,-0.0006302197048943626,0.01967578995390376,-0.026614003949008348,-0.0023939307721363005,-0.05341941747857372,-0.03600697195704487,-0.04982926481315083,0.006618722429886355,0.04081005816157153,0.0041224277778164585,-0.02648851483412541,0.035367793707799425,0.029265498800094287,0.04097253820236919,0.014634895387108217,0.025751265228329653,-0.0019175614038548468,0.015692333538881643,0.026809887275224403,-0.006891832116170119,-0.023088930552412113,0.04799746755706775,0.0010069291674763064,-0.015486070194010708,0.006529241169688667,0.0259414737600909,0.045528115351262784,-0.03822502880144752,0.02927858089430269,-0.042006426429565064,-0.019299441037192715,0.012213353231911092,0.02244646749317375,-0.03316868614264577,0.015525607675460773,-0.008645622421672685,1.0,0.006163768919817856,-0.03646994020315741,-0.018014180744746217,-0.04402813336403641,-0.0015022928832634345,0.016275714736854217,-0.02869515252275007,-0.0027071474378819317,-0.05552584128062815,-0.035639072633653374,-0.05704729225795549,0.001465156247203286,0.032155444473508786,-0.0018444398858727847,-0.027253865610206544,0.0357424806434672,0.03036374253033527,0.03756036754235578,0.011069342658433715,0.02901119808450839,0.0014260017636341753,0.021410964261163724,0.03463462357798555,-0.000957917583633891,-0.016419648556798023,0.05419192238861818,0.014512723300706045,-0.004259594729043288,0.012938837906133356,0.033274875942435625,0.05339361211758792,-0.03769118632510385,0.04123540965674655,-0.044155296764708016,-0.015200168502625731,0.002271988917090257,0.02704639825108923,-0.03564673008634787,0.007500024993532978,-0.004639019977007618
3.5174818324229924,0.6291063142834078,0.8875651526433358,4.0,111.0,128.0,120.0,101.0,88.0,52.0,23.0,13.0,5.0,2.0,1.0,134.0,110.0,131.0,127.0,120.0,130.0,109.0,129.0,111.0,111.0,121.0,108.0,0.17746913580246915,0.36882716049382713,0.4537037037037037,0.2727272727272727,0.32546842470506593,0.40180430256766136,0.014147431124348473,0.008935219657483246,0.01563663440059568,0.01712583767684289,0.014147431124348473,0.01340282948622487,0.0029784065524944155,0.005956813104988831,0.004467609828741623,0.006701414743112435,0.03201787043931496,0.00967982129560685,0.03350707371556218,0.006701414743112435,0.01712583767684289,0.02531645569620253,0.02308265078183172,0.0037230081906180195,0.007446016381236039,0.0037230081906180195,0.0029784065524944155,0.02531645569620253,0.0037230081906180195,0.027550260610573342,0.0193596425912137,0.01563663440059568,0.026061057334326135,0.03276247207743857,0.004467609828741623,0.02531645569620253,0.027550260610573342,0.014147431124348473,0.09977661950856292,0.0029784065524944155,0.06254653760238273,0.02680565897244974,0.040208488458674606,0.0573343261355175,0.06701414743112435,0.010424422933730455,0.03201787043931496,0.0193596425912137,0.0052122114668652275,0.05063291139240506,0.0029784065524944155,0.014147431124348473,0.0007446016381236039,0.008190618019359643,0.008190618019359643,0.0007446016381236039,1.0,0.012271377039269704,0.029177552836839194,0.019570013506542125,0.03995725229038574,-0.011256777039646672,-0.04200664236380372,0.025766365530082474,-0.006137340164001614,-0.0029955130168908724,-0.058427871112496164,0.017041868758030033,-0.0004100678890810503,0.002581771844444586,-0.002153292410456538,0.039838152791739065,0.04176853003334295,0.0006723931772895064,0.030002901956432574,0.03315139348411824,0.03100741350014811,-0.003932817087770288,-0.02795477206019461,-0.0047732511451368115,-0.0019908313527719325,0.028491957793311585,-0.012047006961562738,0.057196001907534544,0.014916115658776496,0.013161066534350323,-0.033744389949292526,-0.010672400968069656,-0.027451280004784463,-0.04178026400638987,-0.0033977900813236396,-0.040848636280370075,0.014171574324942399,-0.027406839546376106,-0.012775127183687425,-0.007929731947538744,0.039227761765657315,1.0,0.012280521135424147,0.02907464253080603,0.018927210539678732,0.03883068472307571,-0.013324185383326515,-0.04467091389508746,0.026159258758698282,-0.00536217001683096,-0.001770826205387548,-0.05646142906594623,0.015884315255933854,0.0019342902470519908,0.00623195807327192,0.00028027540809408107,0.03773359851225555,0.03713149060089397,0.0015968622315182058,0.0255353753554511,0.028971629528818186,0.023861591443861695,-0.0014914906543897688,-0.03267570031683317,-0.0081083447764205,0.00106518602274686,0.037531330471643816,-0.00663415591783154,0.05488532327505892,0.014417485359186187,0.011902812522824829,-0.03626290605458631,-0.01802913491383387,-0.03446385946655644,-0.03839075336699145,-0.004124645941166779,-0.03903254975890171,0.011641388854154451,-0.015705700932116658,-0.014364980151701982,-0.005879286743083016,0.036835494857084865
3.481764664936227,0.622221899092934,0.8786299329858526,4.0,109.0,126.0,124.0,94.0,48.0,39.0,21.0,19.0,16.0,4.0,6.0,134.0,111.0,129.0,127.0,120.0,130.0,103.0,125.0,111.0,115.0,115.0,111.0,0.11967213114754098,0.41475409836065574,0.46557377049180326,0.2718378756114605,0.3305380852550664,0.3976240391334731,0.00967982129560685,0.007446016381236039,0.011169024571854059,0.012658227848101266,0.01340282948622487,0.014892032762472078,0.0029784065524944155,0.0037230081906180195,0.006701414743112435,0.0014892032762472078,0.03723008190618019,0.011913626209977662,0.03350707371556218,0.0052122114668652275,0.02531645569620253,0.03052866716306776,0.014147431124348473,0.0037230081906180195,0.006701414743112435,0.004467609828741623,0.004467609828741623,0.0193596425912137,0.0014892032762472078,0.03052866716306776,0.008935219657483246,0.010424422933730455,0.02531645569620253,0.04393149664929263,0.004467609828741623,0.04393149664929263,0.023827252419955324,0.01712583767684289,0.114668652271035,0.0022338049143708115,0.04690990320178704,0.03127326880119136,0.029039463886820552,0.05212211466865227,0.07148175725986597,0.010424422933730455,0.040208488458674606,0.01563663440059568,0.006701414743112435,0.04690990320178704,0.0037230081906180195,0.012658227848101266,0.004467609828741623,0.008935219657483246,0.007446016381236039,0.004467609828741623,1.0,0.004780644546058321,0.05255278697341496,0.02295996233522385,0.0037615522027380477,-0.00053572561640481,-0.00413449311771785,0.017225349985382197,0.003974771934390483,-0.03122980442300423,0.0009072480381571462,-0.018700187410303062,0.002288864718198237,-0.05084631985840865,0.01246407582058499,0.00025497602334452176,0.01605956620195008,0.016775720938331917,0.0002498774740476638,0.017043146400218093,-0.014586265104340091,0.02795396416034108,0.03766728704746886,0.0013970522563433853,-0.023744753946399504,-0.01936541637026223,0.003244143580516322,-0.04266618003165518,-0.023993641186032446,-0.029093717909443546,0.013049264197720747,-0.0011000967547430758,0.0258849816607269,-0.005743291842362007,0.003138669244115677,-0.02462455626051655,0.01802866745859255,-0.026992431837450755,-0.014856996655071689,-0.020996789767700298,-0.01429860647592099,1.0,0.004784206874334068,0.05260948100129042,0.022584142111912116,0.0008270009459521879,-0.002959743475476066,-0.004918804261413458,0.017482919637274334,0.004451114398843995,-0.03319665888090675,-8.895636243002255e-05,-0.015809811836094666,0.003922502564402492,-0.0494824530442815,0.013084022201244489,0.004948705542818561,0.018408297162341956,0.01639379940069501,-0.002474117572490966,0.014622046181086857,-0.014906369339754944,0.027408383544173895,0.03565143746151169,-0.0006520675227461285,-0.03181760151486003,-0.019945972593073173,0.0042463241824922445,-0.038187063939046174,-0.023047589708908387,-0.027100081909641627,0.021047592719622206,0.005030240819579533,0.0295450713830698,-0.010474976952738102,0.0031368642443938373,-0.022682342229954015,0.016590763578786142,-0.030536286879394126,-0.023131209545361322,-0.020165436083588385,-0.01658665038294177
3.502260109750606,0.6455380561756291,0.8771407297096053,5.0,106.0,125.0,120.0,85.0,92.0,23.0,41.0,13.0,20.0,17.0,3.0,134.0,113.0,129.0,127.0,119.0,128.0,91.0,128.0,115.0,121.0,127.0,104.0,0.2123076923076923,0.36615384615384616,0.42153846153846153,0.27158774373259054,0.33565459610027853,0.39275766016713093,0.012658227848101266,0.008935219657483246,0.01340282948622487,0.014892032762472078,0.016381236038719285,0.017870439314966492,0.0029784065524944155,0.0052122114668652275,0.004467609828741623,0.0037230081906180195,0.0379746835443038,0.011913626209977662,0.040208488458674606,0.005956813104988831,0.01563663440059568,0.023827252419955324,0.018615040953090096,0.0022338049143708115,0.006701414743112435,0.0029784065524944155,0.0029784065524944155,0.016381236038719285,0.0014892032762472078,0.035740878629932984,0.011913626209977662,0.011169024571854059,0.0387192851824274,0.04095309009679821,0.008190618019359643,0.03648548026805659,0.020104244229337303,0.008935219657483246,0.09977661950856292,0.004467609828741623,0.04765450483991065,0.029784065524944156,0.03648548026805659,0.06329113924050633,0.058078927773641105,0.010424422933730455,0.03723008190618019,0.02531645569620253,0.004467609828741623,0.045420699925539834,0.0022338049143708115,0.01712583767684289,0.0022338049143708115,0.008190618019359643,0.006701414743112435,0.0014892032762472078,1.0,0.005833864377258693,0.02668010963231234,0.03669930397304864,-0.0163608288311531,0.015251297676967252,-0.009407111961715422,0.013484106573700234,-0.0006145183058546658,-0.01626641544203586,-0.021921319117460748,-0.03288931508511238,0.020885676418386945,-0.03943837900505425,0.0245831688737336,-0.008201898926744758,0.008579307156705828,-0.020571070941833195,-0.023904858215656785,0.044343076712782,0.005648806135061494,-0.012268255978147166,0.015699260214648788,-0.015381641815606242,-0.008955349537501172,0.01921181340870116,-0.043177238414693446,0.00929944387620999,-0.014481663884964231,-0.04772650902811418,0.041573155359931675,-0.03413538892595562,0.03996225789975986,-0.0009887032386249458,0.046990377878660665,-0.00816963001944247,-0.021511959457250564,-0.02832199287640747,0.01768971759452459,-0.019571997922926916,-0.002236123099223563,1.0,0.005838211519119539,0.02668672589208796,0.03650106906633668,-0.01753994844416687,0.013562258354315553,-0.010067438392097864,0.014177749090127282,-0.0016116777934926166,-0.01592898813944103,-0.023470325234463327,-0.0313354864847202,0.023370236300540404,-0.03713606152149939,0.02615917372704809,-0.009129431183036937,0.012162475025147943,-0.024546672557559983,-0.020903708841175275,0.04294131383006808,0.008492800705681479,-0.015762060468513903,0.011484251955172168,-0.013735148113505959,-0.011527370981216567,0.023736939129802143,-0.04687986387771876,0.010023721641555726,-0.01664974667451674,-0.042926447273296385,0.04362225158954533,-0.032927108197663625,0.044652368923601395,-0.004287980184860152,0.04940680500352224,-0.015871811637343407,-0.020545211687469193,-0.03642976675229698,0.024669468727665192,-0.028402187076539926,0.0035565679355988884
3.4633962830003617,0.5957718105652132,0.8868205510052122,3.0,109.0,114.0,105.0,75.0,97.0,46.0,54.0,35.0,9.0,6.0,3.0,133.0,109.0,120.0,119.0,114.0,119.0,103.0,119.0,111.0,113.0,115.0,109.0,0.2347560975609756,0.34146341463414637,0.42378048780487804,0.2680635838150289,0.3302023121387283,0.40173410404624277,0.011913626209977662,0.005956813104988831,0.014147431124348473,0.014147431124348473,0.01563663440059568,0.014147431124348473,0.0007446016381236039,0.007446016381236039,0.004467609828741623,0.0022338049143708115,0.03425167535368578,0.008935219657483246,0.03425167535368578,0.0052122114668652275,0.02308265078183172,0.026061057334326135,0.01712583767684289,0.0037230081906180195,0.005956813104988831,0.0022338049143708115,0.0037230081906180195,0.028294862248696945,0.0022338049143708115,0.024571854058078928,0.01340282948622487,0.01563663440059568,0.024571854058078928,0.040208488458674606,0.0022338049143708115,0.03127326880119136,0.02308265078183172,0.008190618019359643,0.10573343261355175,0.004467609828741623,0.06701414743112435,0.02084884586746091,0.03127326880119136,0.05286671630677588,0.07446016381236038,0.004467609828741623,0.03648548026805659,0.0193596425912137,0.008190618019359643,0.05212211466865227,0.004467609828741623,0.029784065524944156,0.0014892032762472078,0.011913626209977662,0.0052122114668652275,0.0007446016381236039,1.0,0.055585597349124875,-0.009170318424714753,0.026211503393485068,-0.01538727821537567,0.0034564382158387952,0.01819200221808481,0.07832136099183583,0.029534730285796687,0.04485935863930765,0.030781967317327238,0.0018864376095969885,0.014143483241912795,-0.00637018433201157,0.003775504667706578,0.07118456987178304,0.053188330220610563,0.0020623968246311526,-0.013968869818754476,-0.02661149355476106,-0.012949443543594653,0.017263466226172065,-0.03643562405952858,-0.010555228803662456,-0.030045040849871925,-0.008397172689694156,-0.008934192970828302,-0.03391261221518297,-0.022301135626673494,0.011659048813200476,-0.031267053369839364,0.004103108511273471,-0.018645622877173872,0.026194061597105623,0.01078261171254697,0.01045631517838044,0.032172801978114424,-0.04041880499303739,-0.027562881178963633,-0.012661546425981877,-0.0060774660893937365,1.0,0.05562701731734332,-0.012316471976662961,0.027561939732215077,-0.018656729100113286,0.006049702040167555,0.016662183804576482,0.07814823447798107,0.02097625964727665,0.04402376839574051,0.023375256687269037,0.0016090569972221891,0.012636675970493881,-0.010338029985775057,-0.0011306975322714925,0.0664882371761268,0.04015114165383219,-0.007398034217862248,-0.019954710253214283,-0.03002129925605388,-0.009809585681739088,0.0159803520984434,-0.05079611259559704,-0.016222743617815765,-0.03978190770026894,-0.0068329899769336505,-0.008204007892921788,-0.03134555036086334,-0.019488276074058113,0.023403368053425067,-0.034117084544629486,0.010976181334111504,-0.018922834796547716,0.040549772732798306,0.021742730461604506,0.022164083288731953,0.03188665403163644,-0.03316155899777877,-0.0185041851170502,-0.0021019024096580277,-0.002580191406411768
3.465344525637231,0.5929915625781179,0.8801191362620998,0.0,109.0,124.0,111.0,86.0,70.0,16.0,20.0,23.0,8.0,13.0,2.0,134.0,109.0,131.0,118.0,113.0,124.0,109.0,118.0,109.0,109.0,111.0,108.0,0.15463917525773196,0.3917525773195876,0.4536082474226804,0.2699210337401292,0.3223259152907394,0.4077530509691314,0.016381236038719285,0.005956813104988831,0.01340282948622487,0.008190618019359643,0.010424422933730455,0.011169024571854059,0.0014892032762472078,0.005956813104988831,0.0029784065524944155,0.0014892032762472078,0.035740878629932984,0.012658227848101266,0.0387192851824274,0.008935219657483246,0.016381236038719285,0.02308265078183172,0.02531645569620253,0.0037230081906180195,0.008935219657483246,0.006701414743112435,0.0014892032762472078,0.017870439314966492,0.0007446016381236039,0.02308265078183172,0.008935219657483246,0.0193596425912137,0.021593447505584513,0.0379746835443038,0.0052122114668652275,0.04095309009679821,0.026061057334326135,0.014147431124348473,0.10275502606105734,0.0029784065524944155,0.05584512285927029,0.02680565897244974,0.04169769173492182,0.06775874906924795,0.07520476545048399,0.008190618019359643,0.03201787043931496,0.02531645569620253,0.008935219657483246,0.039463886820551006,0.0022338049143708115,0.021593447505584513,0.0037230081906180195,0.005956813104988831,0.0029784065524944155,0.0014892032762472078,1.0,0.03815628355259144,0.020236065028518452,0.016395280604999417,0.020426429918867027,0.012384399880292716,0.0028642990480363937,0.0054069212558991555,0.008495794982842359,-0.017797447850965223,0.01029972306494273,0.00023717474679106097,0.022987812066593023,0.02635481350625951,0.04114890124498747,0.023386518238521115,-0.03954130051446672,0.03484375400011576,-0.02143060999683849,-0.017002480827894476,0.007643641871695319,-0.02645117282940458,0.021748943507981136,0.006594693585634899,-0.008916109577813245,0.021314247816631347,0.005338011316519902,-0.003516033253027879,0.0206974619136732,-0.05434870351040393,-0.052102263836085114,-0.019369802021171705,-0.009065056471056607,-0.010544437912593392,0.013972379518277912,0.01718961547053696,0.02750671616361,0.015303857566082617,-0.005571543572164535,-0.01561269818609692,0.011442833502202841,1.0,0.03818471595464255,0.018835636779930033,0.014980618267640765,0.018972705480497874,0.010391245955030083,0.0010542794504022342,0.0042760728905041545,0.007411507771106902,-0.01923021185127727,0.01113433871068392,-0.00033173684753941334,0.02299942687017775,0.025201581177875642,0.03896445098715001,0.01899729706818687,-0.044787917161210396,0.03532110100451527,-0.026390302938407696,-0.01725476750296168,0.009275326479855458,-0.02685637640235314,0.02465544285098939,0.007896415717801327,-0.00960991121818598,0.01928306518292325,0.003951324866461443,-0.009649233850670324,0.0203953205072169,-0.058883303806268286,-0.05022631637000431,-0.012223686700401663,-0.007163133131839072,-0.000622268960919825,0.017339450955491106,0.019733107649327994,0.029139665451765988,0.01005175046032702,-0.007295951050563764,-0.02234069275416645,0.007973923198671285
3.4711456224898423,0.6371780974977005,0.8905435591958303,5.0,71.0,119.0,106.0,54.0,71.0,15.0,60.0,24.0,19.0,13.0,1.0,134.0,81.0,131.0,119.0,112.0,123.0,45.0,119.0,92.0,99.0,113.0,66.0,0.24372759856630824,0.36379928315412186,0.3924731182795699,0.3047001620745543,0.3419773095623987,0.353322528363047,0.012658227848101266,0.005956813104988831,0.012658227848101266,0.011913626209977662,0.012658227848101266,0.014147431124348473,0.0014892032762472078,0.00967982129560685,0.0022338049143708115,0.0022338049143708115,0.035740878629932984,0.008935219657483246,0.03648548026805659,0.005956813104988831,0.016381236038719285,0.02531645569620253,0.01340282948622487,0.0029784065524944155,0.01712583767684289,0.0052122114668652275,0.0014892032762472078,0.02308265078183172,0.0029784065524944155,0.03127326880119136,0.014892032762472078,0.00967982129560685,0.03276247207743857,0.044676098287416234,0.004467609828741623,0.0379746835443038,0.023827252419955324,0.007446016381236039,0.0967982129560685,0.0014892032762472078,0.045420699925539834,0.021593447505584513,0.04988830975428146,0.05212211466865227,0.06924795234549516,0.011913626209977662,0.05063291139240506,0.0193596425912137,0.007446016381236039,0.05584512285927029,0.0052122114668652275,0.007446016381236039,0.0007446016381236039,0.008190618019359643,0.007446016381236039,0.0014892032762472078,1.0,0.059913951686492696,0.02108158365423465,0.06660482138506003,0.08820317131528084,0.09213922388486948,0.10637840770177516,0.09103971056605585,0.06655711359832044,0.03488272888850156,0.08583550682793548,0.07451526193972102,0.07054701964605291,0.07381984246418052,0.032656929425215336,0.08835333125842335,0.06875780389071619,0.05150591812019243,0.05532277387026816,0.07823136206619907,0.06796275178996078,0.016479938357469835,0.017672128420481766,0.07785856934013999,0.02072562127513728,0.007627389776153093,0.07010124743720389,0.02279618687938325,0.04869761995364214,0.03389449603496138,0.06581409264938567,0.06685987829756102,0.06006600355864327,0.05632875969799926,0.06810990791192865,0.055326821144233075,0.05244002910468922,0.07082013691895886,0.04741990443064514,0.06601736617846587,0.0074465890624102,1.0,0.059958596956005715,0.01758119688076218,0.06470870094850223,0.08109468970703272,0.08206094515316725,0.09343541745032527,0.07249004200901943,0.04388248314186685,0.006252168331625262,0.05581773870988566,0.03809716337239534,0.03756800640962713,0.040880562192407675,-0.0031564213633819642,0.0579166299567865,0.029800305269467326,0.014582644704150542,0.017416730025264778,0.04191416726300747,0.030415725786348317,-0.024156925504781514,-0.022671943416617647,0.03667744291385302,-0.01904528678163505,-0.029056895638402795,0.03704139421228876,-0.011143419306041461,0.025466135265867686,0.0053883798002920535,0.03744443503885968,0.04059276434306184,0.03671073362709911,0.027791408600393957,0.03786747040190798,0.022271286497005435,0.014417876065751132,0.04056487438689183,0.002300211917612907,0.02839070006471067,-0.031115241508509354
3.466124130406632,0.6239764542203043,0.8749069247952346,7.0,101.0,123.0,115.0,86.0,94.0,54.0,38.0,32.0,19.0,13.0,21.0,134.0,104.0,129.0,126.0,122.0,126.0,87.0,128.0,110.0,104.0,118.0,96.0,0.19772403982930298,0.3584637268847795,0.4438122332859175,0.28034682080924855,0.3338150289017341,0.38583815028901736,0.016381236038719285,0.005956813104988831,0.01340282948622487,0.018615040953090096,0.01563663440059568,0.014892032762472078,0.0,0.011169024571854059,0.0022338049143708115,0.0029784065524944155,0.03723008190618019,0.014892032762472078,0.03052866716306776,0.0052122114668652275,0.018615040953090096,0.023827252419955324,0.014147431124348473,0.0014892032762472078,0.004467609828741623,0.005956813104988831,0.004467609828741623,0.020104244229337303,0.0029784065524944155,0.03052866716306776,0.01712583767684289,0.00967982129560685,0.029039463886820552,0.04393149664929263,0.004467609828741623,0.03425167535368578,0.024571854058078928,0.00967982129560685,0.09903201787043932,0.0022338049143708115,0.06105733432613552,0.024571854058078928,0.04095309009679821,0.06105733432613552,0.07073715562174236,0.008935219657483246,0.03425167535368578,0.016381236038719285,0.005956813104988831,0.05212211466865227,0.0007446016381236039,0.016381236038719285,0.0007446016381236039,0.00967982129560685,0.004467609828741623,0.0022338049143708115,1.0,-0.015755000816358278,0.07374313105869967,0.03815625423343987,0.006849338335298691,-0.0030299255070279007,0.004734919975101513,0.02699572153634186,0.05645636846615004,0.05079617694561664,0.06168501077851668,0.04964424774003796,-0.002455752053575738,0.02532419674152696,0.0008647774988879158,-0.003366886761195363,0.010787537941516413,0.021279770034171315,0.03522578409440427,-0.025562097106424764,-0.0060250324830897085,-0.03552319213446677,-0.00767466115247595,0.0003629361319167658,-0.012431774006594223,0.04437194542286745,-0.0500159926817934,0.04307565105735272,-0.01464814480722533,-0.041081660620894814,0.01068831504655028,0.016648152513616316,0.0010365641194151707,0.01717254900353203,0.026974780919616845,-0.01787747080562938,0.02078059304478742,-0.0158806225583527,-0.02606525229869741,-0.015346462746182147,-0.0012190969910472037,1.0,-0.01576674075735408,0.07362282514946746,0.040711902746657355,0.0027236064813625344,-0.008781632591601399,0.002296736565605226,0.027960684707274034,0.05816232995732608,0.04951966275485815,0.05417875614611851,0.04125739682227729,-0.012785829328174972,0.014983346759507046,-0.0008884210320841647,-0.007983087029777819,0.004444930317444113,0.014370803872579822,0.025744415828006968,-0.03840484144044834,-0.021911677697284356,-0.04224884048751733,-0.00844433921525961,0.0059017787921971255,-0.012017918891883266,0.04268894528504537,-0.05365053747053684,0.0350659401068528,-0.008168269535863458,-0.03874800213083729,0.018365797268888207,0.028948169262244958,0.009959128544835683,0.013835389107233032,0.027199482419250822,-0.02373417261186526,0.017414335528198415,-0.0057492984370183815,-0.031041084167664077,-0.009603593456218562,-0.002549507019771656
3.4783975279722448,0.6162337851106625,0.8816083395383469,5.0,109.0,124.0,118.0,98.0,58.0,31.0,14.0,16.0,12.0,7.0,10.0,134.0,111.0,128.0,124.0,120.0,128.0,101.0,128.0,113.0,109.0,119.0,102.0,0.12790697674418605,0.4053156146179402,0.46677740863787376,0.27522935779816515,0.32886379675370503,0.3959068454481299,0.01340282948622487,0.007446016381236039,0.01563663440059568,0.011913626209977662,0.014892032762472078,0.01340282948622487,0.0,0.006701414743112435,0.0052122114668652275,0.0014892032762472078,0.03201787043931496,0.014892032762472078,0.0387192851824274,0.006701414743112435,0.017870439314966492,0.017870439314966492,0.00967982129560685,0.0029784065524944155,0.010424422933730455,0.006701414743112435,0.0014892032762472078,0.02680565897244974,0.0037230081906180195,0.02308265078183172,0.014892032762472078,0.016381236038719285,0.026061057334326135,0.0379746835443038,0.0029784065524944155,0.04839910647803425,0.02308265078183172,0.011913626209977662,0.09828741623231571,0.0014892032762472078,0.0573343261355175,0.017870439314966492,0.045420699925539834,0.058823529411764705,0.07371556217423679,0.007446016381236039,0.03276247207743857,0.024571854058078928,0.007446016381236039,0.04690990320178704,0.0014892032762472078,0.021593447505584513,0.004467609828741623,0.008935219657483246,0.0052122114668652275,0.0014892032762472078,1.0,-0.03215849906561932,0.012135199563874184,0.0356000219623843,-0.029959992932989794,0.0566564859824178,-0.010141400728932722,-0.0060012766177961075,0.023481359207639788,-0.02063799204933893,0.03880436466827784,-0.025265732562889383,0.018427975521230586,-0.009430911597804808,-0.03275888259022193,0.033834768616804234,-0.030711790254443948,0.005507337297936758,0.014087925746293401,-0.038869870181058294,-0.03347489044478495,0.020316536785372197,0.013484661157086353,-0.016526362236263654,0.026564582810392832,-0.015065593834740324,-0.004785204562705037,0.029714105752354253,0.026535771849902978,-0.0483183648456878,0.024448962194023025,0.007221520369361051,-0.027399025115634346,-0.030761729742067395,0.0012182880062353645,-0.0021030465091998345,-0.016033074135025246,-0.01887055675828537,0.01118060213331772,0.01598650992441281,-0.00822703053922606,1.0,-0.03218246217967717,0.0111291139678984,0.036466937220351776,-0.027944813131079733,0.054325469652684776,-0.007399874848694983,-0.005871459732240984,0.018874913887456164,-0.01577366146308419,0.03464417057185055,-0.02394985434013725,0.01951928701311625,-0.013955547656127871,-0.028498283449839797,0.02648574714836702,-0.024814733083751032,0.0039226412981276555,0.010877256064101613,-0.030183873807780936,-0.044905245717395244,0.024649419283883634,0.017538249936829797,-0.018153437314354644,0.03014295587515117,-0.013994880268784591,-0.003995302184167088,0.024736079585070785,0.034723709828817256,-0.051240260982458805,0.020313336367016443,0.011691805811111747,-0.029454052380341274,-0.04130148925583489,0.0047052262469953025,0.0017364788689201605,-0.022741327241967327,-0.015377332894450665,0.014125074271631486,0.014268651564314599,-0.00843493312402126
3.441185941588542,0.6179602611232641,0.8749069247952346,0.0,103.0,124.0,111.0,95.0,85.0,36.0,47.0,19.0,27.0,2.0,1.0,134.0,107.0,131.0,127.0,115.0,130.0,93.0,123.0,111.0,111.0,119.0,105.0,0.20307692307692307,0.38769230769230767,0.40923076923076923,0.27524893314367,0.33001422475106684,0.39473684210526316,0.00967982129560685,0.007446016381236039,0.011913626209977662,0.00967982129560685,0.011169024571854059,0.011169024571854059,0.0007446016381236039,0.00967982129560685,0.0007446016381236039,0.0007446016381236039,0.04318689501116903,0.012658227848101266,0.03201787043931496,0.005956813104988831,0.02084884586746091,0.026061057334326135,0.01712583767684289,0.0037230081906180195,0.012658227848101266,0.0029784065524944155,0.0014892032762472078,0.02531645569620253,0.0007446016381236039,0.03052866716306776,0.01712583767684289,0.008190618019359643,0.027550260610573342,0.04988830975428146,0.0037230081906180195,0.029784065524944156,0.02531645569620253,0.012658227848101266,0.10498883097542815,0.004467609828741623,0.05584512285927029,0.024571854058078928,0.03648548026805659,0.06626954579300075,0.06924795234549516,0.008935219657483246,0.040208488458674606,0.01563663440059568,0.00967982129560685,0.049143708116157855,0.0007446016381236039,0.014892032762472078,0.0037230081906180195,0.006701414743112435,0.004467609828741623,0.0014892032762472078,1.0,0.010853758374073836,-0.009319682577424075,-0.008000297498082586,-0.026667351966900295,0.01299893561115868,0.0410736149849809,0.07354996801264238,0.003266517487138701,0.03543315306233528,0.016215923287917277,0.05117771761842774,0.022293437781435582,-0.012088853733883055,0.07366106425487792,-0.022095325817151186,-0.0020118468537368693,-0.00032205884925885114,-0.01140239341166003,-0.03236410833003123,0.0022456632058498413,0.0013308478453752455,-0.03524361651178932,0.010228972265144316,-0.0011475389033535068,0.04241819547362193,-0.022079167095196753,-0.02037508670123644,0.040733222593150945,-0.03322045081389973,-0.005248634819342101,0.02628615231922754,0.015718151232843973,0.01169936151632744,0.001075739704345343,0.02070781900039919,-0.02145904431506124,0.0010321631256287192,0.050247720889972376,-0.012329096123897107,-0.03433391040607072,1.0,0.01086184612248969,-0.009452677103792323,-0.007814817028123883,-0.026669393761312665,0.013488780966220108,0.04045026372304112,0.0730972939505278,0.0021939319050366334,0.03855545771014903,0.01894916368013851,0.0555358169313767,0.01953842565816485,-0.015009314810344909,0.07128486924686202,-0.024397378831226592,-0.007020029621123994,-0.008049536079176248,-0.01889997554044924,-0.04015423379355706,-0.006085968279008398,-0.01266623248339282,-0.03763405611919624,0.0026738097586339643,-6.183671069008848e-05,0.04239650261697613,-0.020269818173787698,-0.012336092096973375,0.04518725806821413,-0.021963626549064724,-0.0015978591391612481,0.028933438436084244,0.016752825959552225,0.023012903729423707,-0.002403137396151492,0.019871487188682795,-0.015775727248627615,-0.005313169022296238,0.05037485948787705,-0.027238964429609675,-0.03735580241117244
3.404002849201363,0.6068942457226099,0.8689501116902457,12.0,75.0,126.0,116.0,71.0,94.0,23.0,34.0,23.0,17.0,12.0,7.0,134.0,91.0,131.0,125.0,112.0,127.0,40.0,125.0,111.0,115.0,120.0,77.0,0.22950819672131148,0.3721311475409836,0.3983606557377049,0.29510703363914376,0.35397553516819574,0.35091743119266056,0.012658227848101266,0.005956813104988831,0.00967982129560685,0.008935219657483246,0.017870439314966492,0.008935219657483246,0.0,0.008190618019359643,0.0029784065524944155,0.0037230081906180195,0.044676098287416234,0.011913626209977662,0.045420699925539834,0.0029784065524944155,0.017870439314966492,0.03276247207743857,0.012658227848101266,0.0022338049143708115,0.00967982129560685,0.0029784065524944155,0.0029784065524944155,0.02308265078183172,0.0029784065524944155,0.03276247207743857,0.007446016381236039,0.020104244229337303,0.029784065524944156,0.054355919583023084,0.005956813104988831,0.04393149664929263,0.02084884586746091,0.00967982129560685,0.11243484735666419,0.0022338049143708115,0.04765450483991065,0.01563663440059568,0.03723008190618019,0.06552494415487714,0.06924795234549516,0.004467609828741623,0.0387192851824274,0.012658227848101266,0.005956813104988831,0.04169769173492182,0.0029784065524944155,0.014892032762472078,0.006701414743112435,0.0,0.0052122114668652275,0.0007446016381236039,1.0,0.02776933737066432,0.03839567526506386,-0.04082878578064594,0.009322402929780616,-0.0017214159404702848,0.009412151807280198,0.0023861302249220118,9.609011056147452e-07,0.04147230967497031,-0.025592807556424457,-0.016794848136976917,0.028523376486312552,-0.0009562092115241369,-0.003167964301980928,0.019414187074670065,-0.0175034150494892,-0.02089910396121416,-0.01811609852754993,-0.01582147506554613,-0.03944730533586101,-0.005876129973615984,-0.013757905499306142,0.0083708153077169,0.020272729089846602,-0.018070830122655306,-0.02093131956495155,-0.034498072295224905,0.004912996202634675,-0.03310866575916126,-0.02141322269625437,0.02623432762810785,-0.04402833322214986,0.05087242143975912,-0.0033138653762368967,-0.010769036464481612,-0.045852477352275794,0.02871123654232177,-0.021363565716695433,0.044366490054848357,-0.003982246133969936,1.0,0.02779002987243084,0.03770977647164429,-0.04309096843000943,0.010255666701105944,0.0009638734196694421,0.006976287632413252,0.0027920254273617077,-0.0009199921458637911,0.0424589603883436,-0.028279278814115308,-0.018816803294433165,0.03567559057430136,-0.004658133796648083,-0.006562920755579982,0.022633213221063105,-0.019286470468248624,-0.021771371508102235,-0.016257524961729945,-0.013155542499017495,-0.0386457334344578,-0.007878336244607735,-0.009507190162646673,0.008528313819642966,0.01846632430875557,-0.01832153268885764,-0.01838539589635609,-0.033032872936098356,0.007568446917449927,-0.02992108200600113,-0.02570209182240261,0.03344452258905388,-0.04710911950926188,0.05080838518691151,0.0030614466187294685,-0.0186595415807735,-0.04306304794794926,0.02865321400138114,-0.02066850876777935,0.041133222076428846,-0.008036825947084061
3.494341761846377,0.6294938519026397,0.877885331347729,2.0,108.0,122.0,113.0,108.0,84.0,24.0,57.0,31.0,18.0,5.0,2.0,134.0,108.0,130.0,123.0,119.0,124.0,103.0,125.0,117.0,121.0,121.0,115.0,0.21216617210682492,0.40059347181008903,0.38724035608308605,0.2659722222222222,0.3333333333333333,0.40069444444444446,0.017870439314966492,0.00967982129560685,0.012658227848101266,0.014147431124348473,0.011913626209977662,0.011169024571854059,0.004467609828741623,0.008190618019359643,0.0052122114668652275,0.0014892032762472078,0.03723008190618019,0.007446016381236039,0.03127326880119136,0.004467609828741623,0.024571854058078928,0.02308265078183172,0.017870439314966492,0.0037230081906180195,0.011913626209977662,0.004467609828741623,0.0037230081906180195,0.024571854058078928,0.0022338049143708115,0.029039463886820552,0.011169024571854059,0.01340282948622487,0.03127326880119136,0.0379746835443038,0.010424422933730455,0.02531645569620253,0.02531645569620253,0.00967982129560685,0.12137006701414743,0.0037230081906180195,0.055100521221146684,0.028294862248696945,0.03350707371556218,0.05212211466865227,0.06105733432613552,0.011169024571854059,0.04169769173492182,0.018615040953090096,0.008935219657483246,0.04393149664929263,0.0007446016381236039,0.012658227848101266,0.0007446016381236039,0.006701414743112435,0.011169024571854059,0.0014892032762472078,1.0,0.011282946478022911,0.01838747146194003,0.00678003161499089,0.029952130344689628,0.019438010851237537,0.01968003548113616,0.0460923740483274,0.0444948709230952,0.010025296292388153,0.05629452753048739,-0.025404353594303025,0.015061176090438236,0.009220316408929466,-0.01391806098592469,0.009758563868124123,-0.03071631356257734,0.0036537066467137547,0.04670979106553364,0.011339943718512135,-0.0013578578392043827,-0.02087249995728188,-0.02381614599485859,0.011847655536021668,-0.012929770401414485,0.020011684521605587,-0.013041214127119257,0.032930279740457306,0.029545586124907337,-0.04358677759294119,-0.042319381047816046,-0.022333697967574947,-0.009343429149221453,0.0018726544357051068,0.00017044637341893137,0.0077486795535615305,0.0327487998676932,0.018069668555816508,-0.03627202070417958,-0.06695897212537251,-0.024040256302601624,1.0,0.011291354038736802,0.018289732151328956,0.0063875196369299215,0.02957432155242336,0.01864677668319508,0.018282169658280216,0.04498586275261648,0.0422875624232568,0.006544840767695773,0.05357499908476658,-0.030622501544835274,0.009567550939439404,0.005879410195574978,-0.021584288243311777,0.005367692919321642,-0.03541100178863533,-0.0014557007147748108,0.04676191139657392,0.011193663476982302,-0.004895687179625121,-0.017195756839953235,-0.02728597723986064,0.013683269132203687,-0.009697889492946754,0.015503692322391915,-0.011781860043156744,0.031108610239931035,0.028812425681382866,-0.04142439734470674,-0.04389134577025975,-0.02183341787450908,-0.00900827366517765,0.0009951655658412186,0.007073113792107384,0.004574378327332092,0.03772799782900441,0.02048523060284316,-0.03639980667018927,-0.05913565378866021,-0.023326736568254382
3.4480303614300882,0.5974088446637698,0.877885331347729,13.0,93.0,120.0,116.0,83.0,74.0,22.0,41.0,27.0,9.0,9.0,1.0,134.0,100.0,129.0,120.0,116.0,124.0,55.0,123.0,111.0,99.0,116.0,74.0,0.21052631578947367,0.38651315789473684,0.4029605263157895,0.29285165257494233,0.34281322059953884,0.36433512682551883,0.0193596425912137,0.0037230081906180195,0.011913626209977662,0.00967982129560685,0.007446016381236039,0.011913626209977662,0.0007446016381236039,0.006701414743112435,0.0022338049143708115,0.0029784065524944155,0.045420699925539834,0.008935219657483246,0.040208488458674606,0.007446016381236039,0.03276247207743857,0.024571854058078928,0.01340282948622487,0.0014892032762472078,0.007446016381236039,0.0007446016381236039,0.0029784065524944155,0.024571854058078928,0.0022338049143708115,0.03425167535368578,0.014892032762472078,0.014892032762472078,0.03127326880119136,0.03648548026805659,0.004467609828741623,0.04988830975428146,0.024571854058078928,0.007446016381236039,0.10126582278481013,0.0029784065524944155,0.058078927773641105,0.018615040953090096,0.03723008190618019,0.06105733432613552,0.0573343261355175,0.008190618019359643,0.039463886820551006,0.021593447505584513,0.00967982129560685,0.04393149664929263,0.0029784065524944155,0.01563663440059568,0.0022338049143708115,0.006701414743112435,0.0052122114668652275,0.0007446016381236039,1.0,0.01417094392283011,0.01990769398308325,-0.006643348529891109,0.04966640614431878,0.034381320420675786,0.018202769541491342,0.04566695485976657,-0.02220590268927626,0.009052777014698246,-0.022091622361052204,0.020994979439026125,0.019716718670066212,-0.006908139328802818,-0.03197070075914464,0.031130761153476832,0.02577529319577494,0.02130555710083803,0.012104706135430509,-0.04037462579489587,-0.008493752528584097,0.026746738039036298,0.02159111665229779,0.006615657876262047,0.006416051767818023,0.01454300516579845,0.01422908854573842,0.010155321802733657,-0.0018399684756460805,-0.02199234295877787,-0.026561202343392015,0.0060412671385485,0.013678194535014468,-0.015203902419541056,0.020716346487886405,0.006507782102614038,-0.03001018591715102,0.03846538431919442,-0.030551146596996342,0.04744102134912874,0.015036498423296081,1.0,0.014181503493562468,0.019740239819659396,-0.007219593386727828,0.04964701166739477,0.03347563646526781,0.015445656733538501,0.04511241128781238,-0.02615351947421001,0.005041507705977789,-0.02374871242519455,0.015544915907332106,0.019585158231774247,-0.009219385161192927,-0.03211101887388139,0.03489093856013799,0.02279887581925668,0.020789940219495276,0.011777546503543245,-0.0435947174799121,-0.01032830655253878,0.027823233353606182,0.013930342748708146,0.006733749047536781,0.006514687324162754,0.01661543994245147,0.016509936294208778,0.003962475241659915,-0.008185969334900418,-0.02590567408855948,-0.028405229505987135,0.008462664230641754,0.011703592585724763,-0.02119536170303998,0.02703806007606408,0.014187442666376697,-0.03012231877669074,0.042198056513656615,-0.0397365443733333,0.04301935252377231,0.021413864361898575
3.5028194071445418,0.6203860413663778,0.8830975428145942,4.0,110.0,123.0,120.0,106.0,75.0,35.0,54.0,9.0,6.0,3.0,2.0,134.0,114.0,129.0,125.0,125.0,127.0,77.0,125.0,121.0,119.0,118.0,119.0,0.20556414219474498,0.37248840803709427,0.42194744976816073,0.2693649685973482,0.34193998604326586,0.3886950453593859,0.011913626209977662,0.00967982129560685,0.014147431124348473,0.010424422933730455,0.012658227848101266,0.011913626209977662,0.0014892032762472078,0.00967982129560685,0.0052122114668652275,0.0007446016381236039,0.03350707371556218,0.014892032762472078,0.034996276991809384,0.006701414743112435,0.017870439314966492,0.03052866716306776,0.016381236038719285,0.0014892032762472078,0.01340282948622487,0.0052122114668652275,0.007446016381236039,0.023827252419955324,0.0022338049143708115,0.03127326880119136,0.012658227848101266,0.016381236038719285,0.024571854058078928,0.04169769173492182,0.0052122114668652275,0.03723008190618019,0.023827252419955324,0.014147431124348473,0.10201042442293373,0.0007446016381236039,0.058823529411764705,0.029784065524944156,0.0379746835443038,0.05286671630677588,0.07073715562174236,0.006701414743112435,0.03425167535368578,0.016381236038719285,0.0052122114668652275,0.039463886820551006,0.0037230081906180195,0.018615040953090096,0.0014892032762472078,0.007446016381236039,0.008935219657483246,0.0014892032762472078,1.0,0.0020184561054841835,0.020351674627621018,0.00458405587706343,0.026400972792500515,-0.010571044883818489,0.024882753486663214,0.0028815749949108595,0.00023579670996965365,-0.005028411106032362,-0.005783793096907055,0.013764834413716976,-0.0009192082923343324,-0.013986564439990894,0.04507563485667334,-0.020082327665364923,-0.025108162540321246,0.024035563216620048,0.017627478664182485,0.006847659756794207,0.038081237016967,0.020677467639956624,0.008638686110548624,-0.0184010692803615,-0.008045006792824097,0.016990460337790142,-0.01197675173502331,-0.07188688060689628,0.02145111007477025,0.00882194772978954,0.022639013588750468,0.031113313417304292,0.023043625467399992,-0.0077505076622370744,-0.010343713220444802,0.047169195146170524,0.031142360511940633,0.011779821465096513,-0.018360512020230032,-0.013978520749107185,0.01404643105897651,1.0,0.0020199601711365462,0.02037803051805804,0.004514717189838983,0.026058347229981772,-0.010904388254120746,0.02398828093027428,0.0029847803406689625,-0.001328045211193621,-0.00484486123251126,-0.007215357302106773,0.014507872764604987,-0.0012041629494496146,-0.014537922309969135,0.04588123483374222,-0.020703466770878986,-0.02633959677096541,0.02513161761076109,0.01622226163905248,0.00879037336702199,0.03679120291514532,0.01951369755197335,0.007891278556361478,-0.02087432751125573,-0.010614786686623818,0.015716353047753984,-0.013442278608318568,-0.07204173313165645,0.019553371414173678,0.013300564672259934,0.027613896353580674,0.03083038596531439,0.01922223147675633,-0.004165364206449344,-0.015382200065499677,0.047065334620293234,0.031055089224952336,0.009437840562685467,-0.020970271306484205,-0.023296539745733112,0.014190855360251529
3.505415985380287,0.6319798695415746,0.8786299329858526,7.0,109.0,116.0,118.0,76.0,92.0,23.0,30.0,9.0,20.0,4.0,9.0,134.0,109.0,125.0,125.0,120.0,126.0,91.0,127.0,113.0,110.0,119.0,109.0,0.21044045676998369,0.3637846655791191,0.4257748776508972,0.27485795454545453,0.33238636363636365,0.3927556818181818,0.014892032762472078,0.007446016381236039,0.020104244229337303,0.014147431124348473,0.014892032762472078,0.01340282948622487,0.0014892032762472078,0.0052122114668652275,0.0037230081906180195,0.0037230081906180195,0.03648548026805659,0.011169024571854059,0.035740878629932984,0.005956813104988831,0.020104244229337303,0.026061057334326135,0.024571854058078928,0.0014892032762472078,0.010424422933730455,0.0052122114668652275,0.0029784065524944155,0.0193596425912137,0.0029784065524944155,0.021593447505584513,0.014147431124348473,0.01563663440059568,0.02531645569620253,0.039463886820551006,0.0052122114668652275,0.03276247207743857,0.02308265078183172,0.0193596425912137,0.10871183916604617,0.0029784065524944155,0.054355919583023084,0.02084884586746091,0.03425167535368578,0.06031273268801191,0.06031273268801191,0.005956813104988831,0.04765450483991065,0.016381236038719285,0.008935219657483246,0.0379746835443038,0.0037230081906180195,0.022338049143708117,0.0022338049143708115,0.006701414743112435,0.007446016381236039,0.0007446016381236039,1.0,0.03764392617152301,-0.014742998943373055,0.02221240117182182,0.01240097207751678,0.004838244438903825,-0.008311200933240871,0.0470679208061298,0.04185783753169353,0.0018047662894996306,-0.0069943849947825334,-0.020668112496415172,-0.018758554429258466,-0.008222012856377033,0.04847059910445787,0.005160722986798461,0.053348183327305065,0.0016215953090852168,0.02436349817434889,0.00844035673256941,0.007926181633893446,-0.03669878409979459,-0.01715433408545824,0.02308890684630602,-0.042889965957307326,-0.039989436617328684,0.03649921593671971,0.08526186113427442,0.015133017672899535,-0.11581768506224722,-0.014885237045445313,0.003498954207072061,0.02761746572993716,0.00021681168999865573,0.012657487184603779,-0.002812650136833749,-0.026971115579913874,0.020688281437670607,0.0037696750451802876,-0.034783137488291,-0.014479439205482567,1.0,0.03767197678715007,-0.016207165695778725,0.023477404218637664,0.01046363892328313,0.004712835550329695,-0.00888507934252849,0.04772729482036659,0.037996930661421076,0.0006161465686884072,-0.007845579884050512,-0.023087934231330327,-0.019114250878323205,-0.00687895630414114,0.04896525304793573,-0.0009042564090869716,0.05501479995045233,-0.004100586134443834,0.028045844024214384,0.006783081063985235,0.010569887411689837,-0.04427025163539313,-0.019068290244115032,0.01641998703930204,-0.04857209157946798,-0.03577110051525047,0.039126088864246844,0.08794590500267434,0.016205460212709296,-0.11253065617346658,-0.01748929099619447,0.0016525233959402885,0.03445118475401846,-0.0011472602828561166,-0.0007396000428976289,-0.014392449473834031,-0.02143526756303664,0.03698984907595267,0.015382815509856214,-0.03185604126543062,-0.018470119271297044
3.514334227847457,0.6686777630943863,0.8838421444527178,12.0,115.0,122.0,96.0,82.0,72.0,25.0,41.0,15.0,7.0,13.0,1.0,134.0,116.0,125.0,125.0,121.0,128.0,102.0,125.0,119.0,117.0,121.0,111.0,0.2079866888519135,0.33277870216306155,0.45923460898502494,0.268005540166205,0.3337950138504155,0.3981994459833795,0.012658227848101266,0.004467609828741623,0.011169024571854059,0.012658227848101266,0.012658227848101266,0.01563663440059568,0.0037230081906180195,0.00967982129560685,0.0029784065524944155,0.004467609828741623,0.0387192851824274,0.011169024571854059,0.034996276991809384,0.008190618019359643,0.022338049143708117,0.028294862248696945,0.01563663440059568,0.0029784065524944155,0.005956813104988831,0.0029784065524944155,0.0014892032762472078,0.01712583767684289,0.0052122114668652275,0.021593447505584513,0.008190618019359643,0.01340282948622487,0.026061057334326135,0.045420699925539834,0.008190618019359643,0.049143708116157855,0.02531645569620253,0.01563663440059568,0.0953090096798213,0.0037230081906180195,0.05137751303052867,0.022338049143708117,0.03127326880119136,0.06924795234549516,0.06478034251675353,0.01340282948622487,0.03052866716306776,0.017870439314966492,0.008190618019359643,0.04765450483991065,0.0022338049143708115,0.016381236038719285,0.0037230081906180195,0.011913626209977662,0.010424422933730455,0.0014892032762472078,1.0,0.03319861336874165,0.006073388405112043,0.05685689279978212,-0.018624168805154773,-0.025916113783997285,0.008761972496252806,0.009347112882955677,0.008783482396237934,-0.051958348532532415,-0.023627577620627074,-0.004788444129046094,-0.015114494485016377,0.0003018365028828347,0.05971771476499726,0.036448096906957085,0.00885110920575958,0.05745488250414982,0.006035072867014882,-0.036762921649723834,0.011958662299227752,-0.0243544930698796,-0.0029816763950121813,-0.00010237514106481019,-0.05633634926974722,-0.001675912221262427,-0.01890639488957856,-0.02201952067338873,0.007098787130414694,-0.0059818478803360395,-0.0061539725097579,-0.004232136357591124,0.03927259433308195,-0.027136735097438604,-0.021212041529863786,-0.011784080524206132,-0.014990518584884765,0.0038634387633893494,-0.0385504358176339,-0.018164731957933406,0.01782862051249085,1.0,0.033223351530715366,0.004984156785126636,0.056681492941372286,-0.022547349050317692,-0.0252807084257346,0.0074950673765540494,0.011498202315899082,0.010641913018879064,-0.055367119106431675,-0.02201399371878068,-0.0029790139873960004,-0.0076840311261574135,0.0018917749432470392,0.057235636798878664,0.03412866995018189,0.006713340345156281,0.05229634514875802,-0.0010139346818792622,-0.03712364128200852,0.008427105152613718,-0.026635976033872574,0.002646112715299372,0.001595013360038341,-0.052214733474588326,0.0036991218363980763,-0.01183468527254265,-0.010873629649532392,0.000586048006269895,-0.009762714677988504,-0.00812523652781457,-0.013080033581713597,0.039526127706997115,-0.03265933137824817,-0.02355212902445376,-0.014904611000773673,-0.008227063798533283,0.008108198288857785,-0.036243324085768434,-0.014185884351454035,0.017997205999214564
3.5381670694380567,0.6586351077362094,0.8920327624720774,13.0,119.0,116.0,108.0,109.0,87.0,42.0,24.0,2.0,8.0,20.0,1.0,134.0,119.0,125.0,127.0,119.0,130.0,115.0,126.0,123.0,117.0,127.0,117.0,0.19106317411402157,0.349768875192604,0.4591679506933744,0.26369168356997974,0.3286004056795132,0.4077079107505071,0.0193596425912137,0.011169024571854059,0.011913626209977662,0.01563663440059568,0.01340282948622487,0.011913626209977662,0.0037230081906180195,0.004467609828741623,0.0037230081906180195,0.0037230081906180195,0.040208488458674606,0.01563663440059568,0.03425167535368578,0.006701414743112435,0.021593447505584513,0.020104244229337303,0.016381236038719285,0.0037230081906180195,0.011913626209977662,0.006701414743112435,0.0014892032762472078,0.018615040953090096,0.0029784065524944155,0.02084884586746091,0.0193596425912137,0.014147431124348473,0.0193596425912137,0.035740878629932984,0.007446016381236039,0.02531645569620253,0.03127326880119136,0.014892032762472078,0.10945644080416977,0.0022338049143708115,0.049143708116157855,0.02531645569620253,0.0387192851824274,0.05956813104988831,0.058823529411764705,0.014892032762472078,0.03052866716306776,0.02308265078183172,0.008935219657483246,0.044676098287416234,0.0022338049143708115,0.0193596425912137,0.0029784065524944155,0.01563663440059568,0.005956813104988831,0.0007446016381236039,1.0,0.03004059939054261,-0.019615392381252685,-0.015022846587812397,-0.0057832107345364,-0.012281419377509909,0.042242714382845346,0.04752453450781434,0.03909911458107049,-0.04183045695929673,0.011213447231640732,-0.007453463310702109,0.033414878471601815,-0.024894614362291116,-0.02045394496007907,0.035938979457627786,0.014865409160380243,-0.037183906317741655,-0.009765351623497337,-0.033065754742280774,-0.00988838526180262,0.039071272174152884,-0.011090121938413728,0.020999069186658594,-0.019196326276336616,0.042213267972260056,-0.03133288444910434,-0.01880073851027642,0.012675985534179661,-0.02461608147977409,-0.025103030314790633,0.012717512989422477,0.00796794128564412,-0.023115037332440483,-0.040949332567865586,0.005216517497009366,0.02816441041216553,-0.013383542496419161,-0.013390769933843994,-0.02016272094060817,0.018019648150360824,1.0,0.030062984337927524,-0.020567018403762526,-0.013853826505874257,-0.0053301107347803025,-0.012584505233518109,0.04283093509735484,0.04467663318402853,0.03808871373515976,-0.04169037838026887,0.016854988730438808,-0.007532843989464854,0.03365389331336952,-0.030627722131499478,-0.024339956627814286,0.03802010574315338,0.012707666810298246,-0.034838694101928656,-0.012531253762304202,-0.03336706416614133,-0.007253133778300644,0.04353292911944392,-0.02257230777707034,0.02159216345405524,-0.01634836017521595,0.054068660232900696,-0.03239226954532151,-0.019888289952370283,0.010077746216854866,-0.02598545169734941,-0.0210611368139697,0.004941973784122436,0.00918488946627152,-0.029930243024176188,-0.028422761207465078,0.004841989363126327,0.027844682747718643,-0.017468217401286543,-0.010554035888826172,-0.020220226188702353,0.02424054448478918
3.4978204173959933,0.6276756305235425,0.8912881608339538,1.0,115.0,125.0,116.0,103.0,69.0,67.0,27.0,11.0,14.0,4.0,5.0,134.0,119.0,128.0,125.0,118.0,128.0,119.0,124.0,117.0,123.0,119.0,117.0,0.1476407914764079,0.3713850837138508,0.4809741248097412,0.26240652617267163,0.3283480625424881,0.40924541128484027,0.018615040953090096,0.008935219657483246,0.020104244229337303,0.01712583767684289,0.011913626209977662,0.008935219657483246,0.0007446016381236039,0.008935219657483246,0.0052122114668652275,0.0029784065524944155,0.045420699925539834,0.011913626209977662,0.04095309009679821,0.0029784065524944155,0.020104244229337303,0.02084884586746091,0.012658227848101266,0.0,0.0052122114668652275,0.005956813104988831,0.0037230081906180195,0.024571854058078928,0.005956813104988831,0.0193596425912137,0.016381236038719285,0.007446016381236039,0.03201787043931496,0.0387192851824274,0.005956813104988831,0.029784065524944156,0.027550260610573342,0.011169024571854059,0.10349962769918093,0.004467609828741623,0.06105733432613552,0.021593447505584513,0.03723008190618019,0.06105733432613552,0.06180193596425912,0.005956813104988831,0.028294862248696945,0.016381236038719285,0.008190618019359643,0.04690990320178704,0.005956813104988831,0.021593447505584513,0.0029784065524944155,0.011169024571854059,0.008190618019359643,0.0014892032762472078,1.0,0.012807154499969785,-0.06027718393570855,0.006389101663995576,-0.0031901708008688938,-0.062289451812878614,0.031675357694027996,0.018593289239861373,0.027738869667917436,-0.0358719486310247,0.03079609818075941,0.035827294645916594,0.04439787330823012,0.06160829019364354,-0.00827942000158013,-0.05788513930273459,-0.015915498230449594,-0.013739322818968858,0.02833966347340016,0.020878707242670574,0.028368238640032063,-0.024358334309178203,-0.06062574327665465,0.026433280044886893,0.020261041201889478,0.04824158142470171,-0.009798908153463015,-0.013720949389597665,-0.034292985617320845,-0.018002218748373357,0.03618345547447612,0.008531587365375664,-0.014277757341576797,0.01917585418638124,-0.008206432381725902,-0.02500498395065965,0.052816062944892474,0.025364859751681745,0.010996169242482578,-0.004845477860891706,-0.05236896029177464,1.0,0.012816697834172438,-0.06054129551854979,0.00803064161399424,-0.0070816404032103125,-0.06174778297833187,0.033125233046824944,0.01036762537947609,0.032310224984345264,-0.03645644946328507,0.032373701394587284,0.034996682281232136,0.04941489844867714,0.06828630234192119,-0.011322206727938012,-0.04580915476625946,-0.014383214996481562,-0.014710748688702507,0.02912219854517667,0.011858634505829592,0.02336731278873958,-0.02607218486491923,-0.05814257388089321,0.02585242650854961,0.0054887044163098656,0.05434003686305709,-0.017291766381961785,-0.005959487655232429,-0.024396825578731653,-0.015533282133028885,0.03696913068417377,-0.011582786696274595,-0.010712735084726931,0.018082252149077792,0.0012745448123265067,-0.012736798879702312,0.044100564554760996,0.010021439322919538,0.013508919874352054,0.0035793750389515717,-0.04391201174068583
3.5154036960717763,0.6223306176871644,0.8845867460908414,6.0,109.0,129.0,122.0,100.0,96.0,47.0,29.0,7.0,5.0,2.0,0.0,134.0,109.0,130.0,125.0,124.0,130.0,108.0,129.0,114.0,125.0,125.0,117.0,0.200920245398773,0.3588957055214724,0.4401840490797546,0.2673469387755102,0.33197278911564626,0.40068027210884355,0.0193596425912137,0.004467609828741623,0.016381236038719285,0.01340282948622487,0.020104244229337303,0.01340282948622487,0.0007446016381236039,0.01340282948622487,0.004467609828741623,0.0014892032762472078,0.05137751303052867,0.014892032762472078,0.0387192851824274,0.004467609828741623,0.014892032762472078,0.022338049143708117,0.0193596425912137,0.0029784065524944155,0.007446016381236039,0.0029784065524944155,0.004467609828741623,0.0193596425912137,0.004467609828741623,0.029784065524944156,0.014892032762472078,0.01563663440059568,0.02308265078183172,0.04318689501116903,0.0037230081906180195,0.03425167535368578,0.024571854058078928,0.011169024571854059,0.0967982129560685,0.0007446016381236039,0.05286671630677588,0.02084884586746091,0.04393149664929263,0.05212211466865227,0.058823529411764705,0.008935219657483246,0.02531645569620253,0.02084884586746091,0.014147431124348473,0.049143708116157855,0.0022338049143708115,0.017870439314966492,0.0052122114668652275,0.008935219657483246,0.004467609828741623,0.0014892032762472078,1.0,-0.030801549042105865,0.04092879560417091,-0.009667642296869597,0.0147202253680001,-0.012003498727330274,0.007806763641813503,-0.01248538495735909,0.029119397028535506,0.006126676114165243,0.027512666853586405,-0.022638679200116304,-0.012299918595054487,0.04544076153849479,-0.04984572988806068,-0.0058752867710137446,0.005160465006029014,-0.03469610028950747,-0.07271238024406562,-0.0006529481194414726,0.012318758504039651,-0.04596859870776999,0.008002629902098934,-0.05314654100035538,-0.023597200511598908,-0.011830069967025337,-0.0003040657404903834,-0.006332583807912972,-0.04379555229559629,0.015047169343361987,0.032811449011379265,-0.03371286076084635,0.024544122859442657,0.03339718483027215,-0.01635891893856863,0.05500323054581081,0.031061480475157013,-0.01546328161053741,-0.01619026361926936,0.04113971226249199,0.03809849770732819,1.0,-0.03082450101605677,0.04007776782764029,-0.007259602895852595,0.012655569106945248,-0.010592630106988353,0.006033587718009392,-0.011057846621802538,0.027783079861763194,0.009185054760708735,0.025526710464340525,-0.021109122678458526,-0.01675926958289228,0.047938817759557766,-0.048205405198764276,-0.010957400029319588,0.008437077576995633,-0.03636422332421894,-0.07670604619011079,-0.002736257828012476,0.019864849844417547,-0.04920752696144354,0.007370269526534536,-0.05292983654693693,-0.025357684527565996,-0.008249979486112773,-0.0007005603012053367,0.004030880429915175,-0.04805145794006652,0.010306813196104703,0.038748990160889805,-0.025991495479677607,0.01414216249709123,0.039672965803455806,-0.012788255961141913,0.04175188302141816,0.03854150494463282,-0.019413716117759813,-0.023002200087004952,0.03587531028654468,0.03966455074774668
3.462742807220356,0.6297342112390961,0.877885331347729,3.0,88.0,125.0,116.0,70.0,79.0,11.0,58.0,5.0,12.0,3.0,0.0,133.0,97.0,130.0,120.0,113.0,127.0,51.0,123.0,103.0,111.0,112.0,81.0,0.24561403508771928,0.356140350877193,0.39824561403508774,0.29438893159108376,0.34358186010760955,0.3620292083013067,0.01563663440059568,0.011913626209977662,0.012658227848101266,0.011169024571854059,0.01340282948622487,0.011913626209977662,0.0,0.004467609828741623,0.0052122114668652275,0.0029784065524944155,0.03201787043931496,0.01340282948622487,0.040208488458674606,0.0052122114668652275,0.02531645569620253,0.02680565897244974,0.016381236038719285,0.0037230081906180195,0.01563663440059568,0.0037230081906180195,0.0022338049143708115,0.02680565897244974,0.0037230081906180195,0.03127326880119136,0.005956813104988831,0.00967982129560685,0.03350707371556218,0.03723008190618019,0.004467609828741623,0.03723008190618019,0.02308265078183172,0.01340282948622487,0.10722263588979895,0.0029784065524944155,0.05063291139240506,0.02308265078183172,0.03201787043931496,0.06254653760238273,0.07073715562174236,0.0052122114668652275,0.0379746835443038,0.01712583767684289,0.004467609828741623,0.05063291139240506,0.0029784065524944155,0.016381236038719285,0.0029784065524944155,0.006701414743112435,0.005956813104988831,0.03648548026805659,1.0,0.05749301311693584,0.03259772347167656,0.027470238870254113,0.07371453637401099,0.018896076059006246,0.0005268325762385343,0.008735648358441817,-0.007685586167936172,0.03279983414570266,0.045326090008975015,0.037651441513607345,0.00881319011564688,0.04567758595613139,0.0038354326130827913,-0.045200747334856246,0.026023835436518254,0.08953692475187625,0.05455585574156473,0.01277541834816921,0.021905445502031166,0.06055426636938428,0.04263071897668813,0.029518586737133534,0.022858099333043152,-0.015988890371234278,0.07950943697780591,0.04059265325600987,-0.004190946407651434,0.04420078506149054,-0.008154671139229566,0.01945216727005733,-0.021652834883060426,-0.018009865879279986,0.020150467136078723,-0.014594040361869403,-0.013645446123427062,-0.0047496371089887045,-0.003992637286523896,-0.019479510666624067,-0.017710069855835158,1.0,0.05753585440837914,0.02943340154960679,0.024115869779709406,0.07044722727972003,0.00967733825858943,-0.005834058261296032,0.004896794391858259,-0.01425281770940573,0.03221045959608335,0.04322639330580888,0.03153602373210324,0.002951256427719602,0.03796438581878654,-0.00964115541482729,-0.05440043178307974,0.02851305068512515,0.08697083796386268,0.0475121313570662,0.008061713614917903,0.00813942343503797,0.04249139923934675,0.02505378343827353,0.017083697595026474,0.017076067815308897,-0.022851079530973987,0.07447690607550041,0.022055522918564097,-0.020243876301396565,0.03969595756485479,-0.03597809609509329,0.007952288311310526,-0.020200161019185644,-0.027912697888167505,0.015018509779846529,-0.027875821895070287,-0.017384978794595572,-0.008248172989107794,-0.01692899360545625,-0.03349127440018103,-0.029215769716994036
3.463835517736036,0.6407926580873107,0.8801191362620998,0.0,109.0,122.0,104.0,76.0,101.0,37.0,47.0,33.0,24.0,4.0,5.0,133.0,111.0,126.0,114.0,112.0,126.0,107.0,125.0,113.0,111.0,115.0,108.0,0.22356495468277945,0.3580060422960725,0.41842900302114805,0.2740899357601713,0.32119914346895073,0.40471092077087795,0.016381236038719285,0.008935219657483246,0.012658227848101266,0.00967982129560685,0.01712583767684289,0.014147431124348473,0.0014892032762472078,0.0052122114668652275,0.0022338049143708115,0.004467609828741623,0.02680565897244974,0.011169024571854059,0.0379746835443038,0.010424422933730455,0.017870439314966492,0.022338049143708117,0.021593447505584513,0.0029784065524944155,0.007446016381236039,0.0022338049143708115,0.0022338049143708115,0.020104244229337303,0.0029784065524944155,0.02308265078183172,0.00967982129560685,0.018615040953090096,0.021593447505584513,0.049143708116157855,0.004467609828741623,0.03723008190618019,0.02680565897244974,0.011913626209977662,0.10722263588979895,0.0029784065524944155,0.05137751303052867,0.026061057334326135,0.03723008190618019,0.06254653760238273,0.07892777364110201,0.007446016381236039,0.034996276991809384,0.01712583767684289,0.007446016381236039,0.049143708116157855,0.0014892032762472078,0.017870439314966492,0.0014892032762472078,0.008190618019359643,0.0052122114668652275,0.0022338049143708115,1.0,0.017272509494077052,0.007958940267004938,-0.01302268615509573,0.01084591954602748,0.0288193984836058,0.0010549794129422192,-0.010194109615190019,0.008523148219345864,-0.006921070478971385,0.011980734715785219,0.031107151188314183,0.04622213986109858,0.005932078699516266,0.023366673196233503,0.01620093086580972,-0.02739306147091219,0.011672691140627486,-0.0028573624857039454,0.013666101478711546,-0.00452938400771995,-0.00723527228050207,0.05583551856466962,-0.04734702856075237,-0.01292748517795071,-0.0021123623748228633,0.029542613896993822,-0.017591496416358994,0.010291654635916742,-0.01147782683401403,-0.029979112138681846,-0.0007087613921548953,0.014155830101813089,0.020874407343135382,-0.011476606240486444,-0.05172458045806106,-0.00010221008456186582,-0.0019448256211138145,-0.028361146593982436,0.06048747778551651,-0.026530030325102382,1.0,0.017285380216501858,0.007674319021341724,-0.013325982274264306,0.011276916424513875,0.028771637342750234,-0.0002866698407839966,-0.010452742550431255,0.009592661915262328,-0.007730008095158869,0.011064587379899312,0.03159262432699493,0.04570064241125979,0.003921188843791619,0.02372956388549118,0.01578957589780392,-0.031652333776330005,0.010826766501024813,-0.0026918896313358294,0.011891546940491783,-0.0053412594382496745,-0.005517650006669804,0.0552125722584634,-0.054280872522110855,-0.015096222779414858,-0.0017423511655632181,0.0262871686207581,-0.02228265667707942,0.01570262946041209,-0.010319483942046452,-0.033924476682020505,0.0008958518353178214,0.01379925519566405,0.01857574518622674,-0.015062374995004119,-0.04357664373318263,-0.00010691310048616905,-0.004295296667739388,-0.02743334817887653,0.06384362191970402,-0.026903972584467133
3.5153910863334654,0.6254441183933507,0.8897989575577067,3.0,114.0,129.0,117.0,81.0,67.0,31.0,42.0,15.0,9.0,13.0,4.0,134.0,115.0,131.0,125.0,126.0,130.0,111.0,129.0,113.0,123.0,125.0,115.0,0.1792,0.3552,0.4656,0.2660798916723087,0.3297224102911307,0.4041976980365606,0.00967982129560685,0.012658227848101266,0.014147431124348473,0.014147431124348473,0.022338049143708117,0.01340282948622487,0.0014892032762472078,0.010424422933730455,0.004467609828741623,0.0014892032762472078,0.028294862248696945,0.008935219657483246,0.027550260610573342,0.008935219657483246,0.022338049143708117,0.027550260610573342,0.024571854058078928,0.005956813104988831,0.008190618019359643,0.0037230081906180195,0.0022338049143708115,0.02531645569620253,0.0014892032762472078,0.029039463886820552,0.010424422933730455,0.012658227848101266,0.0193596425912137,0.04244229337304542,0.005956813104988831,0.029784065524944156,0.035740878629932984,0.008190618019359643,0.10498883097542815,0.005956813104988831,0.05956813104988831,0.028294862248696945,0.03648548026805659,0.06329113924050633,0.06031273268801191,0.010424422933730455,0.03052866716306776,0.021593447505584513,0.008190618019359643,0.04169769173492182,0.004467609828741623,0.014147431124348473,0.0029784065524944155,0.007446016381236039,0.0052122114668652275,0.0014892032762472078,1.0,-0.02082173268366482,-0.008520933154399297,0.01744989693160288,0.010333738431867731,0.020824266347789597,0.023453540422296443,-0.01881619523018051,0.01667322730468092,-0.02246352918588429,-0.019217670860190127,-0.0021755846853010953,-0.02036174302553667,0.020004916364284305,-0.005832929258739486,-0.05494244306591722,0.024883045987568873,-0.005548935361613723,0.014653747085774688,-0.014060615360403763,-0.00894760956014474,-0.020684881807973756,-0.0008206316339589453,0.0025416952981649663,0.0028474974559021737,0.007456174472466678,0.03138575237335358,-0.005259209576326293,-0.021378285646001163,-0.03538119985968409,-0.0041026870236617295,-0.04225340544473966,-0.01841731318963994,0.0029576910684588086,-0.013726827015918153,-0.008777267381335892,0.021796715335652805,0.0016317446803133858,-0.00015568051899756376,-0.004205730943413847,-0.0593144214226757,1.0,-0.02083724813275847,-0.00897172783366774,0.01713142145921861,0.011022001149305379,0.021667265220513297,0.024372797560225118,-0.01792933246474755,0.015570621680253617,-0.023614427746289957,-0.020459111069324805,-0.004633972789274015,-0.02047053415014021,0.020768175359914116,-0.004937357020825912,-0.0522791691072252,0.02280562402790218,-0.004908572658589365,0.017227042104466787,-0.015557009003124823,-0.006565311571824788,-0.022386564923837875,-0.004359414066960588,0.005268567039324693,-5.3313273616603126e-05,0.009900093024642448,0.032604355996162404,-0.0040475885118739134,-0.01946426063358513,-0.04118888749377469,-0.010263797274210172,-0.04551129914925459,-0.021099102562909918,0.006038050582304936,-0.01245306397688945,-0.004193013656475668,0.022773123438517416,0.007449628317500948,-0.0006881553556681119,-0.007083675137462937,-0.06392350213761828
3.474309521829895,0.61271048262862,0.8801191362620998,17.0,113.0,123.0,121.0,100.0,62.0,31.0,20.0,34.0,28.0,17.0,7.0,134.0,124.0,130.0,126.0,125.0,129.0,93.0,127.0,121.0,121.0,123.0,104.0,0.14710252600297177,0.42050520059435365,0.4323922734026746,0.2676733013040494,0.3383665065202471,0.3939601921757035,0.01712583767684289,0.011169024571854059,0.010424422933730455,0.011169024571854059,0.01563663440059568,0.011169024571854059,0.0007446016381236039,0.008935219657483246,0.007446016381236039,0.0029784065524944155,0.045420699925539834,0.011169024571854059,0.035740878629932984,0.0029784065524944155,0.018615040953090096,0.02308265078183172,0.014892032762472078,0.0014892032762472078,0.006701414743112435,0.004467609828741623,0.0029784065524944155,0.024571854058078928,0.0014892032762472078,0.03276247207743857,0.01563663440059568,0.00967982129560685,0.02680565897244974,0.05212211466865227,0.0029784065524944155,0.040208488458674606,0.03127326880119136,0.01340282948622487,0.10722263588979895,0.0037230081906180195,0.03723008190618019,0.02084884586746091,0.04318689501116903,0.06329113924050633,0.06180193596425912,0.010424422933730455,0.028294862248696945,0.017870439314966492,0.007446016381236039,0.04765450483991065,0.0014892032762472078,0.014892032762472078,0.0029784065524944155,0.005956813104988831,0.00967982129560685,0.0007446016381236039,1.0,0.0024960102939203346,0.018505914821599183,-0.012662065810528575,0.010650380062816536,0.011831133385588583,0.021957233777339803,0.059583406469827016,-0.01152651907019665,-0.03227287545526779,0.002364950828354149,-0.048237728781101705,-0.016303919657550823,0.0010229909056999407,0.0007675679961902102,0.032357682923929994,0.010633028650862637,0.016941783791787155,0.006027528882478186,-0.011315415352408438,-0.009590915553803816,-0.005485022030460967,0.008126046713366334,0.059187566678768774,-0.023162098882748214,-0.009973568879452895,-0.05535513328276008,-0.04805087201062991,-0.04768392860577949,-0.02787005188234619,0.0008234696410839782,0.07416259542734364,-0.03498321991865762,-0.03927235281402191,0.02497869192195275,0.015326162288090769,0.04534030943874725,0.0186596173533849,0.019564644030682397,0.010554191088218236,-0.028533258706743777,1.0,0.002497870212172139,0.01852739123623226,-0.012786598274386739,0.010409634212542391,0.01229740805217193,0.021453996087673267,0.059680722370318774,-0.012470332880359675,-0.03446426140808584,0.0039052983935811483,-0.049787403973946896,-0.01901360043981668,0.0014634610795013824,-0.0022679900209102524,0.0365986177640216,0.016318044155288324,0.017409228812127923,0.012398936587844812,-0.011778118977311559,-0.014931055358661198,-0.0082455498442792,0.0004525069067730102,0.057542102110042265,-0.02359787948917863,-0.011156543791552375,-0.04792330010992624,-0.04753476065391943,-0.04735354549859625,-0.03076238302539165,-0.005506585414801749,0.08374574730493117,-0.028760470258968034,-0.035751275421044185,0.04269809383026271,0.016638556542547724,0.043027487369023835,0.010140013752650036,-0.0011497246279584834,0.013227291094131887,-0.03081430448543215
3.4339661583838006,0.6275162164446755,0.8719285182427401,10.0,91.0,125.0,111.0,67.0,72.0,22.0,58.0,14.0,16.0,19.0,1.0,134.0,101.0,129.0,119.0,119.0,122.0,45.0,117.0,105.0,107.0,113.0,84.0,0.23102310231023102,0.3432343234323432,0.42574257425742573,0.28803088803088805,0.3474903474903475,0.3644787644787645,0.01563663440059568,0.006701414743112435,0.00967982129560685,0.011169024571854059,0.012658227848101266,0.011913626209977662,0.0014892032762472078,0.00967982129560685,0.0022338049143708115,0.0029784065524944155,0.03648548026805659,0.00967982129560685,0.035740878629932984,0.004467609828741623,0.016381236038719285,0.02680565897244974,0.01712583767684289,0.0014892032762472078,0.0029784065524944155,0.0029784065524944155,0.0007446016381236039,0.03052866716306776,0.004467609828741623,0.03723008190618019,0.00967982129560685,0.014892032762472078,0.03052866716306776,0.054355919583023084,0.005956813104988831,0.040208488458674606,0.024571854058078928,0.005956813104988831,0.0953090096798213,0.0037230081906180195,0.06478034251675353,0.02308265078183172,0.04839910647803425,0.06552494415487714,0.05584512285927029,0.011169024571854059,0.0379746835443038,0.020104244229337303,0.0029784065524944155,0.044676098287416234,0.0014892032762472078,0.011169024571854059,0.0022338049143708115,0.00967982129560685,0.004467609828741623,0.0,1.0,-0.053228739229078254,0.0006482132245825232,-0.006452127600212059,-0.020807896007430163,-0.01662817879523963,0.06466048667836662,-0.08087193684239413,0.038099949269648,-0.028690505218351578,0.0454287521604118,0.032262740503492385,0.04095693759818472,-0.04986922933891509,0.041142665560393,-0.010208101915872157,0.05686861938118346,-0.006670280089020419,0.02004161443006565,0.01282322090443613,0.018739114634262678,0.01786690911389957,-0.015956798390838366,0.03456437289821127,0.0005523734042070507,-0.017532263285544285,0.034364343127064725,0.010270825934877634,-0.048257318538297664,0.006418221659118184,0.02250479850155153,0.046217906848265954,0.01624121554657476,-0.020501211514584974,0.009597614137761614,0.003213433649430553,-0.0035593317803732554,-0.04293952124422943,-0.042352885769458094,0.013979141924921126,0.008268157997383986,1.0,-0.053268402969189346,-0.002194569911404878,-0.0065674841512522565,-0.02162595389236643,-0.019035317585854993,0.0631778563419751,-0.07539290601470967,0.030205320548880102,-0.02595232207469947,0.045380347351615696,0.03607795096589354,0.04035715432752469,-0.036977189929616995,0.03010835979689402,0.0042347141253585045,0.050682201023848746,0.0019275928242365081,0.018547512188761495,0.027602399994179672,0.010742008095105445,0.029118382614232996,-0.029264382108323404,0.04763745132021599,-0.002602995886358644,-0.011332177706013838,0.0246619697197796,0.013593862281454528,-0.04941800926279649,-0.005052743689810473,0.02443103903042878,0.047058765823883845,0.012461000131897272,-0.021187550532658448,0.013054435856588529,-0.007204151579996152,0.0017615857987515221,-0.060207100575598256,-0.043746871508312676,0.012830688242885427,0.00682796650758073
3.4647878666501506,0.6013534556709085,0.8763961280714817,0.0,111.0,124.0,109.0,87.0,87.0,40.0,47.0,21.0,11.0,11.0,9.0,134.0,117.0,131.0,125.0,120.0,130.0,93.0,124.0,115.0,115.0,117.0,113.0,0.2039573820395738,0.3470319634703196,0.4490106544901065,0.2705718270571827,0.3312412831241283,0.398186889818689,0.01712583767684289,0.0014892032762472078,0.01712583767684289,0.014892032762472078,0.010424422933730455,0.012658227848101266,0.0,0.006701414743112435,0.0037230081906180195,0.0022338049143708115,0.04095309009679821,0.008935219657483246,0.04616530156366344,0.0052122114668652275,0.02084884586746091,0.03052866716306776,0.014147431124348473,0.006701414743112435,0.0052122114668652275,0.0052122114668652275,0.0029784065524944155,0.0193596425912137,0.004467609828741623,0.027550260610573342,0.012658227848101266,0.014147431124348473,0.03350707371556218,0.05212211466865227,0.008190618019359643,0.034996276991809384,0.016381236038719285,0.010424422933730455,0.10498883097542815,0.0014892032762472078,0.058078927773641105,0.024571854058078928,0.03723008190618019,0.058078927773641105,0.058078927773641105,0.00967982129560685,0.045420699925539834,0.014892032762472078,0.005956813104988831,0.034996276991809384,0.0014892032762472078,0.01712583767684289,0.0014892032762472078,0.011913626209977662,0.006701414743112435,0.0007446016381236039,1.0,0.035420749524816546,0.04269893783040468,0.0066351557541344044,-0.025237578364037696,-0.036324677990900126,0.04436356217728608,0.03837162872808474,-0.013344156462359832,-0.022586793034696,-0.006128872162391373,0.04315549674360239,0.024798093050671342,0.03691235468135985,-0.021280190626818116,-0.04212906088066702,0.0065189424440839664,0.014582808648429193,0.025331865750976828,0.015841236230490555,-0.059560653584924544,0.041937014556819106,-0.0261055394173457,0.028346436494982127,-0.006702256222406839,0.016428927181550326,-0.015694376426829207,0.007540777115284556,-0.03654415244926027,-0.048615612062765615,-0.01215891900111648,-0.009105624060482962,-0.016326468854003635,0.008324117833974973,0.03442159566506701,0.05519661042116929,0.026265850157451365,-0.01787314648338175,-0.0034524177321293417,-0.018060224106648474,0.024229062553084296,1.0,0.03544714352595276,0.041558338131359174,0.003735204364063767,-0.027524430074514213,-0.03524091368530542,0.0494264781582858,0.03908435177485024,-0.020554033047694042,-0.027955309212354593,-0.002379579721409275,0.0525873382518216,0.022845499233688202,0.025094975187546324,-0.02941271047453563,-0.038940761285443486,0.018835278848190515,0.017833974078441766,0.018879791624802394,0.004535448095597172,-0.06485957715842562,0.05669263388951401,-0.02000765529669862,0.02364198388415787,-0.019983938218832393,0.011232476873079036,-0.0030885714218504413,0.012451049373836896,-0.03935752333764495,-0.05748121240020634,-0.009910043416816035,0.003527635680542764,-0.014709852707836235,0.010540120748469132,0.02595900614874524,0.060111749964128276,0.025952480810492812,-0.028977317793474358,-0.004025820258099567,-0.010660380527870468,0.032693339029398354
3.444705479640748,0.6120343847898899,0.8786299329858526,8.0,96.0,120.0,107.0,98.0,100.0,14.0,50.0,25.0,16.0,10.0,1.0,134.0,105.0,124.0,117.0,117.0,124.0,31.0,121.0,119.0,115.0,119.0,87.0,0.24496124031007752,0.3813953488372093,0.3736434108527132,0.2886519421172887,0.3564356435643564,0.3549124143183549,0.01340282948622487,0.0052122114668652275,0.02084884586746091,0.011913626209977662,0.00967982129560685,0.008935219657483246,0.0,0.0037230081906180195,0.0014892032762472078,0.0029784065524944155,0.03350707371556218,0.00967982129560685,0.03723008190618019,0.00967982129560685,0.016381236038719285,0.02308265078183172,0.014892032762472078,0.0022338049143708115,0.011169024571854059,0.0037230081906180195,0.0052122114668652275,0.02680565897244974,0.0029784065524944155,0.039463886820551006,0.011169024571854059,0.01712583767684289,0.034996276991809384,0.05137751303052867,0.0037230081906180195,0.04839910647803425,0.03201787043931496,0.011169024571854059,0.10126582278481013,0.0022338049143708115,0.058078927773641105,0.020104244229337303,0.04318689501116903,0.05658972449739389,0.06105733432613552,0.007446016381236039,0.03648548026805659,0.008935219657483246,0.008190618019359643,0.044676098287416234,0.0007446016381236039,0.011913626209977662,0.0022338049143708115,0.0052122114668652275,0.004467609828741623,0.0029784065524944155,1.0,0.014445170904154016,0.006703426231380117,0.022801125416337553,0.016167860247578297,-0.003343791469477493,0.05718380852459605,0.03780447005517665,0.022944207571527153,0.025999857339994475,-0.024018511405676627,0.012548265602613557,0.028812019808959862,0.009159043170378967,-0.016250088161320998,0.049635934990320006,-0.026408661269303982,0.04121830253481457,0.022884553090241917,0.03674951445023079,0.032236767274633885,-0.029645000438098083,-0.016934794836013567,-0.013162716993389343,-0.005167069573325297,0.009336459132623659,-0.004224948042294039,0.005894679786216498,-0.006678774829131832,0.02809946338168457,-0.004158496489781273,0.05283014267295241,0.009078453701918598,0.02858510539238204,-0.010725002620239517,-0.0332197968639232,-0.030232160741424992,-0.004910073916315836,-0.011563519732298062,0.01990781663744813,-0.007237705894088582,1.0,0.014455934816899297,0.006505809378136492,0.02266740382797038,0.015534042122938619,-0.004099495843043935,0.05688627251988605,0.03587824133560376,0.02147969181163086,0.02299922194906292,-0.028519657294790255,0.011550943155962891,0.024604431299142575,0.004923750302896652,-0.02027311127029336,0.04478516592850839,-0.028267927576610924,0.042863957274839215,0.01794163451671238,0.03433601304714986,0.030872282958204333,-0.03881641209112969,-0.016965599279164478,-0.019041399394712468,-0.012288043229950923,0.008790891799244239,-0.014390547298181018,0.006503339082073395,-0.005121479004304039,0.03394024034317464,-0.004323916971862247,0.05610180544487662,0.0020237945545358935,0.03146975014329542,-0.01545878393795897,-0.04215767402769462,-0.032490543549306486,-0.016922982265429883,-0.015172214015900461,0.020358111629432806,-0.009350281803180408
3.5339782860852553,0.6444993426954271,0.8883097542814594,1.0,113.0,125.0,112.0,105.0,93.0,48.0,33.0,2.0,14.0,2.0,0.0,134.0,113.0,131.0,118.0,119.0,130.0,112.0,129.0,112.0,123.0,118.0,113.0,0.19598765432098766,0.3595679012345679,0.4444444444444444,0.2706611570247934,0.325068870523416,0.40426997245179064,0.016381236038719285,0.011913626209977662,0.012658227848101266,0.01340282948622487,0.014892032762472078,0.011913626209977662,0.0,0.0052122114668652275,0.005956813104988831,0.0029784065524944155,0.03350707371556218,0.00967982129560685,0.027550260610573342,0.007446016381236039,0.018615040953090096,0.027550260610573342,0.02308265078183172,0.0052122114668652275,0.007446016381236039,0.006701414743112435,0.0052122114668652275,0.01563663440059568,0.005956813104988831,0.023827252419955324,0.014147431124348473,0.01340282948622487,0.03127326880119136,0.03648548026805659,0.0052122114668652275,0.0387192851824274,0.028294862248696945,0.00967982129560685,0.10573343261355175,0.005956813104988831,0.06105733432613552,0.03350707371556218,0.03425167535368578,0.05361131794489948,0.06403574087862993,0.00967982129560685,0.02531645569620253,0.02308265078183172,0.008935219657483246,0.04318689501116903,0.004467609828741623,0.016381236038719285,0.0022338049143708115,0.008935219657483246,0.008190618019359643,0.0014892032762472078,1.0,0.02179849096780633,-0.021775362745715586,-0.006705651220489954,0.01873817192955409,0.006597419902400546,-0.010225532793041498,0.007898225179034128,-0.00952846647231027,-0.002166676851089236,-0.01999096963737758,-0.007623801973890681,-0.00919620930998985,-0.02041123334981338,-0.09403147221701473,-0.0201960917325415,0.021575414840170892,0.02318647359568298,-0.00021591435416149388,0.022167021761791205,0.002796707506443227,0.02669421971937063,-0.03162874450299416,-0.0031333551902936636,0.03912297990754444,0.03688236146167219,0.010342761368690294,0.0020532112059011725,0.029976885870898227,-0.021656392331739546,-0.0023045615573628457,-0.01610139994993773,-0.031688043715099465,-0.04600978520001529,0.016877340527289612,-0.008979105810114536,-0.013002140575540088,0.031688319225344146,0.030929777231227813,-0.027663083960436267,-0.05218015245708089,1.0,0.021814734254667588,-0.022294331166643172,-0.005753577025902898,0.018603995337591592,0.005524300351277075,-0.009781711769576916,0.00889983921250842,-0.010675904604386322,-0.0017301282219579297,-0.0200738233125663,-0.007208609081923503,-0.009693206213606989,-0.020449319947869412,-0.09438791785959921,-0.01700714409770865,0.018210566458942885,0.0217782430113093,0.002660424808169948,0.02536310075203819,-0.00037630382229303795,0.027999436444821117,-0.0354019073393355,-0.0030841074949421402,0.03483459393088618,0.03365513629099895,0.009402454657214966,0.0024345731047211295,0.020519688953699027,-0.02512477695581289,0.003462329778323985,-0.011380927081098353,-0.032473212440162956,-0.04243716069630795,0.02090514121360844,-0.008332801481536064,-0.015527783654381943,0.03423136571625687,0.039392073069150844,-0.02005538359358126,-0.05022505603090734
3.4521620445169288,0.6049636626884665,0.8756515264333582,2.0,101.0,121.0,113.0,76.0,64.0,48.0,43.0,12.0,15.0,7.0,0.0,134.0,107.0,126.0,117.0,118.0,125.0,93.0,122.0,109.0,108.0,111.0,106.0,0.18106312292358803,0.3588039867109635,0.4601328903654485,0.2768895348837209,0.32848837209302323,0.3946220930232558,0.011913626209977662,0.007446016381236039,0.008935219657483246,0.012658227848101266,0.014892032762472078,0.00967982129560685,0.0022338049143708115,0.0052122114668652275,0.004467609828741623,0.0029784065524944155,0.04690990320178704,0.007446016381236039,0.040208488458674606,0.0052122114668652275,0.01340282948622487,0.03127326880119136,0.012658227848101266,0.0014892032762472078,0.007446016381236039,0.0052122114668652275,0.0014892032762472078,0.02084884586746091,0.0007446016381236039,0.026061057334326135,0.017870439314966492,0.008190618019359643,0.02531645569620253,0.044676098287416234,0.006701414743112435,0.03723008190618019,0.02308265078183172,0.011913626209977662,0.10722263588979895,0.0029784065524944155,0.05212211466865227,0.02084884586746091,0.03276247207743857,0.06924795234549516,0.06775874906924795,0.011913626209977662,0.0387192851824274,0.018615040953090096,0.010424422933730455,0.05137751303052867,0.005956813104988831,0.01563663440059568,0.0007446016381236039,0.006701414743112435,0.008935219657483246,0.0022338049143708115,1.0,0.029642459936477725,-0.019444860882380715,-0.010591461188675402,-0.019187165748968137,0.07617611087151634,-0.05411862031666246,-0.006973801635923445,-0.03991424713687508,0.025983983018669957,0.044671813547007,-0.03774140005551986,-0.009182535369658806,-0.022068093371242267,-0.007292182697426783,0.06039757244078371,0.05310124384190379,0.0305472751090611,0.009430048246032354,0.029900617715058857,-0.00028104171747154566,-0.0013386302716075107,0.027109158185277774,-0.004135021197463645,0.0017826488848665394,0.03419977758958404,0.035124088631609346,-0.007673132375883293,-0.0008133615199290582,-0.017711119724819785,-0.029612973923989098,0.05352413327508617,-0.027413137278838557,-0.03721267270525962,0.003174575218269475,-0.009582854041565359,0.013066750284856857,0.040960090958262974,0.022754186306006757,0.0027031381698759504,-0.034470026609885025,1.0,0.029664548207667344,-0.02037177370482171,-0.009433615253182164,-0.01906290054831833,0.07734686835301854,-0.0603950158011263,-0.0004986243706866925,-0.04168054536485852,0.0315327513971061,0.033100755942273775,-0.03186690596822819,-0.009483622086817295,-0.015651486804109615,-0.014166167087324799,0.05729869513419864,0.05774299696501484,0.029001613907350714,0.014127879248583969,0.028798182939756813,-0.009592201361458705,0.0017230982649456266,0.03072717154351835,0.0033322240720501987,0.0005943484695241981,0.033558586214896415,0.03389962484490117,-0.009223470143614049,0.007327906186050239,-0.014436696654444359,-0.029573304003376637,0.04892903952541972,-0.035535677377064076,-0.03686931601621695,0.0019713385059601024,-0.015408598981250896,0.0009385439072366073,0.050396627198478997,0.018981377549720492,0.005169302223566128,-0.041846835093386305
3.4521109944107664,0.6174691853519376,0.8749069247952346,7.0,97.0,106.0,104.0,69.0,60.0,19.0,69.0,16.0,9.0,5.0,3.0,134.0,103.0,115.0,112.0,110.0,121.0,43.0,117.0,107.0,108.0,107.0,86.0,0.24113475177304963,0.35106382978723405,0.4078014184397163,0.29453681710213775,0.34600158353127475,0.3594615993665875,0.011913626209977662,0.0037230081906180195,0.00967982129560685,0.010424422933730455,0.01712583767684289,0.011913626209977662,0.0022338049143708115,0.008935219657483246,0.004467609828741623,0.004467609828741623,0.03723008190618019,0.014892032762472078,0.03648548026805659,0.004467609828741623,0.014892032762472078,0.03350707371556218,0.00967982129560685,0.0037230081906180195,0.011913626209977662,0.0022338049143708115,0.0029784065524944155,0.03350707371556218,0.0029784065524944155,0.04690990320178704,0.008190618019359643,0.010424422933730455,0.03350707371556218,0.039463886820551006,0.0052122114668652275,0.034996276991809384,0.020104244229337303,0.007446016381236039,0.10871183916604617,0.0029784065524944155,0.058078927773641105,0.023827252419955324,0.044676098287416234,0.06254653760238273,0.058078927773641105,0.008190618019359643,0.03425167535368578,0.012658227848101266,0.007446016381236039,0.04765450483991065,0.0022338049143708115,0.008935219657483246,0.0037230081906180195,0.00967982129560685,0.0052122114668652275,0.0014892032762472078,1.0,-0.0073075421773436105,0.03907978028642898,0.01359814830607036,0.019987859021892096,0.029693644951877485,0.022642405772336907,-0.031049265790683133,-0.010432934296094935,0.0063614161889759355,-0.06282041547101745,0.04635738621841167,-0.04628882332418098,0.039775152096240614,0.0036169478870464126,-0.009677023088378742,-0.020676095751822225,-0.007045837550955628,-0.04568530586555198,0.030891319415798316,-0.002015387274233701,-0.03496535402359299,-0.024815708300299433,0.0017316020592473764,-0.009713702639361462,0.00826498877938894,0.017629894293038538,-0.020841063497095434,-0.00038873559285136535,-0.026943964837638303,0.04660750864040859,-0.01709541079836486,0.009660787008777524,0.0008929884148028097,0.018444904086541734,0.007574078918069423,-0.024206030914765884,0.03233196802126947,0.015146182963274238,-0.011643042396008337,-0.00499688224770103,1.0,-0.007312987439770837,0.039086675382499145,0.014211932654076031,0.018754591927225568,0.029075326964318464,0.021585274013968102,-0.033738600329316824,-0.01396918508104144,0.00698954759080338,-0.06340954514327153,0.04581028512168324,-0.039849308295036245,0.04024340017157269,0.007672574701392626,-0.010670388193234332,-0.02063659022282299,-0.01196499701914881,-0.044471057419784285,0.029963393224599653,-9.820747426226178e-05,-0.02711597324928086,-0.03162005895751071,0.013327402970954241,-0.01291209547852066,0.007729202603145868,0.020225054030689592,-0.01847767248266807,-0.009004119810193525,-0.02079866368102126,0.04271711088770257,-0.014565790922678205,0.004964953888963872,0.0036226601705482597,0.015161603792730769,0.01108135117781346,-0.030905174233229898,0.03354606894127817,0.016582724191223155,-0.02531431847777096,0.0012379185944980612
3.4522520743237357,0.6310746731391019,0.8830975428145942,8.0,107.0,120.0,106.0,91.0,73.0,31.0,42.0,12.0,10.0,9.0,2.0,134.0,107.0,128.0,127.0,118.0,128.0,75.0,126.0,110.0,109.0,117.0,104.0,0.20130932896890344,0.35842880523731585,0.4402618657937807,0.28054953000723065,0.33550253073029646,0.3839479392624729,0.014147431124348473,0.005956813104988831,0.010424422933730455,0.008935219657483246,0.020104244229337303,0.011913626209977662,0.0014892032762472078,0.0052122114668652275,0.0052122114668652275,0.0022338049143708115,0.0379746835443038,0.011169024571854059,0.04393149664929263,0.004467609828741623,0.022338049143708117,0.021593447505584513,0.014892032762472078,0.0052122114668652275,0.007446016381236039,0.0022338049143708115,0.0029784065524944155,0.029039463886820552,0.0022338049143708115,0.028294862248696945,0.01340282948622487,0.010424422933730455,0.03201787043931496,0.0387192851824274,0.0029784065524944155,0.03723008190618019,0.021593447505584513,0.012658227848101266,0.10349962769918093,0.0014892032762472078,0.04765450483991065,0.027550260610573342,0.044676098287416234,0.06552494415487714,0.06999255398361877,0.008190618019359643,0.0387192851824274,0.017870439314966492,0.0052122114668652275,0.04616530156366344,0.0014892032762472078,0.01340282948622487,0.0029784065524944155,0.010424422933730455,0.006701414743112435,0.0,1.0,0.046798876203652036,-0.011349128517871261,-0.004658109803266445,-0.009748362429464396,0.03606216448121929,-0.005929881394563653,0.024419239746808784,0.013594151244995759,0.005057348438234259,-0.003202672136066336,0.029826802041513154,0.003874203697798335,-0.010072481305173278,0.02851835662500831,0.0494371252980345,-0.0036783469885886843,0.02238178371124188,-0.011180985935991627,0.0017431415710382984,-0.015075577579064876,0.03813397001006499,0.03256750367619584,0.02180923866548985,0.026491019120592353,0.01217747730119534,-0.010477531365874947,-0.02552860271809124,-0.0217412498708796,0.025565031824568235,0.03313961078844576,0.06106294903132519,0.0038831283031005998,0.005427624321606039,-0.04319998766886533,-0.012560065620822614,0.01030196961184281,-0.009672498812153558,-0.013295988757027019,-0.01543919032444909,-0.00129278606391672,1.0,0.04683374868964583,-0.01358926158695414,-0.0035008775269682064,-0.009567563077096459,0.03710251632748647,-0.009731844946073426,0.026231889696177613,0.011248363505006184,0.005290268855245698,-0.004782643622352089,0.03198325283387548,-0.0008062922987680487,-0.00996440303846149,0.02931867837622276,0.047763091148872824,-0.010569002184092829,0.025353173487951984,-0.013440222490520383,0.0015730975530060885,-0.018976063298280093,0.04203684700830207,0.0227924077452555,0.020853456501823128,0.024979132463280446,0.01236057649181724,-0.017338805605686878,-0.02306856689189543,-0.023765103545242014,0.022380648264562857,0.02664102792700902,0.06105991725552238,-0.004686707059823899,0.009288912935969684,-0.0464200784605999,-0.008270654672142339,-0.0012382572932972502,-0.012034253977599321,-0.021655774627948505,-0.013703619821057231,-0.0037749525720656963
3.49670428593675,0.6378664708917035,0.885331347728965,8.0,99.0,124.0,110.0,100.0,99.0,13.0,30.0,16.0,13.0,11.0,2.0,134.0,107.0,128.0,127.0,119.0,130.0,59.0,127.0,127.0,111.0,123.0,86.0,0.2192,0.3824,0.3984,0.28374455732946297,0.35123367198838895,0.36502177068214803,0.01563663440059568,0.011169024571854059,0.014147431124348473,0.01340282948622487,0.010424422933730455,0.010424422933730455,0.0029784065524944155,0.011913626209977662,0.004467609828741623,0.0007446016381236039,0.039463886820551006,0.007446016381236039,0.029784065524944156,0.005956813104988831,0.02308265078183172,0.02084884586746091,0.022338049143708117,0.004467609828741623,0.011169024571854059,0.0037230081906180195,0.0022338049143708115,0.02680565897244974,0.0022338049143708115,0.03723008190618019,0.012658227848101266,0.01340282948622487,0.03201787043931496,0.039463886820551006,0.0052122114668652275,0.03350707371556218,0.02680565897244974,0.011169024571854059,0.10573343261355175,0.0022338049143708115,0.05137751303052867,0.02531645569620253,0.04765450483991065,0.0573343261355175,0.06478034251675353,0.008935219657483246,0.03276247207743857,0.016381236038719285,0.006701414743112435,0.035740878629932984,0.0029784065524944155,0.016381236038719285,0.0014892032762472078,0.007446016381236039,0.010424422933730455,0.0,1.0,-0.004302994954966005,-0.05209634493088561,0.00048738285974476883,0.022741239470682847,-0.0026876589461506564,0.0035492676092942137,-0.006171802028018334,-0.025460959616300478,-0.018647360668242702,0.05014492654821734,0.01823857567435571,-0.03217743633294938,0.019673316615074415,0.03534892586627304,0.012845398884918015,-0.011129678013857862,-0.011868040129200718,0.0052835379968040695,0.009584237609341918,-0.03038614768639799,-0.0030924438925925613,0.03215165073742954,-0.01163140418721026,0.054954444109235306,0.023657729998684627,-0.005958991758115736,-0.021406609608226282,0.05153664950302159,-0.04537429003597995,0.0011697651283306297,-0.0038432378417396712,-0.03574768074029918,0.02610603937216854,0.025052774746385346,0.041163788909277695,-0.02132833685278896,-0.0022435622794947877,0.02142666758222577,0.02506176212514274,-0.007306559974546439,1.0,-0.00430620135955241,-0.05219355390072733,2.7394837133383632e-05,0.02014360984297258,-0.0024842802291029555,0.005777523192313028,-0.006460257445434947,-0.025733415584473444,-0.01962042106993048,0.0477071371646978,0.017310969853626294,-0.026434337228717467,0.022240321962905134,0.031125844007828522,0.014751269573868249,-0.007825244129468055,-0.012256276671713952,0.005551187623068871,0.010406497593537258,-0.03309585518826091,-0.003531968809615373,0.034826514857404664,-0.011490028756612623,0.05603498423308306,0.021566581230341306,0.0001288693627796941,-0.018105653952653584,0.0467971682647956,-0.05266413637721878,0.010806569636535363,-0.0037680656388473957,-0.04201541124827144,0.032640720105774186,0.021161399405007227,0.04097335175806931,-0.016360010129234673,0.00020209199161956107,0.01002071044826992,0.02459423778743741,-0.003333551988071023
3.5091000616332932,0.6369215716922267,0.8935219657483247,7.0,107.0,118.0,109.0,90.0,84.0,33.0,38.0,25.0,4.0,6.0,2.0,134.0,107.0,122.0,118.0,111.0,122.0,107.0,121.0,109.0,111.0,115.0,107.0,0.20706260032102727,0.36597110754414125,0.42696629213483145,0.27239884393063585,0.32442196531791906,0.4031791907514451,0.014147431124348473,0.008190618019359643,0.016381236038719285,0.018615040953090096,0.014147431124348473,0.016381236038719285,0.0022338049143708115,0.0052122114668652275,0.0022338049143708115,0.0037230081906180195,0.039463886820551006,0.011913626209977662,0.028294862248696945,0.0029784065524944155,0.020104244229337303,0.02680565897244974,0.020104244229337303,0.0022338049143708115,0.008935219657483246,0.0037230081906180195,0.0052122114668652275,0.018615040953090096,0.0007446016381236039,0.029039463886820552,0.01340282948622487,0.014892032762472078,0.024571854058078928,0.04839910647803425,0.0052122114668652275,0.03425167535368578,0.026061057334326135,0.01340282948622487,0.08413998510796723,0.0037230081906180195,0.05956813104988831,0.021593447505584513,0.040208488458674606,0.06850335070737155,0.07222635889798958,0.008190618019359643,0.03425167535368578,0.0193596425912137,0.008190618019359643,0.040208488458674606,0.0029784065524944155,0.01340282948622487,0.0014892032762472078,0.00967982129560685,0.011169024571854059,0.0014892032762472078,1.0,0.0292196812352998,0.02438758864021374,0.029672271153369102,0.017678644753601012,0.07681601558685675,-0.012056821266109215,0.025739213655384327,0.032534966195502425,-0.0064358387965876,0.0030548499346010243,-0.009567572184185354,0.02785362963223301,0.048823986913242745,0.013209857046117187,0.012402674479782147,-0.0024821130334916,-0.00722418582953434,0.03980209991649729,0.04769718247095771,0.014933850753116455,0.020862038623611225,0.04141935728829644,0.04578928564404437,-0.001068650923771247,0.01603323085287985,0.07062710902500845,-0.015180603991426,-0.04167742613980637,-0.01983606879210154,0.0445391462973807,-0.014926240061206537,0.0052032860782522195,-0.008326491108200234,-0.04845106122081124,-0.01187417021359647,0.008788538995793412,-0.045432462866093856,-0.007768528406400875,-0.004263124807059855,0.005306309481922785,1.0,0.029241454470199414,0.02358906835476989,0.028391639413620242,0.015550189786451429,0.07499637231448751,-0.01794593570194563,0.022607386927188423,0.02776905365783514,-0.010774193071086279,-0.004314855762814831,-0.009331422531059204,0.024575461856617423,0.04516813372349047,0.012075519350378299,0.007415454997025114,-0.005831578799614412,-0.01331920468422539,0.03487312007218544,0.046399495032836434,0.007113109189757066,0.015486731083339238,0.03897288027610744,0.03741314522025185,-0.010328413266659696,0.009524232602540575,0.06060325560840994,-0.029688131861112566,-0.05153652398672634,-0.019060332041359998,0.04397869808411332,-0.02985327382777333,0.008044172917109925,-0.009131678439644486,-0.05544759742741946,-0.01764807136312992,0.017041181634058607,-0.05175005262238944,-0.013660801963989784,0.0004171057465746024,0.007449300150446214
3.4362407697616133,0.6058535300199641,0.8801191362620998,9.0,107.0,123.0,121.0,97.0,82.0,27.0,24.0,23.0,9.0,6.0,1.0,134.0,107.0,125.0,125.0,117.0,127.0,99.0,122.0,111.0,110.0,121.0,110.0,0.18282988871224165,0.397456279809221,0.41971383147853736,0.27201704545454547,0.3288352272727273,0.3991477272727273,0.017870439314966492,0.008190618019359643,0.01340282948622487,0.011913626209977662,0.01340282948622487,0.01340282948622487,0.0022338049143708115,0.0029784065524944155,0.005956813104988831,0.0014892032762472078,0.03425167535368578,0.01340282948622487,0.04169769173492182,0.0052122114668652275,0.0193596425912137,0.023827252419955324,0.01340282948622487,0.0,0.007446016381236039,0.0052122114668652275,0.0037230081906180195,0.016381236038719285,0.0014892032762472078,0.029784065524944156,0.010424422933730455,0.007446016381236039,0.03276247207743857,0.03425167535368578,0.0052122114668652275,0.0379746835443038,0.03052866716306776,0.008935219657483246,0.10498883097542815,0.0,0.06478034251675353,0.02531645569620253,0.03723008190618019,0.07073715562174236,0.06775874906924795,0.008190618019359643,0.04690990320178704,0.01563663440059568,0.004467609828741623,0.039463886820551006,0.0029784065524944155,0.012658227848101266,0.0037230081906180195,0.010424422933730455,0.010424422933730455,0.0007446016381236039,1.0,0.03930497949980102,0.03978348588804021,-0.02272206627521833,0.03132592730026829,0.03168940264542495,-0.01939536647725684,-0.004035802702584143,-0.0064620164679321575,0.0669936711483678,-0.004609900399666431,-0.022240594492358188,-0.019895685951290456,0.009892127339014279,-0.018172876045280444,0.04113123034557626,0.02465078609322099,0.05669056305310508,-0.012436675215612219,-0.0029409286823327413,-0.026137459021775746,-0.03628626989784811,0.014216671119782223,-0.009435696614904756,0.02858359209530799,-0.008460627872748932,0.00984508480226242,-0.018306547833466195,-0.0007039786929907113,0.0175552762246946,-0.020320878420998677,0.05173689573178867,0.018058480448897324,0.05461556918692715,0.028371025217290142,-0.01216602739580732,-0.009847905909860363,-0.04353497351455954,0.0018670663134643995,-0.04885499905438538,-0.003610676268839107,1.0,0.03933426786008403,0.03835497754962541,-0.025866694502514262,0.03187117883610223,0.03140318256938986,-0.025177541789104654,-0.003240284026855649,-0.0037943461106174432,0.065397134739625,-0.009379020477098779,-0.02614408123784019,-0.01416007012694297,0.009262968947573344,-0.023212543279889655,0.04672546603858532,0.026810884455368188,0.05171650348862217,-0.022120488495005686,-0.005435612479031399,-0.024696007903878877,-0.03706671263364928,0.01606033939252075,-0.0021106709199013307,0.023374322048141223,-0.00882534291566823,0.0026118189078770675,-0.014129841344313256,0.0007935158808140229,0.023808957533548884,-0.019662562992129543,0.051189360163704775,0.011275131471100024,0.043558786060465135,0.025906924812929874,-0.017212444429737742,-0.0060407564477224195,-0.04259472037087857,0.0021691342376790406,-0.049600108114201215,-0.004070237863534341
3.503480231798143,0.6219814592938793,0.8875651526433358,2.0,105.0,121.0,109.0,76.0,88.0,51.0,25.0,9.0,7.0,7.0,1.0,134.0,105.0,121.0,121.0,109.0,128.0,104.0,121.0,105.0,107.0,108.0,105.0,0.1913477537437604,0.33444259567387685,0.47420965058236275,0.27997076023391815,0.3230994152046784,0.3969298245614035,0.016381236038719285,0.008935219657483246,0.017870439314966492,0.011169024571854059,0.021593447505584513,0.010424422933730455,0.0029784065524944155,0.0022338049143708115,0.0037230081906180195,0.0014892032762472078,0.040208488458674606,0.008935219657483246,0.034996276991809384,0.008935219657483246,0.011913626209977662,0.027550260610573342,0.01563663440059568,0.0022338049143708115,0.008935219657483246,0.0037230081906180195,0.0029784065524944155,0.022338049143708117,0.0037230081906180195,0.021593447505584513,0.01712583767684289,0.00967982129560685,0.02308265078183172,0.044676098287416234,0.006701414743112435,0.03425167535368578,0.026061057334326135,0.01340282948622487,0.11094564408041697,0.0052122114668652275,0.05286671630677588,0.022338049143708117,0.03350707371556218,0.0573343261355175,0.06999255398361877,0.012658227848101266,0.03350707371556218,0.017870439314966492,0.00967982129560685,0.040208488458674606,0.0014892032762472078,0.0193596425912137,0.005956813104988831,0.011913626209977662,0.008935219657483246,0.0007446016381236039,1.0,0.05346079235203881,0.03256018522442274,0.020668342752479054,0.017371558188376452,0.02135083090764809,0.04621991400607792,0.0169106075845357,0.06094169215865855,-0.009286522484415747,0.04071276921056321,0.04640650895108387,0.018572649467214934,0.08705370000547553,0.01846730738772769,0.0009420880616644614,0.002467605827718378,0.027265918942219098,0.01721499840195377,0.04309086919028531,-0.005712377353627795,0.027160689559346946,0.048819664233743384,0.03971750269188767,-0.030743843325220312,0.03160671780414808,0.0328003760255926,-0.0010927341302410666,0.048068046341838935,0.010303789353962547,0.03942075020981355,0.054350470903142066,0.04495219809221523,-0.009661950855419304,-0.0003266243449832844,-0.0010959396171680452,0.022757522727046994,-0.0038294860079231,0.016580736538224863,0.004044584280901191,-0.005146145210290531,1.0,0.05350062900803884,0.029831817098253523,0.017491638513834534,0.014539039715726709,0.01870525678589434,0.04326641287727001,0.010774581867161601,0.056717192846874175,-0.018287233577168393,0.03738683283279484,0.04007220014709706,0.0089910443393219,0.08135974475146546,0.002810442750029819,-0.006999623725957929,-0.008048383325395744,0.023098616088020423,0.006272738285902527,0.031001520471567273,-0.014531126240441861,0.014148989009014899,0.046676439202514505,0.026437755959074025,-0.04753075903526613,0.025367796366116673,0.024284554369710408,-0.014447819760054985,0.04588864750901261,-0.003174496091621608,0.02953160317915629,0.04552813455011156,0.032583997014987875,-0.027734439266472326,-0.010823458663740461,-0.008613513861640804,0.0036281897438693476,-0.0027349957324230146,0.0027504015413473736,-0.010456389720037094,-0.012770127787142784
3.536482369814125,0.634589553452131,0.896500372300819,6.0,111.0,127.0,125.0,106.0,74.0,27.0,31.0,11.0,15.0,8.0,4.0,134.0,115.0,131.0,125.0,125.0,130.0,110.0,129.0,123.0,123.0,125.0,123.0,0.17209302325581396,0.3984496124031008,0.4294573643410853,0.2632283991962492,0.3322170127260549,0.4045545880776959,0.01340282948622487,0.010424422933730455,0.016381236038719285,0.01340282948622487,0.017870439314966492,0.016381236038719285,0.0029784065524944155,0.011169024571854059,0.0014892032762472078,0.0022338049143708115,0.04765450483991065,0.008935219657483246,0.029039463886820552,0.007446016381236039,0.02084884586746091,0.02084884586746091,0.01563663440059568,0.004467609828741623,0.011913626209977662,0.0037230081906180195,0.0037230081906180195,0.0193596425912137,0.0022338049143708115,0.03052866716306776,0.014892032762472078,0.012658227848101266,0.026061057334326135,0.04244229337304542,0.006701414743112435,0.03425167535368578,0.027550260610573342,0.01563663440059568,0.0967982129560685,0.0037230081906180195,0.04318689501116903,0.026061057334326135,0.03648548026805659,0.05956813104988831,0.05956813104988831,0.0052122114668652275,0.029039463886820552,0.018615040953090096,0.008935219657483246,0.05137751303052867,0.0014892032762472078,0.021593447505584513,0.0052122114668652275,0.01340282948622487,0.007446016381236039,0.0,1.0,-0.025040382016426097,-0.048440812916226005,-0.031780609193595405,0.022536776213291285,-0.006988839516209481,0.013575922459183473,-0.0033897501038118107,0.016759091977218213,0.0029315340880649043,-0.013502875390149424,-0.039520644143384805,-0.026909773731910502,0.007323405028030504,-0.03185842778662874,0.03373398462110223,-0.007716955160697953,-0.014469658040895842,0.007596472263349731,-0.02460143700662876,0.019066532275058046,0.008700896784495118,0.03196375056909958,0.027533826719119737,0.022730239647001424,-0.035428735609956956,-0.006545015412567375,-0.05870026982959563,0.022832405108796736,-0.0034221136476134174,0.06096353499609363,0.012134481899434743,-0.008732126752483658,0.026397130171454484,0.0018472297345470572,0.047575749965822,-0.02319687482692734,0.028356150611478302,0.0072387635759910115,0.01639800345140169,-0.020797637120425302,1.0,-0.025059041019418957,-0.04917189202087888,-0.034464349049794056,0.018497836910712724,-0.00918763632120625,0.014189616307419913,-0.0020990323728184803,0.017214435573395862,0.0048686025414230415,-0.012597955650666801,-0.038939700747119055,-0.03149915722517737,0.0012026188481269319,-0.037558432855992425,0.03241067721818803,-0.008446660848392197,-0.013708337141395391,0.011057395756070605,-0.02749589424672803,0.021045850722894784,0.006098034425999747,0.03207240435450496,0.03064124838287262,0.025859450755222974,-0.030337027636865313,-0.006214929300770014,-0.06192391833641635,0.012191942544733662,-0.0068911338842738866,0.05687983116528901,0.01947537879330301,-2.664673417271487e-05,0.03705946474848235,0.008429431536019856,0.05710288682058532,-0.021480625423840934,0.0301384190946555,0.003338282156627825,0.011752003679465842,-0.011830629316371917
3.4950928153191674,0.6238138660088353,0.8726731198808637,6.0,116.0,125.0,122.0,95.0,92.0,51.0,31.0,12.0,24.0,6.0,1.0,134.0,117.0,129.0,127.0,125.0,130.0,113.0,127.0,127.0,121.0,119.0,115.0,0.1894273127753304,0.37151248164464024,0.4390602055800294,0.2634770889487871,0.33692722371967654,0.3995956873315364,0.014147431124348473,0.005956813104988831,0.011169024571854059,0.012658227848101266,0.017870439314966492,0.014147431124348473,0.0014892032762472078,0.006701414743112435,0.0029784065524944155,0.0022338049143708115,0.040208488458674606,0.006701414743112435,0.034996276991809384,0.004467609828741623,0.01563663440059568,0.021593447505584513,0.014892032762472078,0.0029784065524944155,0.00967982129560685,0.0022338049143708115,0.0014892032762472078,0.02680565897244974,0.0052122114668652275,0.029784065524944156,0.010424422933730455,0.00967982129560685,0.02680565897244974,0.04318689501116903,0.0029784065524944155,0.04318689501116903,0.03127326880119136,0.01712583767684289,0.10201042442293373,0.0037230081906180195,0.05286671630677588,0.024571854058078928,0.03723008190618019,0.045420699925539834,0.06850335070737155,0.008935219657483246,0.0379746835443038,0.02084884586746091,0.007446016381236039,0.05137751303052867,0.0037230081906180195,0.0193596425912137,0.0052122114668652275,0.008935219657483246,0.007446016381236039,0.0037230081906180195,1.0,-0.013047594186736946,0.03803216940243467,0.013893276362930978,0.0083513348037947,-0.013979370088381878,-0.03033536331129796,-0.06755012745964482,-0.0029644983304525094,0.026579511331057733,0.0033788068844334946,0.042936680221783784,0.024942043851380224,0.010623722411863918,0.024181700729842118,0.023955776484390658,-0.012047684736623534,0.020413979402463273,-0.03291343144545855,0.01194096131629888,-0.019373963180068902,0.03502439381979824,0.001469636664486118,0.03457484135919179,0.011181986729115636,0.0287099514370222,0.026543655049388385,-0.009770005987427846,0.037849615453957056,-0.04556939702271601,0.03658140879907973,-0.032667144514821854,0.038861196533879906,-0.008638029175555364,0.008618664144882573,0.024835222065903582,0.009251365463451677,-0.00023013243075028296,0.02228739694191371,0.03382820549635284,-0.03640549482205177,1.0,-0.013057316686130945,0.03792486392892024,0.01492205766736858,0.007315662605835757,-0.014952213247873995,-0.03172468192967873,-0.06807263790109719,-0.002248098268970776,0.03325591225930565,0.007070211303163769,0.0419742616028893,0.022610952474863815,0.0031124978218050403,0.017393110803038514,0.024554104995600495,-0.008441549771530594,0.022003904339265398,-0.02679332960449015,0.013492500231618583,-0.017275672327237958,0.037359329629507526,0.00511502851962116,0.02951283032290023,0.010004654386264276,0.02142805906473983,0.023341325145714586,-0.011199766665665982,0.039337405044281994,-0.04236695180449261,0.03752194800404837,-0.027130485296422608,0.03903230029352583,-0.004203267582259921,0.0014576231990440177,0.02583688938750917,-0.0010694863129943756,-0.0022742919620787026,0.017018381782171632,0.037972657878294534,-0.04061455224388236
3.458870128539927,0.625854116580993,0.8816083395383469,3.0,107.0,122.0,113.0,98.0,71.0,23.0,29.0,14.0,14.0,4.0,6.0,134.0,113.0,129.0,122.0,118.0,126.0,105.0,123.0,113.0,109.0,113.0,108.0,0.17052980132450332,0.3956953642384106,0.4337748344370861,0.27105449398443027,0.32696390658174096,0.4019815994338287,0.011913626209977662,0.011169024571854059,0.01712583767684289,0.011169024571854059,0.014147431124348473,0.017870439314966492,0.0007446016381236039,0.0037230081906180195,0.004467609828741623,0.0029784065524944155,0.0379746835443038,0.00967982129560685,0.0379746835443038,0.005956813104988831,0.0193596425912137,0.023827252419955324,0.014147431124348473,0.0029784065524944155,0.006701414743112435,0.0029784065524944155,0.0052122114668652275,0.02531645569620253,0.0014892032762472078,0.028294862248696945,0.011913626209977662,0.005956813104988831,0.03276247207743857,0.0379746835443038,0.0022338049143708115,0.034996276991809384,0.021593447505584513,0.011913626209977662,0.10945644080416977,0.0022338049143708115,0.06180193596425912,0.022338049143708117,0.03723008190618019,0.07297096053611318,0.06403574087862993,0.006701414743112435,0.03276247207743857,0.01563663440059568,0.008935219657483246,0.04616530156366344,0.0029784065524944155,0.011169024571854059,0.004467609828741623,0.014892032762472078,0.007446016381236039,0.0022338049143708115,1.0,-0.034758363136023554,0.014907693129604882,0.02709407864197356,-0.04044657162421346,-0.04683545132480557,0.035408458826353066,0.009213777645144838,0.04044982468279511,-0.03020162219854093,0.01248551685907408,-0.015603898373946172,0.0744336318208396,0.015323793531910436,-0.006078704692704062,0.01053679837440511,0.002515992854193043,-0.012849130513981923,0.020662011054881906,0.013095211013192096,-0.04433369724518476,-0.008583387426215687,0.0014447579149017096,0.015977759471621847,-0.026647630113218926,0.002430692712555124,-0.02843691919628145,0.00011153721071867158,-0.016370846974109177,-0.00998269660390889,0.009802622269520889,0.01743781662495367,0.024999518084896515,-0.02861297586781296,0.023857585036910607,0.0049248382018343495,0.014692480724614626,0.01833326373726331,0.010815864568915558,-0.007772934203001201,0.02178048282234085,1.0,-0.03478426355564801,0.013736602367668448,0.02818416038974534,-0.03894982341862581,-0.050731623306037074,0.03286874224865045,0.015512049590808565,0.04165158973185712,-0.03413602423714947,0.008751523133385846,-0.01189316194278174,0.07995753849921214,0.021184450433055686,-0.012266024574894391,0.005683392828511205,0.0062382609643352755,0.0002627418940413783,0.01444729176821282,0.012671701067412024,-0.05152456638551653,-0.010330920033197778,0.0025258823454810467,0.023845552569490915,-0.03508528962892643,-0.010254752398109915,-0.029124503380285834,0.003895097575353603,-0.012248054475066161,-0.015629357399107823,0.005628819584704732,0.012830382289160032,0.04027666387374142,-0.029479342545701736,0.02385652612003569,0.0037165426293308203,0.028168767892486905,0.01874102737072711,0.012836457227559689,-0.00423202662911455,0.02069412538588531
3.5033762739362952,0.6262116582430066,0.885331347728965,0.0,125.0,123.0,111.0,115.0,72.0,48.0,26.0,9.0,10.0,12.0,0.0,134.0,125.0,130.0,127.0,124.0,128.0,115.0,129.0,125.0,117.0,125.0,111.0,0.15053763440860216,0.3763440860215054,0.4731182795698925,0.26241610738255033,0.3308724832214765,0.40671140939597317,0.01340282948622487,0.008935219657483246,0.016381236038719285,0.008935219657483246,0.014147431124348473,0.016381236038719285,0.0029784065524944155,0.008190618019359643,0.0037230081906180195,0.0014892032762472078,0.0379746835443038,0.012658227848101266,0.034996276991809384,0.008190618019359643,0.01563663440059568,0.0193596425912137,0.014147431124348473,0.0022338049143708115,0.006701414743112435,0.007446016381236039,0.0029784065524944155,0.03127326880119136,0.0052122114668652275,0.018615040953090096,0.01340282948622487,0.01340282948622487,0.03276247207743857,0.04244229337304542,0.0052122114668652275,0.03723008190618019,0.02084884586746091,0.014147431124348473,0.10126582278481013,0.0037230081906180195,0.058078927773641105,0.021593447505584513,0.03648548026805659,0.06180193596425912,0.06701414743112435,0.01340282948622487,0.029784065524944156,0.01712583767684289,0.014147431124348473,0.04839910647803425,0.0014892032762472078,0.01563663440059568,0.0007446016381236039,0.010424422933730455,0.007446016381236039,0.0,1.0,0.06116773444532473,0.04527726575990245,0.012351840716780109,0.04103203513188148,0.04556241832977391,0.008713274023557259,-0.014320217153964648,0.006748827280755482,-0.017819247476925402,-0.02624621570761466,0.007266893150130349,-0.007375333973180956,-0.017258932507578977,-0.002239209022302933,0.0010688237048290612,0.025122051528410554,0.009657387360032011,0.03467653215339441,0.0029084209369664204,-0.027732132794619137,0.0001433286401130381,0.04635549888781784,0.023733903412543396,-0.008641657789962703,0.0037801090931651065,-0.023245805414237,-0.0018186439988122096,-0.0134295073291107,0.006953351662467857,0.01669168816779336,0.021729776584298068,0.014758714303286633,-0.005342597843891231,-0.03277846934128142,-0.045869343175565534,-0.0007504544669185069,0.013735310531379236,-0.002406862049290932,0.008634721271934025,0.011422856502100601,1.0,0.06121331397918859,0.041754179391410684,0.007203277012960968,0.038329246416722,0.040562679484909596,0.00038743996320789626,-0.019309565147475186,0.006242218460595592,-0.020806682626994,-0.027022765609490233,0.01288001623575148,-0.005186348207550402,-0.01634701667864959,0.003450525689313606,0.004600392277042366,0.024659104464599412,0.007889936553892763,0.034340905610571466,-0.003444037038798805,-0.03450881761584859,0.0009537325816082352,0.04562415724207081,0.01630565679426159,-0.012957025712389816,0.007554906671631503,-0.02649730076117752,-0.005101306164143388,-0.01014566667424287,0.010392354391694916,0.01777242279278211,0.025089590854678212,0.01530488101427459,-0.012011898047539825,-0.03878991540075796,-0.04612912317785587,0.004141061472416928,0.01826229389241076,-0.0001882433900705672,0.013996750043833996,0.011876960810475734
3.4893046663783642,0.6239242632820844,0.874162323157111,4.0,103.0,115.0,110.0,93.0,82.0,21.0,48.0,13.0,11.0,8.0,2.0,134.0,106.0,118.0,121.0,113.0,122.0,53.0,124.0,113.0,115.0,110.0,107.0,0.21967213114754097,0.3721311475409836,0.4081967213114754,0.2844311377245509,0.3458083832335329,0.36976047904191617,0.012658227848101266,0.008190618019359643,0.014892032762472078,0.012658227848101266,0.008190618019359643,0.01340282948622487,0.0029784065524944155,0.008190618019359643,0.0022338049143708115,0.0022338049143708115,0.04095309009679821,0.010424422933730455,0.040208488458674606,0.0029784065524944155,0.022338049143708117,0.03648548026805659,0.010424422933730455,0.0007446016381236039,0.01712583767684289,0.004467609828741623,0.005956813104988831,0.03052866716306776,0.0029784065524944155,0.027550260610573342,0.011913626209977662,0.014892032762472078,0.029784065524944156,0.04690990320178704,0.004467609828741623,0.039463886820551006,0.02084884586746091,0.014892032762472078,0.09084139985107967,0.0029784065524944155,0.05584512285927029,0.022338049143708117,0.03127326880119136,0.06180193596425912,0.06403574087862993,0.006701414743112435,0.029784065524944156,0.011169024571854059,0.0037230081906180195,0.05361131794489948,0.0037230081906180195,0.02084884586746091,0.004467609828741623,0.007446016381236039,0.005956813104988831,0.0014892032762472078,1.0,-0.004286709929695788,0.04829367667081364,0.0006612527149678284,0.07627150607536637,0.036460009510926664,0.05112411398523004,-0.004506725871416697,-0.01085735644108313,-0.024683607648883533,0.030406391590003447,0.0076749907100367495,0.01570527146767188,0.007234982178871261,0.023784637427492348,0.01483345427826873,-0.004593486211758844,-0.035390874666204754,0.0009802948461504108,-0.007906718787817915,0.028241184078028798,-0.011837751722443881,-0.005887610408928119,-0.028391091327876636,0.030892083575666987,0.05506196044039468,-0.030765026175998186,-0.02190579904094066,-0.05298619222253779,0.035313353965950534,0.019259434754081834,0.030490708991283134,0.04193206651110384,0.006371061503086277,-0.02707101205879327,-0.015375984183223905,0.017612130148956785,-0.03875773617512655,0.03813869639741837,0.002471367775352014,-0.01158620555188954,1.0,-0.004289904199390046,0.048348189521364736,0.001070116072994336,0.07434330826733326,0.03743590689894311,0.04516539003031236,-0.007338336276467728,-0.02112882022328704,-0.030541708854323925,0.023227090562699493,0.007949600396915975,0.014476919701044373,0.012909567976528839,0.022842163998050995,0.013947800835335084,-0.012548583502979877,-0.04195984247962654,-0.0045985445735582725,-0.007829007395201471,0.027713976573495638,-0.004621137319098039,-0.0035899642462899383,-0.02278008453762667,0.026992398898768144,0.056249305038270664,-0.037631447565676504,-0.02261571023259152,-0.05449423282572953,0.03231081084721965,0.02307120503463195,0.03206261393365123,0.05678970643507205,0.010084232079899145,-0.03528283755459425,-0.03530707627053876,0.005903802541814673,-0.04593581958419878,0.043265720456944066,0.013434100713564186,-0.009322303746519102
3.495396264136221,0.6305976056832333,0.8868205510052122,2.0,98.0,117.0,114.0,85.0,68.0,38.0,49.0,13.0,13.0,12.0,1.0,134.0,105.0,121.0,120.0,115.0,121.0,97.0,119.0,105.0,103.0,107.0,100.0,0.19508196721311474,0.36885245901639346,0.4360655737704918,0.27765404602821087,0.32887899034892354,0.39346696362286565,0.014892032762472078,0.008190618019359643,0.018615040953090096,0.011913626209977662,0.022338049143708117,0.011169024571854059,0.0022338049143708115,0.014147431124348473,0.004467609828741623,0.004467609828741623,0.0379746835443038,0.010424422933730455,0.03127326880119136,0.005956813104988831,0.014892032762472078,0.023827252419955324,0.017870439314966492,0.0037230081906180195,0.0052122114668652275,0.0022338049143708115,0.0037230081906180195,0.017870439314966492,0.0037230081906180195,0.03425167535368578,0.01340282948622487,0.012658227848101266,0.023827252419955324,0.034996276991809384,0.004467609828741623,0.035740878629932984,0.026061057334326135,0.008935219657483246,0.09828741623231571,0.0014892032762472078,0.06180193596425912,0.029039463886820552,0.035740878629932984,0.06999255398361877,0.06775874906924795,0.008190618019359643,0.03723008190618019,0.012658227848101266,0.005956813104988831,0.04616530156366344,0.004467609828741623,0.014147431124348473,0.004467609828741623,0.008190618019359643,0.007446016381236039,0.0014892032762472078,1.0,0.0353563935351056,0.08270927405606035,0.05996895100460853,0.056426011586154304,0.0052269835940794655,0.06362675620849959,0.011322844284558483,-0.0018329904102670812,-0.008591669528332554,0.0547136812682585,0.03862880034059525,0.038088059747351424,0.009769772683665075,-0.012248474128301363,0.012080864127534435,0.038828210502541226,0.04295901939890539,0.05648576854310484,0.0353859176200987,0.042798642939277404,0.04408371385705333,0.07797493182509815,0.07547387940801417,0.054723394826969946,0.033003174737495304,0.0033829781148330107,0.030599296173869677,0.03539978272379702,0.014978735083288277,0.02494794429868026,0.0014474829758377187,-0.04286242718870297,0.04028057687527088,-0.03606904034165133,0.05168419442499242,0.05754785146596663,0.0256340492420963,0.0379575636685285,0.07218699121722569,-0.001872848301811257,1.0,0.035382739580958875,0.08168295243117299,0.05495661752949926,0.046860192115907646,-0.006962281740784572,0.05323935941986304,0.0026884703312037433,-0.013770124334439877,-0.015777131389300002,0.05130322826330131,0.03921480030674413,0.02782503264043319,-0.0029388683885154076,-0.02620589858365924,0.007565127449690272,0.03337418765645307,0.038029039670064206,0.04874743843743391,0.02499786266324689,0.028992937365640507,0.0268856140865481,0.05751614356872528,0.057287291044906916,0.03489944138301093,0.013492984513672316,-0.019607312220070373,0.011929591941670526,0.017241399387392685,-0.0014292673123963862,0.013256633639277784,-0.008334531532242406,-0.0558441631587872,0.028166721341151526,-0.051660388648244994,0.044396840322451545,0.06056693542974253,0.014601403944783462,0.02589973121122464,0.04371208803291698,-0.032191853601279956
3.5005364797618537,0.6196360793485314,0.8816083395383469,6.0,101.0,118.0,113.0,78.0,87.0,35.0,48.0,15.0,16.0,3.0,3.0,134.0,103.0,127.0,121.0,112.0,128.0,95.0,123.0,109.0,109.0,123.0,106.0,0.22632423756019263,0.3563402889245586,0.4173354735152488,0.27697841726618705,0.32446043165467625,0.3985611510791367,0.014147431124348473,0.006701414743112435,0.01563663440059568,0.012658227848101266,0.011169024571854059,0.01563663440059568,0.0,0.008935219657483246,0.0052122114668652275,0.0022338049143708115,0.03648548026805659,0.012658227848101266,0.03201787043931496,0.008190618019359643,0.014147431124348473,0.034996276991809384,0.01712583767684289,0.0037230081906180195,0.007446016381236039,0.0022338049143708115,0.0037230081906180195,0.01712583767684289,0.0014892032762472078,0.03723008190618019,0.012658227848101266,0.011913626209977662,0.028294862248696945,0.05137751303052867,0.005956813104988831,0.044676098287416234,0.02680565897244974,0.00967982129560685,0.09456440804169769,0.0052122114668652275,0.05212211466865227,0.02308265078183172,0.0379746835443038,0.05584512285927029,0.06850335070737155,0.012658227848101266,0.035740878629932984,0.01563663440059568,0.006701414743112435,0.04169769173492182,0.0022338049143708115,0.014892032762472078,0.0029784065524944155,0.006701414743112435,0.008935219657483246,0.0022338049143708115,1.0,-0.03113536836597166,0.04227784463441326,0.016887961817023008,0.04781747238462133,-0.05231319011645582,0.03131183009680734,-0.023523806672285996,0.05702701296839226,0.016449541847829194,0.06438557505932185,0.00046133622491889695,-0.017058675252576296,0.00987635370629239,0.014366814039495558,0.0030953000942650407,0.030921125892219705,0.005427269551434029,0.011149971748773219,0.016334070966021602,-0.011313293042891201,0.02520014850167228,-0.033818147243913785,-0.018846743884138515,0.032192562228684725,-0.0833823878242567,-0.040146821864668544,-0.025429977896409325,-0.0041299825528697655,-0.0005153710260666775,-0.013727874783384535,-0.0006979536196197561,-0.018808002068272794,-0.027859053422090052,0.001234304851247566,-0.0059391255723659254,0.012282349226432744,-0.011389067247838891,-0.04474085074744039,-0.005443882369681091,-0.04773578166584207,1.0,-0.03115856908755584,0.04141024581541831,0.01953313165552687,0.04745555552124724,-0.05135268981097826,0.02421204885248535,-0.019776943145823324,0.0542584662416015,0.025243659698379016,0.05812315871116429,0.004623954588561894,-0.030995215565346856,0.010527126428047867,0.010359567181066539,0.011825534001813047,0.028057385208835352,0.0029606187705297393,0.003039979112845322,0.011395265831207419,-0.014768640979774185,0.02640987938727108,-0.033125637551170796,-0.024659916510561607,0.03018187251031752,-0.08800422102058619,-0.045288519317182585,-0.030220841579352495,-0.0002929807946953191,0.009440501776442187,-0.01698766183719674,0.002234492316022813,-0.024390305058737037,-0.020296216832706885,0.004643583276620963,0.008816164318019832,0.02758156335833399,-0.013852789527452983,-0.04902627273899979,-0.005471003265462699,-0.04550934783563556
3.487525413450476,0.64218126484734,0.8793745346239762,3.0,106.0,124.0,117.0,94.0,88.0,46.0,55.0,24.0,12.0,7.0,12.0,133.0,109.0,128.0,122.0,111.0,128.0,105.0,115.0,109.0,109.0,112.0,105.0,0.21220930232558138,0.35901162790697677,0.42877906976744184,0.2712842712842713,0.3253968253968254,0.4033189033189033,0.011169024571854059,0.004467609828741623,0.011913626209977662,0.014147431124348473,0.012658227848101266,0.01712583767684289,0.0007446016381236039,0.0052122114668652275,0.006701414743112435,0.0014892032762472078,0.028294862248696945,0.01340282948622487,0.029784065524944156,0.005956813104988831,0.022338049143708117,0.02308265078183172,0.01712583767684289,0.0029784065524944155,0.008935219657483246,0.0037230081906180195,0.0037230081906180195,0.024571854058078928,0.0014892032762472078,0.028294862248696945,0.011169024571854059,0.00967982129560685,0.03350707371556218,0.03425167535368578,0.0052122114668652275,0.023827252419955324,0.029039463886820552,0.01563663440059568,0.11169024571854058,0.0022338049143708115,0.055100521221146684,0.029039463886820552,0.04095309009679821,0.06403574087862993,0.06850335070737155,0.011913626209977662,0.040208488458674606,0.017870439314966492,0.010424422933730455,0.04318689501116903,0.004467609828741623,0.014147431124348473,0.004467609828741623,0.008935219657483246,0.010424422933730455,0.0007446016381236039,1.0,0.0688009840492958,0.013634790263029007,0.02118752690536986,0.003376421458786204,0.04440671808867106,0.004186744622267879,0.009815281010666789,0.025959486820060287,0.0217655818723567,0.015890395015976253,-0.03447252769686688,0.0017049341586248931,0.05473561680548804,-0.012101877426349678,-0.009462740077806578,0.031473116535455724,-0.02128648597914937,0.03543040919762573,0.056167353883860224,-0.009441559507615426,0.0008980817640659163,0.014668457187246568,-0.014280447403123281,-0.02654438801026944,-0.05201904134819915,0.05422615487649492,-0.0006953866130280219,-0.003120178340610433,0.05502160575465987,0.014487802949274299,0.0289649986044701,-0.03170706911074504,-0.028150274463014442,0.017275468487632447,0.010568229453057085,0.04641290282977101,-0.02678414744240039,-0.01554761182898251,0.05263865148799788,-0.012969159923325497,1.0,0.06885225154858739,0.008956954607885132,0.019781848231574937,0.0004778798069107984,0.04410798063186463,-0.0022804704740918297,0.008883858275710779,0.023213679667492108,0.01847573564829611,0.010619092172682993,-0.03822473740185477,0.00494210835824474,0.05336504744134918,-0.02025812705861612,-0.010405751874497686,0.034202321431166596,-0.026739504118740737,0.03412208279060402,0.054758032473163715,-0.016209768145314524,-0.004033357931594386,0.013413765164337907,-0.020088315389909597,-0.026373976548087506,-0.050926154551024366,0.058848259497633226,-0.0065222863792950446,-0.004885855932079236,0.05653083923721029,0.02017565007999935,0.016891084487589313,-0.042802408087633394,-0.01509564424601793,0.01361043763388145,0.0019721901334718546,0.04533087529554855,-0.03176883931868664,-0.014857322525374991,0.04882158180057478,-0.014288474546697983
3.4873277861626737,0.6382862181924035,0.8830975428145942,0.0,113.0,117.0,120.0,83.0,63.0,51.0,52.0,31.0,10.0,11.0,5.0,134.0,112.0,120.0,122.0,119.0,122.0,109.0,121.0,112.0,119.0,113.0,113.0,0.17530487804878048,0.3719512195121951,0.4527439024390244,0.2662429378531073,0.3333333333333333,0.4004237288135593,0.01340282948622487,0.008935219657483246,0.011169024571854059,0.014892032762472078,0.014892032762472078,0.010424422933730455,0.0007446016381236039,0.005956813104988831,0.0022338049143708115,0.0052122114668652275,0.040208488458674606,0.014147431124348473,0.040208488458674606,0.008935219657483246,0.017870439314966492,0.022338049143708117,0.012658227848101266,0.004467609828741623,0.0052122114668652275,0.004467609828741623,0.0022338049143708115,0.02680565897244974,0.0014892032762472078,0.02308265078183172,0.02084884586746091,0.011169024571854059,0.02531645569620253,0.034996276991809384,0.0052122114668652275,0.03276247207743857,0.029784065524944156,0.014892032762472078,0.11839166046165302,0.0029784065524944155,0.049143708116157855,0.03052866716306776,0.03648548026805659,0.04690990320178704,0.06999255398361877,0.00967982129560685,0.026061057334326135,0.014147431124348473,0.0052122114668652275,0.05658972449739389,0.005956813104988831,0.017870439314966492,0.0052122114668652275,0.008190618019359643,0.008190618019359643,0.0014892032762472078,1.0,0.008952549997052186,0.010139791725374263,-0.004815009281111453,0.08986443592463735,0.001017044941579135,-0.04103337385626704,-0.045359139571547,0.04267078993271942,0.009866677215120663,0.0016415452552699698,-0.038430466055163336,0.024049942141094446,0.030061639052504724,0.003801959024078099,0.0091552342125847,-0.005037839073213078,0.006158589850481188,0.02307006096298266,0.025929639860769443,0.016884713884450578,0.020770081228748846,-0.001366834280924169,0.009243419004470708,-0.04498546157811802,0.026757627266651356,-0.008443647773686412,-0.029525062064151883,-0.03233809194356963,-0.010148173250332657,0.04465818409267359,0.020357724638430347,-0.011066359203741898,-0.01225689308431825,-0.002302255231425702,0.003129726261444054,-0.03178507708452518,-0.010934213005029428,0.0076055967605471045,0.014455657036129844,-0.02583266870863828,1.0,0.008959221047720638,0.010075455548528855,-0.00500703099275023,0.09013666809322081,-0.0005323081176410259,-0.04335656323219282,-0.044301904288435515,0.03695686728795531,0.010037687872519031,0.0077637236863855345,-0.03123407173543454,0.01622640946173958,0.02581829802975869,0.003245987158079451,0.019114990349386962,-0.009358294619761395,-0.0022090777769865643,0.021532803515414343,0.030647829869470983,0.019339977133373244,0.01917902352382144,-0.007813312480993937,0.003718215785916487,-0.04564860429978234,0.028250874357209334,-0.004686024504645281,-0.03345393780066813,-0.02621796154341143,-0.014167777257318501,0.04656537341997034,0.023350228453077906,-0.0042879849798862935,-0.0193574768923127,-0.0159418309774931,-0.004279639893989531,-0.022685057387374207,-0.0008255273103959118,0.003113293681152078,0.009564920443860257,-0.025559369843600365
3.452433689541514,0.6280968231676792,0.8838421444527178,7.0,92.0,121.0,110.0,74.0,73.0,15.0,48.0,30.0,19.0,11.0,1.0,134.0,99.0,129.0,120.0,115.0,123.0,71.0,122.0,103.0,105.0,109.0,89.0,0.2129783693843594,0.3876871880199667,0.39933444259567386,0.287338893100834,0.33586050037907506,0.37680060652009095,0.01340282948622487,0.0052122114668652275,0.00967982129560685,0.01712583767684289,0.006701414743112435,0.011913626209977662,0.0022338049143708115,0.012658227848101266,0.0037230081906180195,0.0022338049143708115,0.04839910647803425,0.006701414743112435,0.03425167535368578,0.006701414743112435,0.01712583767684289,0.020104244229337303,0.022338049143708117,0.0029784065524944155,0.007446016381236039,0.0014892032762472078,0.0037230081906180195,0.03276247207743857,0.0014892032762472078,0.027550260610573342,0.014147431124348473,0.011169024571854059,0.035740878629932984,0.03723008190618019,0.0037230081906180195,0.04318689501116903,0.028294862248696945,0.010424422933730455,0.10498883097542815,0.0029784065524944155,0.05063291139240506,0.021593447505584513,0.03648548026805659,0.04839910647803425,0.07892777364110201,0.00967982129560685,0.04393149664929263,0.008190618019359643,0.011169024571854059,0.04765450483991065,0.0029784065524944155,0.01340282948622487,0.0022338049143708115,0.0052122114668652275,0.007446016381236039,0.0022338049143708115,1.0,0.0025219165886756155,0.04322992446839445,0.052690828487126244,0.018521708095312617,-0.01990201562190445,-0.005108982919984248,0.029275797095073237,0.026852239764410098,0.03755673240488795,0.013018311453006793,0.03827796360689452,0.030815501565293498,0.02655517246137644,0.022001134450304344,0.006123758655992568,-0.0012007663461079939,0.015887571022092883,0.011628157906328764,-0.027471187896160112,0.0178164913399411,-0.002865511724782023,-0.00310486836394954,0.01168487755695126,-0.006810769550034049,0.030093893873740847,-0.01256778373715863,0.012892900875469716,-0.000582592336884828,0.05368177079795503,-0.03837780085919387,-0.002006188658769667,0.016235162267349022,-0.02394170889292478,-0.03171431374677751,-0.005043285494188973,0.0035913433289416256,-0.026465906244357913,-0.016028504972943988,0.017917247308578563,0.03731969404102334,1.0,0.0025237958111708797,0.04328830481019725,0.05269408317023605,0.01664579684252269,-0.024648645713486426,-0.00949921249548567,0.02965339546865799,0.029938226038110777,0.037096517415663666,0.007355721307823392,0.031196209155379087,0.02694297248803141,0.023716592171865336,0.017540304887905884,-0.0003958448379661954,-0.007417270121269446,0.012647855338175378,0.009517691720505789,-0.0316278931681612,0.010729911396667183,-0.007247500267595245,-0.005696440925405984,0.008908591567586428,-0.011518418731033512,0.026988028102512465,-0.01469594854792846,0.010160232460534855,-0.0014436038068846634,0.05358563504868327,-0.0382560142982618,-0.006969111343957279,0.013581104883903865,-0.02100869724989738,-0.032343503728361304,-0.006181506931440645,0.003083950234506909,-0.024000240626321872,-0.02012825825557266,0.01993547877502814,0.039459575746111454
3.5068280441169377,0.6621150544740996,0.8845867460908414,3.0,113.0,128.0,121.0,80.0,91.0,81.0,50.0,38.0,26.0,4.0,16.0,134.0,112.0,131.0,127.0,122.0,130.0,111.0,127.0,127.0,125.0,125.0,113.0,0.19174434087882822,0.35286284953395475,0.45539280958721706,0.2634770889487871,0.3376010781671159,0.39892183288409705,0.020104244229337303,0.011913626209977662,0.01340282948622487,0.010424422933730455,0.0193596425912137,0.014147431124348473,0.0,0.0029784065524944155,0.0037230081906180195,0.0014892032762472078,0.034996276991809384,0.01563663440059568,0.03350707371556218,0.0037230081906180195,0.021593447505584513,0.02531645569620253,0.014892032762472078,0.004467609828741623,0.007446016381236039,0.006701414743112435,0.004467609828741623,0.017870439314966492,0.0014892032762472078,0.023827252419955324,0.014147431124348473,0.00967982129560685,0.026061057334326135,0.045420699925539834,0.004467609828741623,0.04393149664929263,0.029039463886820552,0.01340282948622487,0.10722263588979895,0.0029784065524944155,0.04765450483991065,0.02531645569620253,0.04095309009679821,0.054355919583023084,0.06552494415487714,0.011169024571854059,0.028294862248696945,0.0193596425912137,0.007446016381236039,0.03723008190618019,0.006701414743112435,0.02531645569620253,0.0029784065524944155,0.011913626209977662,0.0052122114668652275,0.0007446016381236039,1.0,0.0195431868911589,0.05028447701702078,0.010000188279851741,0.015925164685990336,0.031201922030794842,0.00015265764512286626,0.012299409964995253,-0.07053648198798713,0.01215954969633123,-0.011054862610666464,0.008145625635051395,-0.013881042895581255,-0.008986375069763275,-0.008350489376165364,0.0021927211028349857,-0.03793666201272697,-0.013960296145684064,-0.011018001997100393,-0.02456200382618055,0.004058798631300987,-0.052761485471781604,-0.03160982671068482,-0.022309984234801607,0.03079574888748479,0.006314744619020385,0.001856246402768245,0.04992761578454038,-0.01805723268289175,0.058578998018835454,0.013326349239812569,-0.010949028798488516,0.040841284532791296,0.014391719658326307,0.04002800577005876,0.0036786989644212145,0.024958820197177177,0.03915445738233045,-0.001927134436433688,-0.02837128214800844,-0.03828265368526804,1.0,0.01955774962356661,0.0499960907213284,0.00813252091160437,0.0131601574721984,0.029975580843234657,-0.00247802284557927,0.00917015100767228,-0.07222599654604545,0.013041491917845077,-0.0057539479973346295,0.008346416345823714,-0.01244812877682935,-0.005243577640282896,-0.007722835715911606,0.005388416339646137,-0.043594852807592815,-0.009882446209481843,-0.007839494234857344,-0.020706977796664073,0.005069782217369754,-0.04960304528456806,-0.030874965041135443,-0.01396291972812837,0.03169877515108217,0.008310774785069178,0.0013679572500089408,0.0501601654002467,-0.018994837566688665,0.046858593277312566,0.008685134496353317,-0.022049362688794105,0.04247621901262723,0.012604231391964595,0.03207710691398214,0.003946439330992059,0.01729400908342622,0.04213003767356304,-0.011293798001205956,-0.040223160416044484,-0.035326115291037914
3.475758345787884,0.631011090658556,0.8793745346239762,15.0,109.0,122.0,114.0,96.0,86.0,19.0,47.0,14.0,2.0,18.0,2.0,134.0,120.0,127.0,127.0,120.0,127.0,87.0,128.0,121.0,117.0,127.0,102.0,0.22981366459627328,0.35093167701863354,0.4192546583850932,0.2707028531663187,0.337508698677801,0.3917884481558803,0.01563663440059568,0.006701414743112435,0.012658227848101266,0.010424422933730455,0.01712583767684289,0.011169024571854059,0.0022338049143708115,0.011913626209977662,0.004467609828741623,0.0022338049143708115,0.03201787043931496,0.006701414743112435,0.03723008190618019,0.0022338049143708115,0.0193596425912137,0.02308265078183172,0.012658227848101266,0.004467609828741623,0.00967982129560685,0.0014892032762472078,0.0022338049143708115,0.02308265078183172,0.0029784065524944155,0.035740878629932984,0.00967982129560685,0.016381236038719285,0.03127326880119136,0.04616530156366344,0.008190618019359643,0.035740878629932984,0.027550260610573342,0.00967982129560685,0.10498883097542815,0.0029784065524944155,0.054355919583023084,0.026061057334326135,0.0387192851824274,0.06254653760238273,0.06031273268801191,0.007446016381236039,0.04244229337304542,0.01340282948622487,0.008935219657483246,0.04616530156366344,0.0022338049143708115,0.020104244229337303,0.0022338049143708115,0.006701414743112435,0.006701414743112435,0.0014892032762472078,1.0,-0.017595121204756627,-0.010752681116839483,0.0021759844596235425,0.03722103819750242,0.024508266542854287,-0.0022103785823187547,0.027016180583418124,0.005583873208131351,-0.04894395147201211,0.0119663372683758,0.04938509344266524,-0.04851518668557568,-0.016277383848879216,0.0065087184840766634,0.02629085756742159,-0.0019194061731673325,0.029292762606966158,-0.009157078560424487,-0.019871512394161503,-0.022385955033323777,-0.0022211521168621954,-0.027749344972048423,0.009741554413617445,0.00255380805765033,0.03429607860134559,-0.03877363532069529,0.020137714118188137,-0.025802530911905864,-0.012700341316972542,0.03674093739838168,-0.012685774227513307,0.014176931746529127,-0.01731106602769947,0.010252715701276146,-0.019941296823123695,-0.0031093479978018448,-0.005829111676385,-0.0017038257091045513,0.015621600350524551,-0.012464598619551476,1.0,-0.017608232323389074,-0.011082203807990635,0.0017947754012154515,0.03729988224739925,0.02602023553348043,-0.0005001458598691908,0.027534488522813805,0.005098153505527394,-0.05053759731107269,0.00968859589317625,0.047413722591166545,-0.048968251542961486,-0.01388294484547429,0.006360836885226374,0.022163028554681236,0.0027033833873876126,0.03430357391476665,-0.013281474609257073,-0.019443057218312645,-0.019136435446076377,-0.011687830359881551,-0.03430118402581878,0.01656395392304394,0.005023458433320381,0.035003589212362046,-0.03377008014340949,0.023274442077423765,-0.03141528427167194,-0.012483747907434712,0.03847199132978898,-0.015413569713716806,0.01196239677353904,-0.010939738606150938,0.006707374648376432,-0.023514328746564814,-0.0002649079263057576,-0.0016875907932394003,-0.008111610043686322,0.02500278778447174,-0.01708473612447323
3.490753415570178,0.6416839742164403,0.8838421444527178,4.0,112.0,127.0,119.0,88.0,65.0,38.0,54.0,15.0,7.0,2.0,1.0,134.0,113.0,131.0,125.0,121.0,130.0,105.0,127.0,116.0,124.0,121.0,113.0,0.19462025316455697,0.3623417721518987,0.4430379746835443,0.2678082191780822,0.33287671232876714,0.3993150684931507,0.014147431124348473,0.008935219657483246,0.012658227848101266,0.012658227848101266,0.011913626209977662,0.008190618019359643,0.0029784065524944155,0.005956813104988831,0.00967982129560685,0.0022338049143708115,0.029784065524944156,0.008935219657483246,0.0379746835443038,0.0029784065524944155,0.024571854058078928,0.026061057334326135,0.01563663440059568,0.0014892032762472078,0.005956813104988831,0.007446016381236039,0.004467609828741623,0.027550260610573342,0.0029784065524944155,0.03425167535368578,0.010424422933730455,0.014147431124348473,0.022338049143708117,0.045420699925539834,0.004467609828741623,0.035740878629932984,0.027550260610573342,0.01340282948622487,0.10796723752792256,0.0029784065524944155,0.05584512285927029,0.026061057334326135,0.0387192851824274,0.05956813104988831,0.058078927773641105,0.006701414743112435,0.0379746835443038,0.018615040953090096,0.0052122114668652275,0.04690990320178704,0.0029784065524944155,0.01712583767684289,0.008935219657483246,0.008190618019359643,0.004467609828741623,0.0007446016381236039,1.0,0.022170892817124636,-0.01620512914622027,-0.008071238794568843,0.021439193347176113,0.0459096379280604,0.007845836375932367,0.034347079749266374,-0.016126800088962858,-0.04066949559096972,0.014492935730109957,-0.024862221365308922,-0.00263643538121616,0.005485532472632237,-0.019624723601873072,-0.0011386277619978354,-0.04200148405875837,-0.014047931421792637,0.021529810174840805,0.013239466261332907,-0.03515965057379797,-0.005127609153170402,0.04650899182803364,0.011788954138914107,-0.05324974707794335,-0.04439106821401594,-0.018692606359419404,0.012324283056812714,-0.02170822392566532,0.007332263094343463,-0.01091361487006654,-0.022214141093468955,0.010468917390736812,-0.0325116725782872,0.006940135648218764,-0.0019212462329801546,-0.0022197908378935637,-0.026978581612580353,-0.01335264232503669,-0.04606473267582901,0.013884084742425987,1.0,0.022187413601638152,-0.016729814967543867,-0.007357687446402613,0.021596996946191164,0.044915832784731546,0.006526980915605599,0.03611782022860344,-0.017324850091043897,-0.04106830452252631,0.014046543624647204,-0.029612688508502055,-0.004216451522862887,0.007959569821539107,-0.018726125503975198,0.0015126527840588252,-0.038206751977134426,-0.014932475890215513,0.022387009487395942,0.013641757297374386,-0.03704138568336776,0.0037164455012287964,0.046987292769591134,0.007822142943785547,-0.05311840750123577,-0.04572796520280125,-0.02067751024937526,0.010283438832502483,-0.025744539855900795,0.010049328364741589,-0.004694811712408631,-0.015442427814627572,0.011362284611019716,-0.03612168504861603,0.00602283217965797,-0.0012275305071900013,-0.005283693698357195,-0.03081090628423363,-0.0035993181141848983,-0.05071565013041137,0.009574751032454105
3.443099111312886,0.6112640399260008,0.8868205510052122,16.0,95.0,124.0,112.0,90.0,92.0,16.0,34.0,9.0,20.0,16.0,3.0,134.0,111.0,129.0,127.0,126.0,130.0,39.0,129.0,119.0,121.0,122.0,84.0,0.22647527910685805,0.3684210526315789,0.405103668261563,0.28665207877461707,0.3595915390226112,0.3537563822027717,0.014147431124348473,0.005956813104988831,0.011913626209977662,0.00967982129560685,0.011913626209977662,0.011169024571854059,0.0014892032762472078,0.007446016381236039,0.0052122114668652275,0.0052122114668652275,0.03648548026805659,0.011913626209977662,0.03723008190618019,0.004467609828741623,0.016381236038719285,0.020104244229337303,0.01712583767684289,0.0014892032762472078,0.014892032762472078,0.0029784065524944155,0.0029784065524944155,0.027550260610573342,0.0022338049143708115,0.0387192851824274,0.010424422933730455,0.021593447505584513,0.04095309009679821,0.045420699925539834,0.0029784065524944155,0.0387192851824274,0.02084884586746091,0.011169024571854059,0.10275502606105734,0.0007446016381236039,0.06403574087862993,0.026061057334326135,0.04318689501116903,0.05286671630677588,0.06850335070737155,0.004467609828741623,0.034996276991809384,0.01563663440059568,0.004467609828741623,0.04095309009679821,0.004467609828741623,0.014147431124348473,0.0007446016381236039,0.007446016381236039,0.0037230081906180195,0.0,1.0,-0.046902703631926536,-0.007153314498945868,0.022260512219748042,0.012140280185309988,-0.018707188223981114,-0.008203249929902824,-0.009212441463710941,-0.013631107654603552,-0.05504999338743324,0.03228543800442373,0.04614794098572734,-0.009740881793528725,-0.04801121022316673,0.019540254096265877,-0.002712265739277443,0.05793801291071001,-0.004798306048811676,0.014176558132417362,-0.006290020316747432,-0.03959339449167432,0.04178993347020638,0.011612533003993324,-0.025290970140630024,-0.0014655741431453448,0.031018702713223656,0.055626610237060906,-0.011854982948300159,-0.0421930376267685,0.017690023534665134,-0.015278916336653018,-0.003494955943258047,-0.06799198012455977,0.049076493937742854,-0.02627968126904852,-0.05456116559346635,0.00853979386035754,0.017103053056662994,-0.049019719324803104,0.0293204592588808,-0.022744997723726224,1.0,-0.046937653485601596,-0.009387809129746834,0.021579731040565066,0.014221215169156214,-0.017239009411126657,-0.010271111630745795,-0.011011715815462973,-0.01420754802244144,-0.05620970659026959,0.02752962766166017,0.049498368842842734,-0.002480843390311875,-0.04968894855161288,0.009830275538273755,-0.002852642638545313,0.06242099403231029,0.0008922674562446079,0.011748762604817099,-0.003787778148680833,-0.039307553456827495,0.03577668129604848,0.009800280439959478,-0.015465578419471658,0.000997043692631819,0.03362761611900778,0.05660372412356269,-0.00907377433170315,-0.048412945815400225,0.012530028195955837,-0.008519128395110093,0.00400058057473462,-0.08193279865509023,0.042501378856500356,-0.01251246403371416,-0.05310852357516841,-0.003993309090991462,0.002515446361738837,-0.0383331925531126,0.033714300229245917,-0.03160957141927647
3.5008690816784376,0.6214911415187204,0.8860759493670886,7.0,113.0,118.0,109.0,97.0,68.0,50.0,29.0,14.0,20.0,4.0,4.0,134.0,115.0,123.0,123.0,122.0,126.0,108.0,128.0,114.0,109.0,113.0,110.0,0.16429699842022116,0.3791469194312796,0.4565560821484992,0.27228070175438596,0.32842105263157895,0.3992982456140351,0.018615040953090096,0.011169024571854059,0.017870439314966492,0.016381236038719285,0.017870439314966492,0.01563663440059568,0.0029784065524944155,0.006701414743112435,0.0014892032762472078,0.0014892032762472078,0.04318689501116903,0.01340282948622487,0.029039463886820552,0.008935219657483246,0.02308265078183172,0.0193596425912137,0.01712583767684289,0.0029784065524944155,0.014892032762472078,0.0022338049143708115,0.0029784065524944155,0.021593447505584513,0.0014892032762472078,0.022338049143708117,0.016381236038719285,0.007446016381236039,0.034996276991809384,0.03648548026805659,0.0029784065524944155,0.040208488458674606,0.03201787043931496,0.00967982129560685,0.09456440804169769,0.0007446016381236039,0.058078927773641105,0.022338049143708117,0.029784065524944156,0.054355919583023084,0.06775874906924795,0.005956813104988831,0.04244229337304542,0.017870439314966492,0.005956813104988831,0.04244229337304542,0.0052122114668652275,0.016381236038719285,0.0022338049143708115,0.005956813104988831,0.014892032762472078,0.0,1.0,-0.006634397257384287,0.0373643694109662,-0.011703251326456507,-0.004783994122826816,0.010625673217772212,0.030115296401033918,-0.028221454480419704,-0.015791250961139914,-0.024430882404929168,0.021503644946742718,-0.04822956776101681,0.046707631712927966,-0.008035206892126636,0.022603920498763922,0.04724666695887548,0.009939032321724122,0.0333063697370677,-0.02587980093686207,0.01714739536941948,0.06666387944310179,0.005235944553934058,0.061958247965781484,-0.008655005279128818,-0.04213522001989124,0.010470406119856113,0.020426315477748244,0.03259016432936172,-0.015264266526482429,-0.05750512045364145,0.01300159358568821,-0.04040199945954197,0.03903249129919472,-0.004523512717658885,0.011555595834853445,-0.014216286387303854,0.06515442931016063,-0.041422558939327954,0.0033003651557402913,-0.030123423837674315,0.03321431520049611,1.0,-0.006639340921510499,0.037377662331016595,-0.01125835562204285,-0.006348998906506006,0.011475749860728657,0.03072192959562596,-0.029033880825491496,-0.018359858367374384,-0.02185245985031403,0.02237125808826015,-0.0482804131006704,0.04422994668538935,-0.0018054814108925767,0.019669799335889856,0.04882933792574846,0.007831857704082446,0.03327740927131522,-0.03078457059597754,0.017544626471234413,0.06765215005123598,0.006306224093016646,0.05700659106273867,-0.0006151274565006345,-0.04451969547883137,0.010349193207380914,0.024327075747587773,0.029518647867262868,-0.014030367997564654,-0.06274676323810045,0.019402346565135887,-0.03753620517159862,0.025045062216134766,0.004110270766977744,0.004023698701580358,-0.018556543725717894,0.06272264641485004,-0.051819224899331835,-0.0011278036278499378,-0.031377467757710616,0.028410843258257684
3.468464457862732,0.6123341993880057,0.8786299329858526,1.0,101.0,121.0,115.0,102.0,72.0,20.0,18.0,14.0,31.0,4.0,2.0,134.0,102.0,126.0,123.0,126.0,123.0,83.0,126.0,106.0,111.0,113.0,104.0,0.15141430948419302,0.43594009983361065,0.41264559068219636,0.27814088598402326,0.3384168482207698,0.38344226579520696,0.016381236038719285,0.008190618019359643,0.00967982129560685,0.012658227848101266,0.011169024571854059,0.011913626209977662,0.0,0.008190618019359643,0.0037230081906180195,0.0022338049143708115,0.03201787043931496,0.010424422933730455,0.0379746835443038,0.004467609828741623,0.018615040953090096,0.020104244229337303,0.01712583767684289,0.0022338049143708115,0.011169024571854059,0.0037230081906180195,0.0022338049143708115,0.029039463886820552,0.0022338049143708115,0.029784065524944156,0.010424422933730455,0.012658227848101266,0.029784065524944156,0.04616530156366344,0.0052122114668652275,0.03723008190618019,0.029039463886820552,0.006701414743112435,0.10201042442293373,0.0007446016381236039,0.05361131794489948,0.02680565897244974,0.03648548026805659,0.058823529411764705,0.06924795234549516,0.007446016381236039,0.04318689501116903,0.014147431124348473,0.010424422933730455,0.05137751303052867,0.0037230081906180195,0.01712583767684289,0.0052122114668652275,0.005956813104988831,0.008935219657483246,0.0022338049143708115,1.0,0.007077048807897091,0.01486246849820591,0.025486875580964248,-0.020153369848212577,0.026485516629379736,0.0054797021026945225,-0.008520297939664249,0.039805000838213055,-0.01201726325628055,0.025615835562850096,-0.010819249307122523,0.006420048066001589,0.05654872403783433,0.036206084371487965,-0.004668934135518343,0.0009025645515146056,0.0021055173883998204,0.007236391563053326,-0.017964334749299444,0.03239329191946134,0.01085484903533938,-0.055506552730797964,0.02225879260388619,0.010589466050601662,-0.028929624939541456,0.0067593139974850645,-0.009906679720104448,-0.02917638162808591,0.00483865833123658,0.015591119248045415,-0.02246475326067866,0.026387060901023066,0.007251460204155678,-0.017627171435722004,0.006894173735707968,-0.02431074524565323,0.013252814984536504,0.01836079284003915,0.011055460985878784,0.013678688430283146,1.0,0.007082322316695823,0.014835219579708554,0.025341862240435394,-0.020798835666126975,0.026149573176090176,0.005085949351000359,-0.008388805090729467,0.038341829332374386,-0.011679635918910383,0.02490164430972101,-0.013594965528907677,0.008598899455673653,0.05390681077530808,0.037413112384822804,-0.008163733155375776,-0.0038249784911638467,0.003948603716112027,0.00407890997953918,-0.019413346010393413,0.03252257282402486,0.00838755797121388,-0.05928083017745018,0.01963996403045579,0.013659950666679405,-0.02869716839982723,-0.001548634791694692,-0.008266463467093468,-0.032452494643188175,0.0041533767952772645,0.021738438027500504,-0.025611950919828673,0.02942191933957995,0.006688438828950071,-0.021946813674011096,0.011957693164765512,-0.01908325512914979,0.010038318439235224,0.01918305898478209,0.01894921516661087,0.00859852741309178
3.415560702531251,0.6099062350176361,0.8830975428145942,19.0,95.0,114.0,97.0,82.0,97.0,9.0,66.0,23.0,12.0,19.0,1.0,134.0,105.0,125.0,114.0,109.0,130.0,47.0,118.0,107.0,106.0,111.0,81.0,0.2870662460567823,0.33753943217665616,0.3753943217665615,0.29681429681429683,0.33877233877233875,0.3644133644133644,0.011913626209977662,0.0037230081906180195,0.011913626209977662,0.01712583767684289,0.016381236038719285,0.012658227848101266,0.0,0.011913626209977662,0.0037230081906180195,0.04393149664929263,0.0,0.008935219657483246,0.04095309009679821,0.005956813104988831,0.016381236038719285,0.02084884586746091,0.012658227848101266,0.0007446016381236039,0.011913626209977662,0.004467609828741623,0.0022338049143708115,0.024571854058078928,0.0,0.03201787043931496,0.014147431124348473,0.008190618019359643,0.0379746835443038,0.04244229337304542,0.0022338049143708115,0.03648548026805659,0.022338049143708117,0.010424422933730455,0.09158600148920328,0.0014892032762472078,0.05361131794489948,0.029784065524944156,0.03201787043931496,0.06999255398361877,0.0766939687267312,0.008190618019359643,0.04169769173492182,0.012658227848101266,0.004467609828741623,0.055100521221146684,0.0022338049143708115,0.010424422933730455,0.0029784065524944155,0.010424422933730455,0.007446016381236039,0.03648548026805659,1.0,-0.008929321233069436,0.02301393128032045,0.0024068236173596736,0.03579752730454141,0.03914460284543908,0.013751004067683299,0.013119427183238285,0.027103072110657978,-0.03245165441740905,0.010227251377013406,0.041923055451317075,0.041213384521943223,0.022011268776414808,0.02260594116090636,-0.008605707001231392,0.012213161938359812,-0.026917463387793016,-0.01767233233696945,-0.009184671099588189,0.05478497260215709,-0.0074093842891254395,-0.03741577303190834,-0.007585658562143736,0.0028630811246097335,0.01586010167689708,-0.006257992340165307,0.009172885501040349,0.004627580857797141,-0.07088473722238046,-0.005243704506702788,-0.012798811557256729,-0.009461557716624663,0.03898489947461694,0.05349199337788262,0.013074669983412007,0.03765633835067754,0.0187921075387937,-0.04028301875602162,0.03618036564838536,0.007132700888994403,1.0,-0.008935974974673813,0.022970237379484445,0.0028204144407769256,0.03544270486091022,0.03987589188593182,0.01299666427337378,0.011560024426669618,0.025574420281441655,-0.035664903850572374,0.005916305387326787,0.04210933095703254,0.03943389909566259,0.02147870168492087,0.023051743755755798,-0.012678541712821628,0.0048783724035910666,-0.03110783999591884,-0.026154561514411534,-0.01289172796968538,0.05707894750608508,-0.003302229760795255,-0.03904432539262732,-0.0074149419235594975,-0.0026514554533457815,0.011761424465458895,-0.006539525931008478,0.009751350593173905,0.005697064208043478,-0.06483252577801649,-0.004134552946911877,-0.014813879360385144,-0.01420310763699184,0.047131709615548995,0.0658801980423369,0.018070479116160193,0.039907463009368205,0.023331854432484367,-0.05532614982075997,0.027038474153370292,0.004537987814227147
3.4512580521554543,0.6009189767457157,0.8771407297096053,1.0,121.0,126.0,109.0,103.0,61.0,34.0,21.0,11.0,2.0,4.0,1.0,134.0,121.0,129.0,123.0,119.0,128.0,105.0,124.0,111.0,119.0,115.0,117.0,0.13973063973063973,0.3787878787878788,0.48148148148148145,0.2671280276816609,0.32664359861591696,0.40622837370242215,0.014147431124348473,0.006701414743112435,0.014892032762472078,0.011169024571854059,0.01340282948622487,0.010424422933730455,0.0014892032762472078,0.0037230081906180195,0.0037230081906180195,0.0052122114668652275,0.035740878629932984,0.01340282948622487,0.03276247207743857,0.00967982129560685,0.022338049143708117,0.03127326880119136,0.01340282948622487,0.0029784065524944155,0.008935219657483246,0.0007446016381236039,0.0022338049143708115,0.017870439314966492,0.0037230081906180195,0.029039463886820552,0.011169024571854059,0.011913626209977662,0.02308265078183172,0.05137751303052867,0.0052122114668652275,0.035740878629932984,0.028294862248696945,0.010424422933730455,0.11317944899478778,0.0014892032762472078,0.055100521221146684,0.02531645569620253,0.034996276991809384,0.06105733432613552,0.07073715562174236,0.005956813104988831,0.0379746835443038,0.0193596425912137,0.0052122114668652275,0.04393149664929263,0.0029784065524944155,0.0193596425912137,0.0022338049143708115,0.007446016381236039,0.005956813104988831,0.0014892032762472078,1.0,0.05010874132871381,0.02709544304774204,0.006021914015244576,0.0227254088666329,0.05915360213174391,-0.00016041349815099876,0.02464173311737064,0.006296798069097589,-0.0025333362730583283,0.020969253529074514,-0.008307601855089585,0.030881415360128173,0.04401120099346881,-0.044020731894134614,0.01520753667881389,-0.02164109992452167,-0.02541936481311327,0.05911954091798553,-0.03170265280977222,-0.016340438690492416,0.009728962753764163,-0.014665830915084745,-0.008640343261202351,0.010478958655930104,0.027898633221357695,0.014938097082279559,0.02338703205418949,0.02404507026019253,0.053712971036155605,0.04235598294506786,0.056742887547864246,0.004562350024898435,-0.01274720558893852,0.009642584599370235,0.0046050339156753365,0.04084220834869797,0.03637472068537354,0.01189200149024698,-0.041587394577148926,-0.060995508305666225,1.0,0.050146080182162926,0.02468329382786631,0.0034813266985406,0.021726979350946057,0.057169715529637996,-0.0069600283739097895,0.022157518333479058,0.0034635537960431544,-0.006615394771425935,0.018123012887945607,-0.010621087280493833,0.028463544534782406,0.042154480086706456,-0.051272094443502225,0.015977354658050526,-0.02117881084950324,-0.03079631351248517,0.06236558171086527,-0.03357151608065234,-0.020492100503339664,0.020548777626851457,-0.017569985889041153,-0.014026213606607529,0.02199358157806602,0.020982190278629013,0.014513147061789205,0.02957503394423553,0.015104583182284278,0.05844287569202148,0.03141003155891954,0.04283509100700112,0.005317995437139448,-0.027320060205533757,0.0034259769413203882,0.004339743008417052,0.025064043639965682,0.03400178974135636,0.007264321570462295,-0.05561795884441314,-0.06158367687204788
3.4815667267516557,0.6274096882734633,0.8897989575577067,4.0,118.0,125.0,110.0,101.0,87.0,51.0,40.0,14.0,6.0,12.0,1.0,134.0,123.0,129.0,127.0,123.0,130.0,109.0,127.0,125.0,125.0,127.0,109.0,0.19581464872944693,0.3452914798206278,0.4588938714499253,0.26276881720430106,0.33602150537634407,0.4012096774193548,0.02308265078183172,0.008935219657483246,0.022338049143708117,0.010424422933730455,0.018615040953090096,0.014892032762472078,0.0014892032762472078,0.007446016381236039,0.0052122114668652275,0.004467609828741623,0.03350707371556218,0.008190618019359643,0.03648548026805659,0.0037230081906180195,0.011913626209977662,0.017870439314966492,0.016381236038719285,0.0014892032762472078,0.00967982129560685,0.0052122114668652275,0.0037230081906180195,0.024571854058078928,0.0029784065524944155,0.027550260610573342,0.01340282948622487,0.012658227848101266,0.0387192851824274,0.035740878629932984,0.0029784065524944155,0.03201787043931496,0.023827252419955324,0.010424422933730455,0.11839166046165302,0.0022338049143708115,0.04690990320178704,0.02084884586746091,0.034996276991809384,0.058823529411764705,0.06701414743112435,0.011913626209977662,0.03201787043931496,0.029784065524944156,0.0029784065524944155,0.044676098287416234,0.0029784065524944155,0.01340282948622487,0.0022338049143708115,0.014147431124348473,0.004467609828741623,0.0022338049143708115,1.0,0.02507286316031147,-0.029974693232797806,0.04211711744583291,0.04575441890896896,0.03343875601033943,0.013155351193028526,0.02306568391939315,-0.03972955794471273,0.0025649763145526444,-0.003277830987804351,-0.026551761457137977,0.026370422085296222,0.016010726541166007,-0.02231893472743506,-0.05893517905633169,-0.0035291786012243012,-0.042968973480706205,-0.042538143717045576,-0.01221818480927492,-0.024910843879049665,0.010159132602663597,0.020246937237669804,-0.0013975252719052502,-0.007159888191759389,0.004573956223224687,-0.016943525492404937,-0.046658526727566575,0.004613512296366017,-0.03447575489831343,-0.004553621586555333,-0.0026596903309303974,-0.003952007152702563,0.0018774313344638634,0.021994935253042053,-0.0022055762438073787,0.0019067991635038526,0.024328975051308425,-0.004710816512677088,-0.008527397491279098,-0.043705180082770474,1.0,0.02509154636683927,-0.030668292236262863,0.043826044501138126,0.042837789678960306,0.03407319629771108,0.012518455041090023,0.021035116471743023,-0.045330165059663655,0.0019733583612849327,-0.01039472218935485,-0.02571853354631989,0.029610626400087346,0.016082839713992242,-0.01852501947416369,-0.05581186520092695,-0.005996531841595672,-0.04825339393106763,-0.036275243054192226,-0.010492791443874048,-0.017069485635304586,0.021837713213091813,0.027449254658375537,0.0023399354349121007,-0.001976273843062412,-0.0013817514688388751,-0.026023124916345734,-0.04609598099149937,0.0016443067489920597,-0.038377819895809274,0.004705923262822883,-0.00010869506665689694,-0.0017147167378816302,0.0029265789111334525,0.019368315479107712,-0.013015745161938026,0.005427766675952915,0.018668166243383456,-0.008580238162356873,-0.002460055588586792,-0.047432345905687165
3.468267800074325,0.6105789967820592,0.877885331347729,4.0,112.0,127.0,117.0,93.0,102.0,33.0,55.0,9.0,14.0,8.0,3.0,134.0,117.0,131.0,127.0,120.0,130.0,91.0,123.0,119.0,121.0,123.0,113.0,0.2378138847858198,0.34416543574593794,0.41802067946824223,0.2670807453416149,0.3360938578329883,0.3968253968253968,0.014147431124348473,0.008935219657483246,0.00967982129560685,0.016381236038719285,0.020104244229337303,0.01563663440059568,0.0014892032762472078,0.006701414743112435,0.005956813104988831,0.004467609828741623,0.04616530156366344,0.007446016381236039,0.03350707371556218,0.007446016381236039,0.02680565897244974,0.01712583767684289,0.014147431124348473,0.0022338049143708115,0.010424422933730455,0.0007446016381236039,0.0029784065524944155,0.02308265078183172,0.0029784065524944155,0.023827252419955324,0.01340282948622487,0.01340282948622487,0.03127326880119136,0.0379746835443038,0.0007446016381236039,0.03201787043931496,0.03276247207743857,0.010424422933730455,0.11243484735666419,0.0022338049143708115,0.04616530156366344,0.02308265078183172,0.035740878629932984,0.06552494415487714,0.06254653760238273,0.006701414743112435,0.03425167535368578,0.01340282948622487,0.006701414743112435,0.04690990320178704,0.0022338049143708115,0.02680565897244974,0.0014892032762472078,0.008190618019359643,0.010424422933730455,0.0007446016381236039,1.0,0.021340079332234644,0.015600343668124718,-0.0065792183181911865,-0.01293321393172154,0.00852957542147771,0.007953391909103439,-0.01245461615221521,-0.03408757452499391,0.014607384585050539,0.011506990775372615,-0.06230471805726316,0.005255964195560724,-0.02455263223616209,-0.03014398419663756,0.005636716879403152,-0.01598328392027509,-0.002992900033288863,0.022650100151203334,-0.007338473887133423,-0.01905566544539838,-0.020121504997569196,0.012505987828755354,-0.009519118955259614,0.042031896982941734,0.043262346519149154,0.037706579882913586,-0.053698173459468736,-0.01903408411782016,0.03720977263731131,0.008213674804809093,-0.03603861839424186,-0.00037576606735373417,0.02588361196355421,0.03455988621827741,0.011966897938000324,-0.015434269269476279,-0.023467998663819777,0.00870593837520112,-0.004197170769268233,-0.024217696774818276,1.0,0.021355981030693815,0.015174453207279408,-0.007251584007884744,-0.01292658829741479,0.009330392878471839,0.007976799735317956,-0.013329352268226954,-0.03408845783872345,0.0169342073049438,0.012021254508781436,-0.0649700656879368,0.007150623729212637,-0.021574183876381884,-0.03039330955416715,0.004794916143872165,-0.015573713606313254,-0.0013160935213688838,0.022258564629095118,-0.01236203755483557,-0.018119973596163387,-0.01988981070774502,0.00954941890967155,-0.00824192949176161,0.03850377412097133,0.04046645721268829,0.038911935311756546,-0.06325741306552589,-0.019595038395495885,0.04511756694145918,0.005077918633980647,-0.043481771275630944,0.004303003922757948,0.034424035960233246,0.03007334218428105,0.004941727205283626,-0.012159190811191137,-0.011471336358493787,0.0072855437087742305,-0.007097594308226103,-0.020550023073822365
3.484260570852336,0.6184388440586459,0.8912881608339538,4.0,115.0,129.0,125.0,99.0,77.0,44.0,29.0,24.0,4.0,7.0,2.0,134.0,117.0,131.0,127.0,123.0,130.0,101.0,128.0,127.0,124.0,127.0,115.0,0.1669195751138088,0.38239757207890746,0.45068285280728376,0.2641509433962264,0.3376010781671159,0.39824797843665766,0.017870439314966492,0.011913626209977662,0.008190618019359643,0.01712583767684289,0.016381236038719285,0.008190618019359643,0.0014892032762472078,0.008190618019359643,0.0037230081906180195,0.0029784065524944155,0.03350707371556218,0.011169024571854059,0.0387192851824274,0.004467609828741623,0.0193596425912137,0.022338049143708117,0.016381236038719285,0.0029784065524944155,0.00967982129560685,0.008190618019359643,0.0029784065524944155,0.03201787043931496,0.006701414743112435,0.02531645569620253,0.012658227848101266,0.010424422933730455,0.02531645569620253,0.04616530156366344,0.004467609828741623,0.028294862248696945,0.02531645569620253,0.00967982129560685,0.10498883097542815,0.0037230081906180195,0.054355919583023084,0.023827252419955324,0.03723008190618019,0.05956813104988831,0.07967237527922562,0.0052122114668652275,0.03201787043931496,0.021593447505584513,0.008935219657483246,0.045420699925539834,0.0037230081906180195,0.00967982129560685,0.0022338049143708115,0.0037230081906180195,0.010424422933730455,0.0014892032762472078,1.0,-0.009787658252900622,-0.06561588587706745,-0.04460034636097703,-0.003869978369158955,0.031945349327426084,-0.03615596886016848,0.01605992848481619,0.01718342842007883,0.025248836737989767,0.006374475078474687,-0.00782230366027838,0.020813700635827243,-0.006634809755821996,-0.04540173440321562,0.005649839419211788,0.004726252022434742,-0.026534846090950366,0.015445145645322353,-0.0181988402160991,0.014114122815169503,-0.008047474135389702,-0.010407372167171736,-0.012282150525259636,-0.012992233227453602,0.012230824295730308,-0.03503514168475505,0.025853068930906806,0.0434086942113269,0.03983783497093567,0.012735096958515452,-0.00855395623468485,0.026874691644908688,-0.012774969582698758,-0.00667169327899822,-0.016750096584892914,0.01878800992873712,0.0036110743379004838,0.0015915905703946735,-0.0231190864559672,-0.003188300488826165,1.0,-0.009794951589899807,-0.06581600253919369,-0.04623558623710694,-0.009355154993352974,0.026054254647754474,-0.03874860829385788,0.018568013807611285,0.01548910906137435,0.02539519904489535,0.009485234645595952,-0.00040628749017148594,0.022300269624619395,-0.005320432734162344,-0.044542060029726945,0.006440546365483128,-0.001648530485493957,-0.033412520047921654,0.01624853147897494,-0.0207878011606132,0.009558283311774479,-0.008303647072323471,-0.007673316386970785,-0.013723807685166735,-0.012102610139117549,0.00746111858705241,-0.03395998094907497,0.02490708843530905,0.04018127802938268,0.04498357399273565,0.020328697400388326,0.004552580360890554,0.03287267029094721,-0.01102903385016184,-0.0028782705446407566,-0.015225191096550223,0.013372089334765727,-0.006429711527096595,0.0009372060147833735,-0.02628613100198532,-0.008811726904849286
3.4702748641459715,0.6262792477197702,0.8734177215189873,11.0,96.0,118.0,112.0,78.0,113.0,21.0,61.0,14.0,13.0,24.0,0.0,134.0,109.0,122.0,127.0,112.0,130.0,93.0,123.0,113.0,115.0,127.0,95.0,0.27987897125567324,0.32829046898638425,0.3918305597579425,0.2764285714285714,0.3335714285714286,0.39,0.005956813104988831,0.006701414743112435,0.010424422933730455,0.00967982129560685,0.01563663440059568,0.014147431124348473,0.0007446016381236039,0.005956813104988831,0.004467609828741623,0.0052122114668652275,0.039463886820551006,0.008190618019359643,0.03648548026805659,0.0052122114668652275,0.02084884586746091,0.020104244229337303,0.01340282948622487,0.0037230081906180195,0.006701414743112435,0.004467609828741623,0.0014892032762472078,0.029784065524944156,0.005956813104988831,0.029784065524944156,0.01340282948622487,0.011169024571854059,0.03425167535368578,0.04393149664929263,0.005956813104988831,0.039463886820551006,0.029039463886820552,0.014892032762472078,0.10275502606105734,0.0007446016381236039,0.05063291139240506,0.020104244229337303,0.03425167535368578,0.0573343261355175,0.0774385703648548,0.007446016381236039,0.0379746835443038,0.0193596425912137,0.007446016381236039,0.045420699925539834,0.004467609828741623,0.016381236038719285,0.0007446016381236039,0.011169024571854059,0.008190618019359643,0.0014892032762472078,1.0,-0.02108870613575255,-0.035080268639152284,-0.03419467382605913,-0.02826093548154029,0.0715073604287745,0.02383277189536136,-0.0377051875765557,-0.017313175373594312,-0.03224889111839199,0.007075820412290126,0.00799896141263318,0.007971975467672166,-0.014013910214747342,-0.010842323426013009,-0.020299897094307965,-0.015382799267164968,-0.024675085168740455,-0.006240232694036135,0.0032229324501633965,-0.022135523609238452,-0.029661087399786276,-0.045116944652224926,-0.008713606988243021,0.02788615510428841,-0.025351855617617196,-0.03982148155303601,-0.0441608689466284,0.006501106830829618,0.020260643056403932,-0.029466337121294952,-0.038577780032649875,-0.017069163619849267,0.042119224252081776,-0.009170071193001797,0.006746670112481848,-0.026748521178469025,-0.013934327692108294,0.0528750416105494,0.042892594658178754,0.013865855132599936,1.0,-0.02110442052184475,-0.0355938381434368,-0.035851629620649014,-0.03126641098015478,0.06812705407854686,0.023972286215857553,-0.03419379213068093,-0.013651128560987026,-0.03024090064307896,-0.001272599945867695,-0.0001996444788460615,0.010075827615915368,-0.01132290880709714,-0.006936724636122948,-0.021349292837972208,-0.02091078046553804,-0.031055575703680668,-0.01011017708673185,0.0014746390078826637,-0.023168952286886643,-0.03074289287610185,-0.048145375073246933,-0.015384715996982668,0.017600936666059146,-0.030024700612426878,-0.04139759432497219,-0.043694224717309334,0.0010608672263963807,0.004438387550730693,-0.03862275228292355,-0.04085659222608049,-0.01770841062470633,0.03575475813672572,-0.024093411157241392,0.0009658160748802496,-0.027272041405411406,-0.016515987907837947,0.04009122376345947,0.03669796154222489,0.011989062909470211
3.505174574803385,0.6284581065261476,0.8860759493670886,5.0,115.0,121.0,113.0,90.0,65.0,45.0,27.0,8.0,4.0,6.0,2.0,134.0,114.0,122.0,127.0,117.0,124.0,115.0,119.0,119.0,115.0,115.0,113.0,0.16139767054908485,0.3577371048252912,0.480865224625624,0.2629009762900976,0.3333333333333333,0.40376569037656906,0.01563663440059568,0.004467609828741623,0.014892032762472078,0.020104244229337303,0.012658227848101266,0.0193596425912137,0.0014892032762472078,0.005956813104988831,0.0029784065524944155,0.0014892032762472078,0.03648548026805659,0.010424422933730455,0.03648548026805659,0.00967982129560685,0.021593447505584513,0.02531645569620253,0.016381236038719285,0.0037230081906180195,0.007446016381236039,0.004467609828741623,0.0014892032762472078,0.02308265078183172,0.0029784065524944155,0.022338049143708117,0.020104244229337303,0.014147431124348473,0.02531645569620253,0.04765450483991065,0.0014892032762472078,0.03052866716306776,0.029039463886820552,0.01340282948622487,0.10647803425167536,0.0037230081906180195,0.05361131794489948,0.022338049143708117,0.03201787043931496,0.0573343261355175,0.06775874906924795,0.008935219657483246,0.028294862248696945,0.014147431124348473,0.008190618019359643,0.04690990320178704,0.004467609828741623,0.018615040953090096,0.0052122114668652275,0.00967982129560685,0.007446016381236039,0.0022338049143708115,1.0,-0.0011773020461727174,0.03248021121229422,-0.004296026680111599,0.0470620642037087,-0.0452380267885432,0.04422443996184045,0.008338587686613464,0.03816586082946689,0.023771975956276035,0.03712634277361151,0.007049468175506876,-0.036606507900166535,0.014379320793099618,0.015454524723505255,0.0332582488651968,-0.021751236108348063,0.01857820523011673,0.009729850990704092,-0.006471606485126309,-0.006432734903479864,-0.02608912489534585,-0.003883749923802426,-0.014812212866333666,-0.005167649524302239,-0.01748510494941967,0.0061056687451746154,0.013083120057722468,-0.03451368899775544,-0.004845239979140545,-0.003587078605746402,2.4031227711443357e-05,0.022661715718944028,-0.0032629220365510483,-0.03672677496095428,0.006018318423757091,-0.020831996905764563,-0.01864100581672555,0.0022764058318019845,-0.038901043620422245,-0.01976018739317975,1.0,-0.0011781793204247138,0.03252731003375695,-0.004234729981715687,0.046185192850736564,-0.0451897587199016,0.041677887224140016,0.01147436087575907,0.03350174527096382,0.02787236700029402,0.029563394895566433,0.008855976709286936,-0.043232042874231484,0.014612406915106813,0.014252663266633103,0.03245193329852784,-0.023392083569553097,0.009154935551592218,0.011569249459767577,-0.012047896066253175,-0.002130506791074578,-0.032235080384213965,-0.000922471809758715,-0.01636385373611595,-0.00968499939824575,-0.01565359330411542,0.005325629174175069,0.019926672575717484,-0.03977526876001793,0.0001491285295163339,-0.0008526393266714858,0.004326854434373455,0.028127681512329594,-0.007684417071945823,-0.03380410465618775,0.006083867380413978,-0.017801818071187532,-0.018176012062427804,0.010032948244506611,-0.04114133466505463,-0.020226894265825485
3.5531095612942867,0.6380730079074175,0.8897989575577067,3.0,111.0,121.0,111.0,87.0,85.0,23.0,33.0,24.0,6.0,7.0,2.0,133.0,113.0,125.0,122.0,117.0,124.0,110.0,121.0,115.0,115.0,114.0,117.0,0.19738988580750408,0.3719412724306688,0.43066884176182707,0.2650771388499299,0.3288920056100982,0.4060308555399719,0.014892032762472078,0.00967982129560685,0.01712583767684289,0.016381236038719285,0.01563663440059568,0.01563663440059568,0.0007446016381236039,0.010424422933730455,0.0022338049143708115,0.006701414743112435,0.0387192851824274,0.00967982129560685,0.03201787043931496,0.0052122114668652275,0.018615040953090096,0.02308265078183172,0.012658227848101266,0.0029784065524944155,0.011169024571854059,0.0037230081906180195,0.006701414743112435,0.01712583767684289,0.0,0.027550260610573342,0.02084884586746091,0.017870439314966492,0.023827252419955324,0.03723008190618019,0.006701414743112435,0.03723008190618019,0.02531645569620253,0.011913626209977662,0.0960536113179449,0.0022338049143708115,0.05063291139240506,0.024571854058078928,0.034996276991809384,0.05286671630677588,0.06478034251675353,0.010424422933730455,0.035740878629932984,0.01712583767684289,0.011913626209977662,0.04765450483991065,0.0014892032762472078,0.0193596425912137,0.0052122114668652275,0.011169024571854059,0.010424422933730455,0.0037230081906180195,1.0,0.00901435746141437,-0.02846749606317021,0.0354873977586564,0.02275786941112056,0.02407630044490361,-0.02025949114696211,0.006252440017450087,0.006096904873175536,-0.009626851985015774,0.00011432120677773811,0.02082578485403512,0.04571011665884941,-0.02803053766867489,-0.04582632002209918,0.028617836193349226,0.009921871862989077,0.011874947192202891,-0.019812494883276566,-0.02259467441526915,0.014602267984109667,-0.041464771442160916,0.0020083505287196842,-0.003332568598120383,-0.04950895575637254,-0.0056016611605940155,-0.019836845531079905,0.021914587702061415,0.007999761987291574,0.0031933671316187206,0.028382883526121547,-0.01646388033346065,-0.034073014895566286,0.01767700081090056,0.01646704885586691,-0.010428046358676578,-0.03699328641527311,0.006880993570727101,-0.022595791589831604,-0.001513518059509549,-0.026631922783952044,1.0,0.009021074568315579,-0.028593659911151953,0.036121807400567606,0.02135551196425812,0.025855051593673652,-0.020904071675453453,0.006548027026583728,0.002540186108955977,-0.009025239093740216,0.0003372902471204241,0.020978591241838818,0.04568705643105611,-0.02770173890961988,-0.04441648725356151,0.023706162443497013,0.006348440665901171,0.016532492850416625,-0.017240384420617386,-0.023195064620938254,0.010245923652723124,-0.041105393019196856,0.004645049732674428,-0.007060823117506072,-0.04817803225058942,-0.0005009808655787174,-0.017614256817609752,0.019410179903766252,0.007645334601751426,0.010673833054950297,0.030151470735100376,-0.01602938363653949,-0.03906162589098447,0.018670628434843607,0.014948735407114912,-0.009023323536831575,-0.028523760321934568,0.0033571476768711798,-0.02997082336762174,0.0009644174488254296,-0.029901773143268442
3.511045013548226,0.6155023117651486,0.8897989575577067,0.0,121.0,122.0,108.0,86.0,92.0,43.0,39.0,10.0,12.0,7.0,2.0,133.0,121.0,124.0,124.0,115.0,120.0,117.0,127.0,119.0,121.0,123.0,115.0,0.20404984423676012,0.3364485981308411,0.45950155763239875,0.2604523646333105,0.3283070596298835,0.41124057573680606,0.014892032762472078,0.0029784065524944155,0.012658227848101266,0.012658227848101266,0.029039463886820552,0.017870439314966492,0.0007446016381236039,0.00967982129560685,0.008935219657483246,0.0014892032762472078,0.0379746835443038,0.00967982129560685,0.03350707371556218,0.007446016381236039,0.029039463886820552,0.02308265078183172,0.02531645569620253,0.0007446016381236039,0.0052122114668652275,0.007446016381236039,0.0022338049143708115,0.028294862248696945,0.0007446016381236039,0.02531645569620253,0.017870439314966492,0.014147431124348473,0.02531645569620253,0.034996276991809384,0.0037230081906180195,0.03648548026805659,0.022338049143708117,0.010424422933730455,0.09456440804169769,0.0022338049143708115,0.04616530156366344,0.02308265078183172,0.035740878629932984,0.06701414743112435,0.058823529411764705,0.012658227848101266,0.03648548026805659,0.02308265078183172,0.008935219657483246,0.044676098287416234,0.0029784065524944155,0.010424422933730455,0.0029784065524944155,0.006701414743112435,0.011169024571854059,0.0,1.0,-0.009994389313095639,0.004073208868729587,-0.014818549400807506,-0.01855089706572356,-0.023922532277885038,-0.03136960865409476,0.02804190233675051,-0.03135248962050659,0.0059225987419198635,0.029072249451388168,-0.01832534443960914,0.00531325058100892,-0.019818896361287662,-0.025003390065668044,0.0203383540898992,0.01897789787403693,0.0034508581468761395,0.004967509231373527,-0.03177213043158483,-0.04571305500893949,-0.0017545826181895718,-0.03089011545198339,0.003450647738203299,0.03925012688774671,0.030765032085433255,0.029024558632553345,0.06108345736136723,0.044483667118389636,-0.028730068420358197,0.0718544336390627,-0.005393348381243768,-0.029959068176335216,-0.04903734624028334,-0.025511425924158542,-0.0028833927322064533,-0.004804871526489072,0.0033175708660528945,-0.006680583427544496,0.04401352004813829,0.03672675607902218,1.0,-0.010001836697084519,0.00397964512485584,-0.01477299532520817,-0.018923107301095275,-0.024288444188021042,-0.0321267119073994,0.027172625453432627,-0.03189517427776308,0.003276024877136273,0.028746005741864294,-0.01951789709574675,0.004153207739353216,-0.01861378169650909,-0.02789067412439864,0.02330222327834549,0.019039802630229877,-0.00011066708156926132,0.007010613479431984,-0.03532928744150615,-0.046610410466497915,0.0014851236357163074,-0.03443198744312659,0.0026277347596494224,0.03973201777289523,0.02429293324778611,0.028320230908653463,0.06315275912320607,0.04443899293806996,-0.01846046009639372,0.0809011231812201,-0.0004941726126565338,-0.02425403355262146,-0.04917853623705563,-0.03021427433045489,-0.00048665403119842627,-0.00046051932698655263,-0.006978751670154962,-0.003478492725093755,0.043776908497037186,0.03347020771948353
3.452983032418082,0.6171204941306049,0.8786299329858526,6.0,112.0,117.0,106.0,92.0,82.0,44.0,33.0,37.0,22.0,10.0,0.0,134.0,113.0,122.0,115.0,119.0,130.0,109.0,127.0,116.0,118.0,121.0,111.0,0.18305597579425115,0.3888048411497731,0.4281391830559758,0.2724738675958188,0.32613240418118467,0.4013937282229965,0.017870439314966492,0.005956813104988831,0.01563663440059568,0.010424422933730455,0.01563663440059568,0.01563663440059568,0.0037230081906180195,0.0007446016381236039,0.0052122114668652275,0.004467609828741623,0.03276247207743857,0.00967982129560685,0.03350707371556218,0.006701414743112435,0.02308265078183172,0.023827252419955324,0.024571854058078928,0.0,0.010424422933730455,0.005956813104988831,0.0022338049143708115,0.022338049143708117,0.0037230081906180195,0.018615040953090096,0.011169024571854059,0.008935219657483246,0.029039463886820552,0.035740878629932984,0.005956813104988831,0.0379746835443038,0.023827252419955324,0.010424422933730455,0.10871183916604617,0.0037230081906180195,0.05361131794489948,0.027550260610573342,0.039463886820551006,0.06626954579300075,0.07520476545048399,0.0052122114668652275,0.03052866716306776,0.018615040953090096,0.0029784065524944155,0.054355919583023084,0.0022338049143708115,0.016381236038719285,0.0022338049143708115,0.005956813104988831,0.010424422933730455,0.0007446016381236039,1.0,0.05358049886528544,-0.06022673731722728,0.006827217999903471,0.04257814371148141,0.0007141447901835331,0.0077170813547457326,-0.027541060296503838,0.0007498013226112814,0.035260872229135654,0.029529959659621813,-0.014986903943685492,-0.01094775078333433,-0.05092403275861673,-0.03034493964805709,-0.0015184120485949657,-0.04354670765860454,-0.036983086741498826,-0.042527946192549564,-0.031042821138461595,-0.014798464292508045,0.04820164220962894,0.07126834678857816,-0.000948488543703045,-0.019981368891899304,-0.01057722092644092,-0.018988767479701366,-0.008618174420054102,-0.01879404620617332,-0.016700909884197857,-0.0010255951204192829,0.000748365684156517,0.008112483647699799,-0.011189631390692652,-0.03869267816616167,-0.03815210208777929,-0.021758599546707,0.04837881307399738,0.032112738173603904,-0.006395266035844952,-0.00351857037736281,1.0,0.05362042472136985,-0.06337392040861031,0.013774569932235395,0.03796912329655663,-0.0026711574255412988,0.012818710650124182,-0.029986771087157464,0.0037112758224960027,0.03201656867610635,0.026024761675986934,-0.0120164578042077,-0.007286020471453083,-0.05527142662673985,-0.028745028946411573,-0.0037275858993264088,-0.045071906691969185,-0.026636895830013108,-0.04546100558879003,-0.03179014016632396,-0.015376927746816775,0.0505653527921206,0.07567637087866715,0.0036381347031931538,-0.0116513344241475,-0.015138230408395665,-0.026149569237309322,-0.008711250235996986,-0.016752258550196467,-0.01599901669339453,-0.010809594198199376,-0.016841374597997023,-0.0010787889087985746,-0.014460005722131138,-0.03567627191904809,-0.03108587521376324,-0.024655266333018955,0.05109773532773096,0.03746307428985597,0.006811299210901712,0.0077208214555301745
3.483681210820909,0.6171392487099654,0.8883097542814594,5.0,104.0,123.0,113.0,101.0,91.0,11.0,64.0,20.0,28.0,3.0,1.0,134.0,111.0,129.0,125.0,119.0,130.0,39.0,126.0,113.0,121.0,123.0,109.0,0.24096385542168675,0.39457831325301207,0.3644578313253012,0.2828136330674402,0.34662799129804206,0.37055837563451777,0.016381236038719285,0.0022338049143708115,0.011169024571854059,0.011169024571854059,0.007446016381236039,0.011913626209977662,0.0014892032762472078,0.010424422933730455,0.0014892032762472078,0.0014892032762472078,0.040208488458674606,0.008935219657483246,0.034996276991809384,0.007446016381236039,0.024571854058078928,0.023827252419955324,0.01712583767684289,0.0037230081906180195,0.01340282948622487,0.0029784065524944155,0.0029784065524944155,0.03276247207743857,0.0037230081906180195,0.0379746835443038,0.014892032762472078,0.008190618019359643,0.028294862248696945,0.044676098287416234,0.006701414743112435,0.04616530156366344,0.01712583767684289,0.014892032762472078,0.09381980640357408,0.004467609828741623,0.06626954579300075,0.022338049143708117,0.04095309009679821,0.05658972449739389,0.058823529411764705,0.006701414743112435,0.028294862248696945,0.02308265078183172,0.004467609828741623,0.044676098287416234,0.005956813104988831,0.016381236038719285,0.004467609828741623,0.0037230081906180195,0.006701414743112435,0.0014892032762472078,1.0,-0.005149587470476084,-0.006526733592974668,0.03862717953986286,-0.05781859406289254,0.049700658885682,-0.01954761631282562,-0.00614264437106508,0.0491924608721444,-0.038527515060343,-0.026775174766434016,-0.016962776996901983,0.0007403813467392186,-0.026264417697944888,-0.04688201536718089,0.04135020336630014,0.05274857075385979,-0.016461183844274405,-0.018155779661627684,-0.013427610034222517,-0.011208922219474279,-0.013501950247403539,-0.04542502935621319,-0.022232733251665616,0.009183577543749674,0.058247306894331496,-0.004904225505549126,0.01723481382380097,-0.023234891240011882,0.007036523501333463,-0.009510959252583008,-0.023369149050454854,0.028701210886303716,-0.047479371570390096,0.005965594029561857,-0.007232567512574499,0.02396156837829966,0.016188048053208316,-0.02055933825780793,-0.01871427093209285,0.03238256627957811,1.0,-0.005153424718963783,-0.006563199812513852,0.038648620256656566,-0.05773298620312139,0.050188944008118144,-0.021925339703414242,-0.0009160010596172038,0.04222355700513528,-0.03186435880951327,-0.030937148593106707,-0.019690039583631764,0.008135675480544185,-0.033609233974960295,-0.04434383983993221,0.041317118455904904,0.05441336675890445,-0.014542074333798624,-0.021962468635947464,-0.010258250207493087,-0.013126074214967628,-0.016558373516790074,-0.04284313145292948,-0.03054280422791774,0.0032719076734066765,0.0692395051532487,-0.0018238083301672777,0.016032695661261417,-0.02908571494740124,0.019909437918603414,-0.014354128481042231,-0.02793220191606043,0.014245543311477196,-0.05153151726296419,0.011568834804431872,-0.011031027851347575,0.036347820011762774,0.007233151425222309,-0.0021117179350467314,-0.018599083273082705,0.02464654994585683
3.5545452165800957,0.6210192010972164,0.896500372300819,1.0,124.0,124.0,113.0,95.0,96.0,36.0,27.0,0.0,13.0,1.0,2.0,134.0,125.0,127.0,125.0,123.0,130.0,111.0,129.0,125.0,122.0,121.0,121.0,0.1962025316455696,0.34968354430379744,0.4541139240506329,0.2632283991962492,0.3315472203616879,0.40522438044206294,0.02531645569620253,0.006701414743112435,0.01563663440059568,0.01712583767684289,0.01340282948622487,0.016381236038719285,0.004467609828741623,0.005956813104988831,0.008190618019359643,0.0029784065524944155,0.03425167535368578,0.014147431124348473,0.0387192851824274,0.004467609828741623,0.01340282948622487,0.023827252419955324,0.0193596425912137,0.0037230081906180195,0.012658227848101266,0.0052122114668652275,0.0022338049143708115,0.02531645569620253,0.004467609828741623,0.027550260610573342,0.01563663440059568,0.014147431124348473,0.027550260610573342,0.039463886820551006,0.0052122114668652275,0.03276247207743857,0.02308265078183172,0.01712583767684289,0.10275502606105734,0.006701414743112435,0.04616530156366344,0.02531645569620253,0.03723008190618019,0.05063291139240506,0.06775874906924795,0.0052122114668652275,0.022338049143708117,0.0193596425912137,0.00967982129560685,0.045420699925539834,0.0007446016381236039,0.014892032762472078,0.0052122114668652275,0.007446016381236039,0.00967982129560685,0.0029784065524944155,1.0,0.025235564947802037,0.012382745566589496,0.020147018452126766,0.00850724253007871,-0.030621483828846625,0.02444391779316447,-0.009341356494870452,-0.003646681494848166,-0.014724415558509639,0.027661906569115217,-0.029283804182238072,-0.003472718455907619,-0.007424688123620263,0.007266771793587053,0.028770659968189102,0.020488090471798066,-0.01345562118809491,-0.00928030792906816,0.016611996134271282,0.04718296650049068,-0.05683363189012643,-0.008100880758054173,-0.016264841975193314,-0.012024898297444932,0.03775632571650124,-0.03414761454248573,0.033595456219298304,-0.010213550295180703,0.0049934097781746305,0.03861095808624553,-0.015545828705023978,-0.030388844985476633,0.020597782831281875,0.008425817085768221,0.00418608985515331,-0.034199806403222996,0.0008068988035087461,-0.015917485309280843,-0.014353840720613536,0.001972570662278117,1.0,0.025254369392621552,0.01177093762688954,0.019600572703155957,0.007407063548365875,-0.03163807078475207,0.02557044619241267,-0.010261365938524742,-0.0025962059543519233,-0.014947229121851901,0.02778072688819953,-0.028872411482318013,-0.0032205013367516784,-0.007256605751323865,0.007715384988399418,0.0320026125795372,0.015885902748056208,-0.013848855730088084,-0.011449577533451107,0.018056992876378526,0.04747779766530982,-0.059257191837121526,-0.008927351246194837,-0.016011632202105476,-0.007917176258562635,0.0421324572555076,-0.042045976321946774,0.0419011018112399,-0.014065667366931999,0.005510677582507098,0.03700724077374152,-0.01923599253100938,-0.028019328697182537,0.019976726949552492,0.008088010224486524,-0.00011530179005723491,-0.03241331038170322,0.0021547652320483917,-0.00944509060894044,-0.01663201758812247,-0.00044618277130942843
3.430740462846585,0.6204565288115735,0.8808637379002234,5.0,91.0,122.0,114.0,95.0,78.0,14.0,38.0,29.0,6.0,10.0,5.0,133.0,104.0,129.0,123.0,112.0,126.0,69.0,121.0,113.0,113.0,119.0,92.0,0.19934102141680396,0.40197693574958815,0.3986820428336079,0.28064992614475626,0.34047267355982275,0.378877400295421,0.00967982129560685,0.008935219657483246,0.011913626209977662,0.012658227848101266,0.00967982129560685,0.011169024571854059,0.0014892032762472078,0.011913626209977662,0.004467609828741623,0.0029784065524944155,0.039463886820551006,0.006701414743112435,0.034996276991809384,0.0037230081906180195,0.024571854058078928,0.02308265078183172,0.014147431124348473,0.0,0.011169024571854059,0.0037230081906180195,0.0022338049143708115,0.02531645569620253,0.0052122114668652275,0.0193596425912137,0.010424422933730455,0.01712583767684289,0.03127326880119136,0.04095309009679821,0.0014892032762472078,0.04393149664929263,0.026061057334326135,0.011169024571854059,0.10647803425167536,0.0007446016381236039,0.05212211466865227,0.02308265078183172,0.0387192851824274,0.06478034251675353,0.07446016381236038,0.006701414743112435,0.055100521221146684,0.011169024571854059,0.011169024571854059,0.04095309009679821,0.0022338049143708115,0.011913626209977662,0.00967982129560685,0.0,0.0052122114668652275,0.004467609828741623,1.0,-0.04020064289069976,0.018886778673757425,0.02165077452401177,0.05042126888602342,0.022415339827593295,0.012007652982515181,-0.005131110579869646,0.021182141167552123,0.04360950231115825,-0.036100390744429445,0.05198101354210791,0.03386507678463875,-0.02871398994210138,0.05210434005308672,0.002254545268302891,0.0021757431355671508,-0.01180639719302935,0.039312429922172334,-0.02362955920890155,0.029201254170182163,0.023789992887583964,-0.0031759372645333212,0.03557534624779535,-0.007849895393400023,0.013319527586860965,0.011253896657917378,0.0022899656009029625,-0.03731984167163237,0.012094773374566914,0.008391948086977602,-0.02646662247078676,0.007098347177353078,0.022332352753875517,-0.018836306703196113,-0.01710685984111929,0.026338019599796807,-0.048202413790686106,0.016528543270205327,0.03691140290454173,0.0010533869613520237,1.0,-0.040230598660364957,0.017324485504343016,0.0231884762803056,0.05215434426323948,0.025959052250308194,0.011744105219843164,-0.007465721327018116,0.016648752303238753,0.042924462000473854,-0.03510700562469163,0.0475087435278275,0.03607867130189801,-0.031759669771951375,0.048548821866381695,0.001744573113134522,-0.0031260880204882152,-0.015944894245136624,0.03491268020899617,-0.021237126953038785,0.01914709627465309,0.03005117091746468,-0.004039620911908043,0.025699081784446094,-0.0036046167334516464,0.007160703617417281,0.00487207331513306,-0.0003089832649506268,-0.037185775087777415,0.0001258936446795288,0.008799769176301863,-0.023232144899773797,-0.002774240328384342,0.02982255745923527,-0.023022395698674446,-0.022535579261537226,0.028796580217971133,-0.04962102942093368,0.009137336001768708,0.047304266769240474,0.00896239541914429
3.5317910409680278,0.639328492036317,0.8905435591958303,0.0,111.0,119.0,114.0,105.0,67.0,48.0,28.0,15.0,14.0,6.0,2.0,133.0,113.0,125.0,118.0,121.0,124.0,115.0,125.0,115.0,121.0,121.0,117.0,0.151033386327504,0.3942766295707472,0.4546899841017488,0.2638121546961326,0.3280386740331492,0.40814917127071826,0.012658227848101266,0.008190618019359643,0.010424422933730455,0.008935219657483246,0.01563663440059568,0.014892032762472078,0.0014892032762472078,0.006701414743112435,0.0052122114668652275,0.004467609828741623,0.04095309009679821,0.011913626209977662,0.04095309009679821,0.004467609828741623,0.020104244229337303,0.028294862248696945,0.01712583767684289,0.0022338049143708115,0.008190618019359643,0.0037230081906180195,0.0037230081906180195,0.034996276991809384,0.0037230081906180195,0.024571854058078928,0.018615040953090096,0.018615040953090096,0.023827252419955324,0.039463886820551006,0.004467609828741623,0.028294862248696945,0.026061057334326135,0.010424422933730455,0.08562918838421445,0.0029784065524944155,0.049143708116157855,0.027550260610573342,0.03201787043931496,0.05956813104988831,0.06105733432613552,0.006701414743112435,0.04244229337304542,0.020104244229337303,0.011913626209977662,0.054355919583023084,0.0022338049143708115,0.01712583767684289,0.004467609828741623,0.010424422933730455,0.008190618019359643,0.0007446016381236039,1.0,0.01214767310931402,-0.01949159574037036,0.03816937208118091,-0.0046131253740796145,0.019127496679097227,0.024559477914830666,0.016328018537778172,0.033669122387826905,-0.018526176077927503,-0.032018898570272215,-0.007010050704010733,0.013002114961812963,-0.014301277197986843,-0.01948813962383004,-0.018655651055947478,0.0016967429918559084,0.015065070226927263,-0.09569231967805104,0.007063919051144769,-0.04836555509642073,0.004060624132137644,-0.02860695376112824,0.005020707402565828,0.022477370660376087,0.022846874742035974,-0.0020983998706577884,0.010000682840868058,0.019606264073719248,-0.017907546525793874,0.016939003198020122,-0.01026429543101474,0.057036362028833304,-0.015409427600253107,0.011021316012804976,-0.02640601174468115,0.006017817459252805,0.01763227182153873,-0.0019365985070001512,0.012467670631557326,0.03760611579547931,1.0,0.0121567250266831,-0.019671359094231455,0.038756663574604375,-0.006007033567558292,0.020910919245812516,0.022490235080959948,0.01707404335884827,0.03295375581457168,-0.020464236677795247,-0.03191196113905154,-0.010469186527329618,0.01268066311631089,-0.015039814678855866,-0.01969559475908917,-0.019127438092229557,0.004080915173181535,0.018228350052296984,-0.09470894285105413,0.01032210685406776,-0.05533057714208056,0.016242783467001067,-0.03289300568987531,0.013265192257832134,0.021323531349619444,0.028881022941099756,0.0063365209651913244,0.008903224235041605,0.016852645063423655,-0.023914983397575033,0.01879187785741343,-0.020659377926141045,0.05794162476732855,-0.027881737247013674,0.018894335560877464,-0.03278559973302372,0.000537948671501072,0.018664080844928762,-0.011788544457561995,0.019170205602859286,0.024818652111617993
3.4594659860626384,0.6180444164575136,0.8801191362620998,5.0,99.0,124.0,119.0,85.0,89.0,0.0,53.0,11.0,17.0,3.0,10.0,134.0,107.0,131.0,124.0,122.0,128.0,39.0,127.0,113.0,113.0,119.0,107.0,0.23902439024390243,0.3772357723577236,0.383739837398374,0.28519061583577715,0.3460410557184751,0.3687683284457478,0.00967982129560685,0.01340282948622487,0.011169024571854059,0.008935219657483246,0.014147431124348473,0.008935219657483246,0.0022338049143708115,0.006701414743112435,0.0052122114668652275,0.0014892032762472078,0.04839910647803425,0.007446016381236039,0.04318689501116903,0.004467609828741623,0.01563663440059568,0.023827252419955324,0.017870439314966492,0.0029784065524944155,0.007446016381236039,0.0029784065524944155,0.0037230081906180195,0.02531645569620253,0.0029784065524944155,0.03276247207743857,0.014147431124348473,0.016381236038719285,0.03276247207743857,0.04393149664929263,0.0037230081906180195,0.0387192851824274,0.023827252419955324,0.008190618019359643,0.10498883097542815,0.0,0.04839910647803425,0.014147431124348473,0.04169769173492182,0.06999255398361877,0.05212211466865227,0.007446016381236039,0.035740878629932984,0.017870439314966492,0.005956813104988831,0.05212211466865227,0.0029784065524944155,0.0193596425912137,0.004467609828741623,0.010424422933730455,0.008190618019359643,0.0014892032762472078,1.0,-0.02089869421687447,0.05886736575297811,-0.004956391547423745,0.026640293410528877,0.014292405727919184,0.07525381238276092,-0.029078599773036663,-0.029850572233642923,0.04236086633146565,0.01475591289397064,-0.01780241886647115,-0.00525004279221926,-0.030600720166234684,-0.012804807797779321,-0.046070631803249086,-0.06065600245399428,0.028679782647791058,-0.02541348702747536,-0.009423334108381788,0.015617755488387614,0.007146130345066232,-0.007763298414787379,0.010992707471017958,-0.04173046908068675,0.013450702447797338,0.002352133646043342,0.038589613278875876,-0.0017775755306311703,-0.01099774304958962,-0.00013916424797039877,-0.01900823622029216,0.0021634145711291663,0.01982083314961026,0.0017439483645051589,-0.002156867698132147,-0.0009782125608141239,0.03338983482878164,0.031561380915746,0.0019968923990353465,-0.027794019736789643,1.0,-0.020914267014353533,0.058543362659742554,-0.0025922912531837635,0.023210001608144522,0.01583135540114822,0.07362092592401698,-0.028028207013486798,-0.040528729776029775,0.04487396639251103,0.0169540211134173,-0.02430405201956984,-0.010830310376804592,-0.0251488898156302,-0.011144631422289396,-0.052995247464151726,-0.06328700696037308,0.041817992981585166,-0.017265294447638635,-0.012612846242416034,0.024515020102266763,0.01670263208583403,-0.002291099576626484,-9.303725389287215e-06,-0.03791200552261562,0.02063909675118114,-0.0017407053486940473,0.03277657784104287,0.003978841909906336,-0.02207932180479245,0.0005443105808047071,-0.030170802191911473,-0.0036808235221035854,0.026964837281308333,0.0011514728250921825,0.0015895524931683366,-9.843153953800633e-05,0.03266819062467469,0.036262557635928165,-0.007572659175771273,-0.03273052570015769
3.476183775249303,0.6089903887343386,0.8801191362620998,0.0,113.0,120.0,118.0,93.0,89.0,55.0,27.0,9.0,3.0,1.0,0.0,134.0,113.0,123.0,123.0,113.0,124.0,107.0,119.0,115.0,113.0,117.0,113.0,0.18471337579617833,0.35509554140127386,0.4601910828025478,0.2666195190947666,0.32814710042432815,0.40523338048090524,0.00967982129560685,0.005956813104988831,0.010424422933730455,0.018615040953090096,0.014147431124348473,0.012658227848101266,0.0022338049143708115,0.005956813104988831,0.004467609828741623,0.0052122114668652275,0.03723008190618019,0.012658227848101266,0.034996276991809384,0.008190618019359643,0.02084884586746091,0.02084884586746091,0.014892032762472078,0.0007446016381236039,0.006701414743112435,0.0,0.0029784065524944155,0.018615040953090096,0.0014892032762472078,0.03276247207743857,0.017870439314966492,0.005956813104988831,0.020104244229337303,0.04988830975428146,0.004467609828741623,0.04169769173492182,0.024571854058078928,0.011169024571854059,0.10647803425167536,0.0052122114668652275,0.04616530156366344,0.026061057334326135,0.03201787043931496,0.05137751303052867,0.08413998510796723,0.011913626209977662,0.03350707371556218,0.017870439314966492,0.011169024571854059,0.04690990320178704,0.0052122114668652275,0.018615040953090096,0.0022338049143708115,0.011913626209977662,0.00967982129560685,0.0014892032762472078,1.0,0.006864642344933681,0.013483295732842602,0.019910184602404478,0.008096596664566552,0.008604165883879078,-0.0003128287695473931,0.028527658130555047,-0.04684894959089952,0.031063128496838444,0.00747485429814214,-0.07213055471331759,-0.042690165902414166,-0.014722091598796833,0.06801722185503492,-0.022014976974566267,0.016658345462511548,-0.009046064233648822,-0.014671157268693839,0.05987488591860975,-0.03504571822887175,0.036321937925560766,0.00592778716850464,0.02859516243979553,-0.019040708884180985,0.005566268058637352,-0.055358978987362764,-0.036176203652014474,-0.008088801405034271,0.08272555906253629,-0.00703531006273979,0.011280866033975887,-0.012609446436011248,-0.006430707078518526,-0.04977492876342307,-0.028730743708387036,-0.03553894203791127,0.010190884394307504,0.009493693942594196,-0.004172572997442775,-0.029540689859638123,1.0,0.006869757577679545,0.013456846555323122,0.019775311720646206,0.0076798548903138164,0.008007177066467237,-0.0010249871058010769,0.02817401377316234,-0.04793616991704532,0.03121669636528998,0.007086250722059575,-0.07252947868578452,-0.04334897336427506,-0.012304418301039526,0.07213441767857469,-0.017748886721728457,0.013633575233312226,-0.008281810386982953,-0.011513829845606281,0.0558935817576508,-0.03533544795906109,0.03585470531360389,0.008019172095664613,0.015869893074167245,-0.024063586863530394,0.013100573024636582,-0.05943538146026858,-0.026046418091884713,-0.020655595636460522,0.09544772061061377,-0.004586051683523839,0.015363734512020902,-0.016357223916447103,-0.007633029832464743,-0.04527843054033566,-0.03730265212208729,-0.03632565221097214,0.01458578237465331,-0.0026475581106284465,-0.004187488220569893,-0.017688160106121894
3.494714964465285,0.5979616517106612,0.8830975428145942,7.0,111.0,127.0,116.0,98.0,72.0,33.0,22.0,9.0,22.0,5.0,7.0,134.0,117.0,131.0,123.0,112.0,127.0,103.0,127.0,123.0,112.0,123.0,115.0,0.16057233704292528,0.38950715421303655,0.44992050874403816,0.2681409813407049,0.32480995162404974,0.40704906703524535,0.021593447505584513,0.0029784065524944155,0.011913626209977662,0.01340282948622487,0.01563663440059568,0.014892032762472078,0.0022338049143708115,0.008190618019359643,0.0037230081906180195,0.0029784065524944155,0.0379746835443038,0.012658227848101266,0.03350707371556218,0.007446016381236039,0.023827252419955324,0.0193596425912137,0.020104244229337303,0.0037230081906180195,0.011913626209977662,0.0037230081906180195,0.0029784065524944155,0.0193596425912137,0.0029784065524944155,0.024571854058078928,0.01563663440059568,0.011169024571854059,0.029784065524944156,0.028294862248696945,0.006701414743112435,0.03425167535368578,0.02531645569620253,0.01340282948622487,0.10424422933730454,0.0022338049143708115,0.058078927773641105,0.027550260610573342,0.04095309009679821,0.06850335070737155,0.06552494415487714,0.008935219657483246,0.026061057334326135,0.0193596425912137,0.008935219657483246,0.044676098287416234,0.0022338049143708115,0.0193596425912137,0.0,0.011169024571854059,0.0052122114668652275,0.0007446016381236039,1.0,0.02446032699985532,0.033048191153898766,0.07366250413995436,-0.002226257554271873,-0.017828733357095106,-0.01814422289387345,0.03541181312366398,0.001894852606860624,-0.004159640005360911,0.022953464033355183,0.027116201491812986,0.04975621563324766,-0.01323573448983326,-0.04657894919858484,-0.04278359053742154,0.010248817525229182,-0.018557118992985313,0.002682247589277881,0.01821236557435027,-0.0030747414453660333,0.01022694413684558,-0.002173085145964809,-0.012367468361396605,-0.04310505543528741,-0.008304462325620033,-0.004339223395459973,-0.0019062638017658799,0.04209588899187536,0.024537399564857985,0.01464681720173687,-0.0522933233048391,0.025712552409810966,0.027085031881175003,-0.03872392982824888,-0.0100381108800571,-0.00584292323847955,0.04583893668564691,0.004543392618319494,-0.02208258332228988,0.002515834974070304,1.0,0.024478553771092187,0.032517765066519315,0.07236743746192459,-0.006644322193293902,-0.022529255863758157,-0.022582587077293534,0.03872115329786089,0.004645497598846884,-0.003941358473807583,0.01709279080659921,0.026032427224295364,0.04996318235347693,-0.018883444085074922,-0.055637599320429894,-0.04758709022213758,0.02137161101184946,-0.006871934704780239,0.007828322454229606,0.009939833578990758,-0.004869422626190598,0.011283727883581281,-0.0039638267335264194,-0.017269883356800256,-0.04464027860917774,0.0014033624135066105,0.007374461890699999,0.008759231503901987,0.03739184231445134,0.017691727076519698,0.00845163082041468,-0.06157684199774944,0.02456918004661933,0.032413689054422073,-0.02842180808192385,-0.013218322113982254,-0.0053770741572615735,0.05144575011293749,0.004730349921641895,-0.03638587038702244,-0.016707088736041025
3.465460776326293,0.6224891829730651,0.8860759493670886,4.0,108.0,126.0,116.0,95.0,73.0,60.0,30.0,18.0,19.0,26.0,6.0,134.0,120.0,128.0,124.0,119.0,130.0,107.0,121.0,117.0,117.0,123.0,109.0,0.15712187958883994,0.3641703377386197,0.4787077826725404,0.26570048309178745,0.32919254658385094,0.4051069703243616,0.0193596425912137,0.008190618019359643,0.00967982129560685,0.017870439314966492,0.01563663440059568,0.012658227848101266,0.0022338049143708115,0.006701414743112435,0.0037230081906180195,0.0029784065524944155,0.039463886820551006,0.012658227848101266,0.03723008190618019,0.0007446016381236039,0.018615040953090096,0.02680565897244974,0.01563663440059568,0.0029784065524944155,0.014147431124348473,0.0037230081906180195,0.0029784065524944155,0.02680565897244974,0.0007446016381236039,0.02308265078183172,0.011169024571854059,0.007446016381236039,0.02680565897244974,0.045420699925539834,0.005956813104988831,0.04244229337304542,0.021593447505584513,0.010424422933730455,0.10424422933730454,0.0037230081906180195,0.06031273268801191,0.02531645569620253,0.029784065524944156,0.05956813104988831,0.07222635889798958,0.012658227848101266,0.035740878629932984,0.017870439314966492,0.007446016381236039,0.04393149664929263,0.0022338049143708115,0.011169024571854059,0.0007446016381236039,0.008935219657483246,0.006701414743112435,0.0014892032762472078,1.0,0.0015454494499610692,-0.004307342034317956,-0.025313602089318054,0.00045209507477475113,0.0499327423353547,0.03705090369760982,0.0013319918953478215,-0.0011725278607041098,-0.021109297567578993,-0.022685166368589867,0.0020275699931505443,0.024165208470614742,0.011342722935655677,-0.002788652975086385,-0.015099722386142267,0.03981926217622897,0.031046135194016406,0.008493751955991887,-0.05749306307302963,0.021625050778006662,0.012496433792735852,-0.014916426159663739,0.034714953675597474,-0.009736952398563273,0.028192496851007748,0.009011377634053692,0.022459518911264333,0.013715661378267015,-0.010821494645824655,-0.01656849943187639,-0.004031300164978077,-0.07223126631494377,-0.03574292285354972,-0.001969932956834829,0.000625744322771205,0.03364999548639057,-0.023611275839263257,-0.007387344284379416,0.013912843106037253,0.05171206455972886,1.0,0.0015466010516376476,-0.0043161684079194,-0.02535743151558165,0.0005111841965258581,0.04993321804980117,0.03654888753384998,0.0016963643203249156,0.0015784740535759055,-0.019551137790518144,-0.025459464182798822,-0.001807388665439055,0.02186425319595172,0.010336483696892468,-0.0005380648423416504,-0.010262534267926933,0.042722291366721364,0.029247378175807727,0.00517046399496487,-0.0583272748450184,0.024110910540639408,0.010548623722416849,-0.022473350645688162,0.0344368360522178,-0.005234625337966352,0.030799756907630607,0.01130125769858874,0.026374543432757844,0.009965580582454309,-0.016906085778361307,-0.018322292507524485,-0.0036449618994224393,-0.07920176327693906,-0.04363548860463691,-0.003775923156775865,0.005701937091050581,0.03884091844439511,-0.01762284210448651,-0.00011621432065062603,0.018069914858573198,0.05178433965932661
3.480092807016971,0.6316542954089739,0.8830975428145942,7.0,98.0,119.0,121.0,91.0,81.0,26.0,40.0,34.0,18.0,13.0,1.0,134.0,103.0,127.0,127.0,123.0,124.0,77.0,125.0,110.0,112.0,123.0,95.0,0.19722650231124808,0.4067796610169492,0.39599383667180277,0.27753623188405796,0.34202898550724636,0.3804347826086957,0.011913626209977662,0.007446016381236039,0.01563663440059568,0.00967982129560685,0.01563663440059568,0.011169024571854059,0.0014892032762472078,0.00967982129560685,0.004467609828741623,0.0029784065524944155,0.040208488458674606,0.010424422933730455,0.03723008190618019,0.008190618019359643,0.017870439314966492,0.023827252419955324,0.016381236038719285,0.0022338049143708115,0.004467609828741623,0.004467609828741623,0.0029784065524944155,0.03201787043931496,0.0014892032762472078,0.027550260610573342,0.012658227848101266,0.014147431124348473,0.028294862248696945,0.045420699925539834,0.0022338049143708115,0.03127326880119136,0.02308265078183172,0.010424422933730455,0.09233060312732688,0.0029784065524944155,0.058823529411764705,0.017870439314966492,0.03723008190618019,0.06775874906924795,0.07148175725986597,0.01340282948622487,0.03648548026805659,0.01563663440059568,0.007446016381236039,0.05063291139240506,0.008935219657483246,0.01563663440059568,0.0007446016381236039,0.008935219657483246,0.005956813104988831,0.0007446016381236039,1.0,-0.01575618384123038,0.023719182643599245,0.010497858296745067,-0.013630642484652192,0.018203544845606733,-0.0019970270908038013,-0.034627406567822185,-0.012180893166383244,0.021485896897579168,0.0020513911828443396,0.004063325274462251,0.010299617772697675,-0.0010337102839650736,0.026876968983519857,0.022986690595257393,-0.010872760590162543,0.0009195612636478034,-0.004119637071880245,0.022555138645640543,0.028599774728772183,0.040823074201475656,-0.030672900939308752,-0.008537672630374991,-0.01389385382035226,0.011511376012139956,0.018746762250021774,-0.030279976168607853,-0.007623083396861605,0.010163235375231802,-0.01659349340189683,-0.006579715473164021,-0.03756699600860707,0.015682141415915767,0.031711050277485005,0.017703702340011302,-0.007251934698498156,-0.0008343840486854238,0.009132087861857797,0.020129322609384177,0.002270172061478108,1.0,-0.01576792466376481,0.02351177623393798,0.011266874463951035,-0.013904457509599342,0.01734466091160488,-0.0009171729773656843,-0.03546234407485158,-0.013856264089872896,0.0235117641281561,0.0037720529189095887,0.0024454719300916958,0.010863945060227505,3.802656343125363e-05,0.024568595311014903,0.02309855474013745,-0.00999525759451803,-0.0007022631289617964,-0.0035565099469733975,0.023424036983791613,0.02912628908306312,0.043399759630124504,-0.02981738322434908,-0.013134580493477523,-0.015585546898775704,0.01265417472463996,0.01939445587944661,-0.027340031888243955,-0.008084195452589796,0.008324678908574648,-0.01929876292277451,-0.009423186402375367,-0.037159720684086205,0.016723357471481567,0.03063258053533089,0.0150982588579432,-0.00769013995718037,0.0010718744597364904,0.008301185184868599,0.018292931309047834,-0.002133583420702484
3.4191950404798015,0.6002095640169536,0.8816083395383469,2.0,83.0,106.0,102.0,87.0,82.0,7.0,55.0,21.0,10.0,8.0,0.0,133.0,97.0,119.0,112.0,114.0,119.0,39.0,115.0,107.0,104.0,104.0,95.0,0.2468916518650089,0.3907637655417407,0.3623445825932504,0.2917329093799682,0.34737678855325915,0.36089030206677264,0.016381236038719285,0.004467609828741623,0.01563663440059568,0.008935219657483246,0.016381236038719285,0.01340282948622487,0.0007446016381236039,0.011169024571854059,0.0029784065524944155,0.004467609828741623,0.04988830975428146,0.008935219657483246,0.034996276991809384,0.0052122114668652275,0.016381236038719285,0.02680565897244974,0.008935219657483246,0.0037230081906180195,0.008190618019359643,0.004467609828741623,0.0007446016381236039,0.02308265078183172,0.0029784065524944155,0.03052866716306776,0.01340282948622487,0.016381236038719285,0.035740878629932984,0.04095309009679821,0.0022338049143708115,0.035740878629932984,0.02308265078183172,0.008190618019359643,0.10349962769918093,0.0014892032762472078,0.06031273268801191,0.012658227848101266,0.044676098287416234,0.05286671630677588,0.08116157855547282,0.005956813104988831,0.039463886820551006,0.011169024571854059,0.008935219657483246,0.04839910647803425,0.0007446016381236039,0.02084884586746091,0.0022338049143708115,0.005956813104988831,0.0037230081906180195,0.0007446016381236039,1.0,0.04190526598463478,0.004422172417720331,0.03632532565154225,0.028744656237913155,0.021763425306985378,0.07285800836659212,0.01245387856039014,0.008830616834462712,0.07252273042065602,0.014137145744602344,-0.011910348174159225,0.028253706939573218,-0.031162064127255126,-0.05102084987173797,0.025505398137031277,0.0014752304770996425,0.025843306022981717,0.03187073608160506,0.04760022985533141,-0.015567093387888637,0.06620567830565369,-0.009622000529686581,-0.0050863048274395455,0.05811785900693966,0.04497092951739381,0.015266940187175143,0.02430053245795958,0.008041091954042026,-0.013658165164515358,0.029610765540267828,0.03059365804091866,0.03152788687621587,0.028619002286436393,-0.0014911903486244905,-0.0202820958788442,0.049644261819832856,0.008518241523668578,-0.03916228816292958,0.023236362827725315,-0.008395358120476126,1.0,0.04193649196524927,0.002674802487991951,0.03617312388664606,0.025868713329487224,0.01945999659971931,0.07037766413693712,0.004866904690218638,0.0060099208829979085,0.06709121794128275,0.0041719220148786935,-0.016443720482763043,0.019846561172542042,-0.039453330389657204,-0.052753125047128105,0.019187495410086793,-0.0015922446988444203,0.03150327267705036,0.025477369416365917,0.05119116515091998,-0.012577811941231105,0.06208688399352752,-0.01582033653486345,-0.0026762447012282846,0.04791646787128855,0.03243512588757071,0.00982010464704505,0.004093106398457614,-0.0046471307555637055,-0.017122636011961265,0.015532835105536059,0.025601510406528437,0.03702114952873387,0.017956999764158668,-0.011042283120701615,-0.018684554720181445,0.036229086705454897,0.00034908079304449535,-0.041058020645910805,0.02234949439444402,-0.021598647704626633
3.5258535960412503,0.6511087496204999,0.8912881608339538,5.0,112.0,127.0,112.0,85.0,76.0,30.0,51.0,24.0,32.0,22.0,4.0,134.0,115.0,129.0,125.0,123.0,130.0,107.0,129.0,119.0,126.0,127.0,111.0,0.19411764705882353,0.3720588235294118,0.4338235294117647,0.2664406779661017,0.3342372881355932,0.39932203389830506,0.01563663440059568,0.007446016381236039,0.012658227848101266,0.012658227848101266,0.01340282948622487,0.014147431124348473,0.0014892032762472078,0.006701414743112435,0.004467609828741623,0.004467609828741623,0.0379746835443038,0.00967982129560685,0.03350707371556218,0.007446016381236039,0.018615040953090096,0.023827252419955324,0.022338049143708117,0.0022338049143708115,0.011913626209977662,0.0029784065524944155,0.0029784065524944155,0.03052866716306776,0.0037230081906180195,0.028294862248696945,0.01340282948622487,0.011169024571854059,0.034996276991809384,0.044676098287416234,0.004467609828741623,0.03276247207743857,0.02531645569620253,0.01340282948622487,0.10126582278481013,0.0052122114668652275,0.04690990320178704,0.02531645569620253,0.03350707371556218,0.05212211466865227,0.054355919583023084,0.007446016381236039,0.04095309009679821,0.0193596425912137,0.005956813104988831,0.054355919583023084,0.0022338049143708115,0.021593447505584513,0.0037230081906180195,0.008190618019359643,0.0037230081906180195,0.004467609828741623,1.0,0.04908321750495068,-0.023828009143856195,0.0035143481575008926,-0.015795812188141165,0.00736681653369877,0.018570816373924257,0.022879551316005897,-0.055450782674664564,-0.018056405776067846,-0.011556741614822437,0.0013572900552626668,-0.00816764387048786,-0.06099791954430733,-0.0003620719644734914,0.007479112251835831,0.0019124206226829078,0.05645401084081819,-0.03064678503531411,-0.013100254747367056,-0.0479123172670124,0.012163960276034582,0.0188853341448422,0.031921681749026334,0.021701870011344587,0.021831646283150666,-0.0018599588633048622,-0.023372162294456936,0.005499992592929738,0.019044057601292675,-0.035492832109204106,-0.009264252689997,-0.04327738491852335,-0.017919258849352877,0.03383664575086519,0.03689603839923865,0.00941020577865942,-0.04767498690543522,-0.006106252676500914,0.04193473415923286,0.03824956183093472,1.0,0.049119792182674205,-0.026339852383805318,0.0060378181137231675,-0.01700695168921938,0.009324603095924961,0.017007420125396154,0.021873770957695507,-0.05773627585129486,-0.011272977477980888,-0.01284480311039351,0.0030695799256975844,-0.011552930102378902,-0.061160675945680774,0.006495396317706108,0.007823360694034637,-0.00035930952569541345,0.0549066489006496,-0.03775039634576791,-0.004465410280704071,-0.04913648606764532,0.011928253417178911,0.012044065570511334,0.030414513478567422,0.0170899656970249,0.030521629146480753,-0.00794397698370795,-0.019795557299955226,0.00044542995863389477,0.018044559326768562,-0.034020041572759285,-0.007686106339543646,-0.04673569825137775,-0.012820970800079039,0.03397376665920768,0.040224661837675084,0.010048578705027308,-0.03890770337421873,-0.005602289894585049,0.04168891452142111,0.02237195747983102
3.4819558371986847,0.6337609736856397,0.885331347728965,12.0,114.0,127.0,120.0,91.0,63.0,22.0,34.0,52.0,13.0,6.0,3.0,134.0,116.0,131.0,127.0,121.0,130.0,101.0,129.0,123.0,120.0,123.0,113.0,0.1659056316590563,0.4200913242009132,0.4140030441400304,0.2677111716621253,0.33446866485013627,0.3978201634877384,0.016381236038719285,0.008935219657483246,0.00967982129560685,0.01340282948622487,0.012658227848101266,0.012658227848101266,0.0052122114668652275,0.006701414743112435,0.0029784065524944155,0.0,0.0387192851824274,0.010424422933730455,0.03127326880119136,0.008190618019359643,0.018615040953090096,0.02308265078183172,0.0193596425912137,0.0007446016381236039,0.012658227848101266,0.0052122114668652275,0.0029784065524944155,0.03127326880119136,0.0,0.02680565897244974,0.011913626209977662,0.00967982129560685,0.029784065524944156,0.04988830975428146,0.0052122114668652275,0.0379746835443038,0.03425167535368578,0.008190618019359643,0.0960536113179449,0.0037230081906180195,0.058078927773641105,0.020104244229337303,0.03052866716306776,0.06552494415487714,0.06701414743112435,0.008190618019359643,0.03127326880119136,0.018615040953090096,0.010424422933730455,0.04318689501116903,0.0014892032762472078,0.021593447505584513,0.005956813104988831,0.008190618019359643,0.004467609828741623,0.0007446016381236039,1.0,0.013014822602297119,-0.025124896613266407,-0.0178825771965476,-0.015167702941211112,0.009862874584304451,-0.004476807727118977,0.03341305190456342,-0.0037870837181842097,0.041667356749836036,-0.027411372562484472,-0.018641201062889745,0.012985742251354702,-0.02728719838334595,0.03306352819268684,-0.0055837050009374545,0.01806910722749034,-0.0028303890911293927,0.012337412399001144,-0.009524115662888638,-0.021436010376767206,0.0033997915139250346,0.0011588046231290664,0.006382211699119897,0.008572542345016606,0.009444791907364067,0.014994870661356982,0.025527101216034936,-0.00482310050304689,-0.023353700785726995,-0.02106423601112813,-0.0002543690228926544,0.0010473492650538694,-0.055624104609754824,-0.016161623542449342,0.006590380015664266,0.012948137030404457,-0.02455362123073504,-0.018421862905877443,-0.00972722556219018,-0.017121251960114683,1.0,0.013024520681732515,-0.02533630463742352,-0.01727060275487853,-0.015405376903800514,0.009419067201278119,-0.005832292894071725,0.03372353342912717,-0.004855174199452947,0.044011947974714194,-0.028221966558967602,-0.014838012750056155,0.012719741098634482,-0.02811193367914625,0.0316071667988096,-0.006881176477571924,0.016957589509396218,-0.0016434789312849759,0.014070215092672192,-0.009467460891804771,-0.017361040055656796,-0.0010037494370304133,0.0038924189979541142,0.0002691014395186407,0.010143612580788138,0.009188892435494235,0.015659550180134034,0.029241999011625216,-0.005224150911976059,-0.018894324834165414,-0.02366018642691547,-0.0004220354835584203,-0.0032800404235177106,-0.06026700888516502,-0.016414001244690106,0.004640332875055621,0.010924785563586184,-0.023819559537043802,-0.014846921945693153,-0.010832891885590057,-0.017212100537789682
3.534201043315217,0.6372361289912624,0.8771407297096053,4.0,107.0,117.0,113.0,81.0,59.0,37.0,34.0,23.0,20.0,10.0,1.0,133.0,109.0,124.0,114.0,113.0,122.0,101.0,115.0,109.0,111.0,113.0,105.0,0.16006600660066006,0.3910891089108911,0.44884488448844884,0.2702702702702703,0.32651570489408327,0.40321402483564645,0.022338049143708117,0.007446016381236039,0.016381236038719285,0.01563663440059568,0.012658227848101266,0.012658227848101266,0.0022338049143708115,0.007446016381236039,0.0052122114668652275,0.005956813104988831,0.0387192851824274,0.011169024571854059,0.035740878629932984,0.006701414743112435,0.023827252419955324,0.022338049143708117,0.01712583767684289,0.0037230081906180195,0.0037230081906180195,0.005956813104988831,0.004467609828741623,0.023827252419955324,0.0029784065524944155,0.024571854058078928,0.01563663440059568,0.010424422933730455,0.028294862248696945,0.04393149664929263,0.005956813104988831,0.04244229337304542,0.02680565897244974,0.010424422933730455,0.10349962769918093,0.004467609828741623,0.04318689501116903,0.02308265078183172,0.03350707371556218,0.049143708116157855,0.06180193596425912,0.007446016381236039,0.03723008190618019,0.016381236038719285,0.008190618019359643,0.05137751303052867,0.004467609828741623,0.018615040953090096,0.0014892032762472078,0.00967982129560685,0.008190618019359643,0.0014892032762472078,1.0,0.014578754886797626,0.044458301354790716,0.002658768677035939,-0.006769116983745442,0.010970688765371914,0.021506795546054034,0.012249351069741081,0.012631491071228781,0.036886427187830834,-0.009967045741741946,0.03718415413868495,0.04618247964014875,-0.009467431321001115,-0.009137176115467145,-0.006107778017826671,0.04080795807540816,0.037546966886818675,0.0336014996679113,-0.04695653664253106,-0.045761863306671084,-0.00491225957777646,0.006954146258234406,0.0008131159987816027,0.015087035605367055,0.04398013015108001,-0.03076104751610269,-0.02564065910477092,0.028058041468687397,-0.005154494822810106,-0.010894370568372228,0.009216298087386863,-0.07346295147310977,-0.0053239984778692346,-0.005156238547224654,-0.05044310277938595,0.004751507832204304,0.00023101023144238227,-0.014931170660879615,0.0336598536672348,0.01907680996738133,1.0,0.014589618340513562,0.04432118465567695,0.0014003341108287741,-0.008838528602585976,0.01107304423335559,0.022041094622903077,0.010785840698800595,0.010365197754891444,0.036002326247935874,-0.011881023810943562,0.03438734369986811,0.046254188698414835,-0.014075559470317054,-0.014714970154087846,-0.005777335005321147,0.04254246745691108,0.034594370216458406,0.026034468264977757,-0.05254779185244141,-0.05090105256331345,-0.0011691428091204687,0.011557509436176106,-0.005099611731697568,0.010454823321955114,0.04533569585557653,-0.03176576247626781,-0.032134422321630954,0.03129177271744811,-0.005109909370397707,-0.014574980000866015,0.018421501753990623,-0.07111181514450662,-0.012139017850871448,-0.007164067380001045,-0.04694036137356348,0.008612164501096255,0.009023598174031531,-0.006092045031509393,0.03240474107607601,0.01510051744976431
3.46412700466369,0.6228787114685206,0.8838421444527178,15.0,105.0,126.0,116.0,91.0,107.0,33.0,42.0,26.0,11.0,4.0,6.0,134.0,117.0,131.0,126.0,124.0,130.0,83.0,128.0,125.0,121.0,127.0,109.0,0.2404692082111437,0.35777126099706746,0.40175953079178883,0.26941580756013744,0.340893470790378,0.38969072164948454,0.016381236038719285,0.006701414743112435,0.01712583767684289,0.010424422933730455,0.012658227848101266,0.010424422933730455,0.0007446016381236039,0.010424422933730455,0.0037230081906180195,0.0029784065524944155,0.04393149664929263,0.00967982129560685,0.04690990320178704,0.0029784065524944155,0.011913626209977662,0.020104244229337303,0.014892032762472078,0.004467609828741623,0.006701414743112435,0.0037230081906180195,0.0014892032762472078,0.023827252419955324,0.0022338049143708115,0.029784065524944156,0.01340282948622487,0.00967982129560685,0.028294862248696945,0.05584512285927029,0.007446016381236039,0.034996276991809384,0.023827252419955324,0.010424422933730455,0.09903201787043932,0.0022338049143708115,0.05658972449739389,0.02531645569620253,0.04169769173492182,0.05361131794489948,0.06701414743112435,0.0052122114668652275,0.03350707371556218,0.012658227848101266,0.008190618019359643,0.05212211466865227,0.004467609828741623,0.020104244229337303,0.0022338049143708115,0.008190618019359643,0.007446016381236039,0.0022338049143708115,1.0,-0.05463795374236011,0.004927557917128168,0.039280047749753084,-0.011675848852025281,0.000645389378076225,0.06480962791272457,-0.0027042052124239017,0.02284101021922624,-0.021299232207347914,-0.03256154968223514,-0.003985069862503159,0.039314751340726345,-0.033596478470078996,0.033401007890842244,-0.0007961352090526742,-0.008608742805002637,0.038830410463431136,-0.014645433581812802,-0.029275830294303987,-0.007665326802788114,-0.05247850635223235,-0.02759702280273678,0.014992206212150926,0.027805616172452922,-0.013403670985671103,-0.025433889821715624,-0.01299862645253233,0.012968837616529933,-0.02020107650177664,-0.03266382421461912,-0.008622667426898668,-0.013775454292999466,0.015203945266482633,-0.028048559042390602,-0.005359045961061516,0.037073215180742594,-0.022506856748753943,-0.030483644043601515,0.02793541014030775,-2.880334376104831e-05,1.0,-0.05467866756780148,0.0019509832750985586,0.039863305883166195,-0.00743399984569898,-0.0007570782898604895,0.06392292678981025,0.005077627237230503,0.022460521460349547,-0.024101254630258945,-0.03469265751376045,-0.009413200472439867,0.03766869475484461,-0.028116352467364762,0.027422459083814542,0.0028169477195101166,-0.0019477899233250114,0.03826800919958635,-0.014266440962178982,-0.029598836473952995,-0.020769028881070347,-0.05124451984701743,-0.031990546969463865,0.00862218300009514,0.03640322139501822,-0.0037784566286246323,-0.027353567274484018,-0.007046802737576128,0.01630576994869504,-0.022812598546436386,-0.040092016105974945,-0.02026855816300585,-0.013560509698889637,0.026541096492457755,-0.025933381100599482,-0.004733224669552943,0.04151993490105687,-0.011830894750351127,-0.03018016501801958,0.01742753526063402,0.0001851588441544578
3.503416138713374,0.6240945240673019,0.8816083395383469,0.0,112.0,128.0,118.0,103.0,75.0,43.0,26.0,32.0,13.0,6.0,3.0,134.0,113.0,131.0,127.0,126.0,128.0,107.0,129.0,123.0,120.0,122.0,111.0,0.15326251896813353,0.40364188163884673,0.44309559939301973,0.26580557443915703,0.3371855880353501,0.3970088375254929,0.018615040953090096,0.004467609828741623,0.014892032762472078,0.0193596425912137,0.01340282948622487,0.017870439314966492,0.0014892032762472078,0.007446016381236039,0.004467609828741623,0.0022338049143708115,0.034996276991809384,0.011169024571854059,0.034996276991809384,0.005956813104988831,0.017870439314966492,0.029039463886820552,0.020104244229337303,0.0022338049143708115,0.014147431124348473,0.005956813104988831,0.0037230081906180195,0.017870439314966492,0.0022338049143708115,0.016381236038719285,0.011169024571854059,0.01340282948622487,0.03127326880119136,0.04393149664929263,0.0029784065524944155,0.04318689501116903,0.018615040953090096,0.010424422933730455,0.10498883097542815,0.0029784065524944155,0.06031273268801191,0.022338049143708117,0.03723008190618019,0.05584512285927029,0.07297096053611318,0.010424422933730455,0.028294862248696945,0.02308265078183172,0.00967982129560685,0.03127326880119136,0.0029784065524944155,0.01712583767684289,0.0037230081906180195,0.010424422933730455,0.00967982129560685,0.0007446016381236039,1.0,-0.027182135785742478,0.003671899238122744,-0.006185867689718995,0.009977737259372012,0.037861419661705496,0.012454361168066199,0.0016305923028776526,0.023081870084266244,-0.0051264460695876445,-0.013612183526925415,-0.04064472604975407,-0.05033640414892429,0.01798979354354219,0.04255279144407061,-0.04266026909753178,0.05092863068110093,-0.019831689762081516,-0.001124846688281567,-0.004131669609154327,-0.024024952408939017,-0.02390177768933236,0.07256597554843046,-0.026305739300593944,-0.014493652268532001,-0.03170658617679671,-0.004665686565779379,0.011465188526996965,-0.027818366142198698,0.023846285583966138,0.023737098579905906,0.026331792849482297,0.024632167921236257,0.03720761889064713,0.0069128470547243255,-0.007626052601982069,0.009706820519205756,-0.0428644070292583,-0.0032849927381650265,0.013217362847754927,0.005057359238036358,1.0,-0.02720239073044125,0.002939580738199028,-0.006024523659153264,0.009673003792774484,0.038608850111918884,0.014531412490901376,0.0022638994169127233,0.02365655086317659,-0.00450855461610125,-0.015911592733087968,-0.04271277872688766,-0.054257415859688844,0.013434182944791935,0.044137704636023525,-0.03946635172307292,0.05399719478815343,-0.011126767979977754,-0.0027517162314493328,-0.004352207809288146,-0.022926348056713924,-0.03161753360298175,0.06844434815732865,-0.0250955203557814,-0.01882435199805223,-0.024046811148869186,-0.003313430347983662,0.006049564896859046,-0.023090668054600454,0.02575156213101999,0.0195398120436162,0.0338800754620839,0.02160772697619343,0.04779639949952827,0.014632269135189854,-0.01742082034887583,-0.0025787740551890485,-0.04330052967148838,-0.020565284097216797,0.016017383804385336,0.003414434484752438
3.4714412432827326,0.6232958444197443,0.8793745346239762,3.0,104.0,118.0,119.0,83.0,92.0,41.0,24.0,25.0,14.0,3.0,6.0,134.0,106.0,123.0,122.0,118.0,127.0,93.0,123.0,110.0,112.0,122.0,105.0,0.18829113924050633,0.3813291139240506,0.43037974683544306,0.2752688172043011,0.3311827956989247,0.3935483870967742,0.011169024571854059,0.006701414743112435,0.01563663440059568,0.01340282948622487,0.01340282948622487,0.01563663440059568,0.0,0.00967982129560685,0.005956813104988831,0.0029784065524944155,0.03127326880119136,0.00967982129560685,0.029039463886820552,0.007446016381236039,0.0193596425912137,0.021593447505584513,0.0193596425912137,0.0022338049143708115,0.005956813104988831,0.0007446016381236039,0.0052122114668652275,0.02680565897244974,0.0007446016381236039,0.022338049143708117,0.014147431124348473,0.010424422933730455,0.04095309009679821,0.04616530156366344,0.004467609828741623,0.03648548026805659,0.023827252419955324,0.010424422933730455,0.09828741623231571,0.0014892032762472078,0.05286671630677588,0.023827252419955324,0.04690990320178704,0.06254653760238273,0.07148175725986597,0.007446016381236039,0.039463886820551006,0.014892032762472078,0.008190618019359643,0.04690990320178704,0.0037230081906180195,0.01563663440059568,0.0014892032762472078,0.008935219657483246,0.011169024571854059,0.0014892032762472078,1.0,-0.018636338311181732,-0.0322843462974657,0.016206094601317833,-0.022359082068160535,0.03129852403927923,-0.005992789604169112,-0.004727459763838268,0.032719522578263584,0.02299864160538773,-0.0038318913667932056,0.042063769988122245,0.01293651457850437,-0.012811943057034739,0.012776455927870748,0.0007327206428834615,-0.020199676812984634,0.04134902396441931,-0.05490881683973274,-0.0014635047059708688,-0.0032724778742082455,0.011979901466519964,-0.008248705186972061,-0.04302432919831467,-0.01368468116187131,-0.024743436010709285,0.03744276968699409,0.0015110729038325394,-0.0023196909562155843,0.0014397838998217163,-0.007383630986499596,-0.028468691157966814,-0.04900876334984844,0.021676804365611823,-0.01482351097625027,0.05493993103992737,-0.014079132767450337,-0.01785318199782304,0.009526293383641292,-0.010853829170881037,-0.009883630510081459,1.0,-0.018650225299491112,-0.03269169804296945,0.015031234997703945,-0.022925978231264296,0.031653756013091845,-0.006624575248995059,-0.0021881790845326623,0.030963276003334084,0.025760801913350458,-0.0020297403773967882,0.04337424685316225,0.015337101614316584,-0.010464710339586196,0.010969931032846483,0.0025760427881325577,-0.022413873775860776,0.03871417792033353,-0.054990664372427875,-0.0034848786174254322,-0.012352083429100814,0.016822705062164777,-0.015890153941070174,-0.04136645185785631,-0.015629128566258872,-0.0299218678866311,0.03728323547782028,0.005429748339798067,0.0005246384897728587,0.0023414569572709825,-0.0015175769302750506,-0.029871995820172696,-0.049597310637737695,0.02451589025237407,-0.0185065565802052,0.06350918866234094,-0.016421917110348894,-0.01163588072612261,-7.258774927478341e-05,-0.0038638895420120578,-0.008672894735598164
3.498131496257393,0.6453899149927562,0.892777364110201,7.0,109.0,117.0,120.0,100.0,34.0,19.0,38.0,8.0,13.0,0.0,1.0,134.0,108.0,123.0,126.0,117.0,124.0,108.0,128.0,109.0,111.0,123.0,107.0,0.13957597173144876,0.42579505300353354,0.43462897526501765,0.27221438645980256,0.32651622002820874,0.4012693935119887,0.023827252419955324,0.004467609828741623,0.01712583767684289,0.007446016381236039,0.02308265078183172,0.014147431124348473,0.0007446016381236039,0.0014892032762472078,0.004467609828741623,0.004467609828741623,0.03723008190618019,0.014892032762472078,0.03425167535368578,0.010424422933730455,0.02680565897244974,0.02084884586746091,0.016381236038719285,0.0029784065524944155,0.008935219657483246,0.0052122114668652275,0.0037230081906180195,0.011913626209977662,0.004467609828741623,0.02531645569620253,0.014147431124348473,0.007446016381236039,0.02531645569620253,0.04244229337304542,0.0029784065524944155,0.03723008190618019,0.03052866716306776,0.012658227848101266,0.10126582278481013,0.0029784065524944155,0.045420699925539834,0.02308265078183172,0.029784065524944156,0.06254653760238273,0.05956813104988831,0.008190618019359643,0.034996276991809384,0.020104244229337303,0.010424422933730455,0.0573343261355175,0.0022338049143708115,0.023827252419955324,0.0014892032762472078,0.010424422933730455,0.008935219657483246,0.0,1.0,0.007707682097985904,-0.0163034094929412,0.030178525537624894,-0.026619691201936562,-0.02063632396775507,0.0012396733971053568,0.03960317809086422,0.02779064964970364,-0.0007847037170934918,-0.0004919187080875765,0.02841904043905535,0.020269373116378157,0.03750842140000045,0.058230318582730645,0.00891692286741018,0.00527905822141526,-0.00643643492776276,0.02691158672123471,0.008147401996630225,-0.006782485947338065,0.05911162701602265,-0.0007216603331774128,0.015482604135937224,0.04734052619582815,0.01546541124103365,-0.021594218513346104,0.06450271357167527,0.011660176891346985,-0.00913344481305483,-0.000804858165068261,0.0008275098195984962,-0.015138860962164862,0.012001878801081438,0.032597261935717,0.0012981608081974504,0.003660139941925778,-0.011347237505462588,-0.008505577760703228,-0.05005336147258651,0.015672393728659393,1.0,0.0077134255272690464,-0.016388196775014602,0.030510514293580683,-0.027492891818407354,-0.01927647555926987,-0.0002336163711035249,0.04088119338162499,0.02787339911694526,-0.0010624830019142198,-0.0024779141782994593,0.029261133326542694,0.023297702101708007,0.039825244078646904,0.055862036887201844,0.007731017311717591,0.006632160379445987,-0.006529933070459909,0.030083928754894372,0.00717773744818866,-0.009113792117797653,0.05259060326368468,-0.005165466228535657,0.018231249934846417,0.04299512515577388,0.012734927683399908,-0.025939898451191674,0.06128134689091402,0.005929436584935967,-0.008271716580461427,-0.0073015897040762,-0.0023784172135310135,-0.022296280792322137,0.011520704589864986,0.025165891118335035,-0.011035514547720476,-0.0019234680573005567,-0.018243401177078195,-0.013756722397846045,-0.057941243430601516,0.014509865284839364
3.4654032305652187,0.6006738026088666,0.885331347728965,10.0,111.0,127.0,116.0,96.0,87.0,45.0,38.0,21.0,9.0,10.0,4.0,134.0,113.0,131.0,124.0,113.0,126.0,91.0,115.0,113.0,111.0,113.0,111.0,0.20029673590504452,0.3590504451038576,0.4406528189910979,0.26881720430107525,0.33046594982078853,0.4007168458781362,0.016381236038719285,0.008190618019359643,0.008190618019359643,0.014147431124348473,0.012658227848101266,0.01340282948622487,0.0007446016381236039,0.008190618019359643,0.008190618019359643,0.0037230081906180195,0.039463886820551006,0.006701414743112435,0.03127326880119136,0.006701414743112435,0.0193596425912137,0.029039463886820552,0.011169024571854059,0.0022338049143708115,0.00967982129560685,0.005956813104988831,0.0022338049143708115,0.022338049143708117,0.0037230081906180195,0.03648548026805659,0.010424422933730455,0.011913626209977662,0.034996276991809384,0.04169769173492182,0.0029784065524944155,0.03276247207743857,0.026061057334326135,0.008935219657483246,0.10647803425167536,0.004467609828741623,0.055100521221146684,0.023827252419955324,0.03127326880119136,0.06031273268801191,0.08339538346984364,0.004467609828741623,0.03425167535368578,0.01340282948622487,0.008190618019359643,0.04318689501116903,0.0014892032762472078,0.01712583767684289,0.0037230081906180195,0.010424422933730455,0.007446016381236039,0.0014892032762472078,1.0,0.013993902149372201,0.020229257216143465,0.06587817265869005,0.05457936800455971,0.028947866165051447,0.03020931796067296,-0.010697914682525832,0.0030255394237758315,-0.00038203510173962613,0.0089310877504656,0.004795958033542466,0.025062076979452185,-0.005068556034648212,-0.007660377136452914,0.06612585409200236,0.005350244783059132,-0.03789001068533859,-0.020820043990954745,0.006107759890232802,-0.04692757822926409,-0.04563947936065877,-0.013728299476262603,0.0016367451544534331,0.005224129111341894,-0.0033828953613188025,-0.02024228630141145,0.06647064182844963,-0.03675661816237234,0.031017347167839358,0.012834874747884533,-0.022137648062314753,-0.006478396418869135,0.03446595607220764,0.05072134494904182,-0.006650918465046539,-0.01772064345353729,-0.013113265330123866,0.0364332936570823,0.0088624180926593,-0.0193312232646532,1.0,0.014004329796279337,0.020067241981732858,0.0655058273244851,0.05287582525365213,0.0255090159412413,0.02374330440398729,-0.019317512360482705,-0.0040793912475656485,-0.006346581028630705,0.007420034308572192,0.005094704260225381,0.025800843915030756,-0.0055015203036866325,-0.010051928111381645,0.06376907849697828,0.0018693956880514338,-0.04077434210783185,-0.02929416427493728,0.0021122461828463578,-0.046182034867431325,-0.04303977285821108,-0.006048447490134282,0.012690346653042913,0.016637217333888454,0.003338614741028934,-0.016347480287966475,0.06599398812559433,-0.04001805678728574,0.03397004660588778,0.0036558640145158265,-0.0262708423251036,-0.002208598279829322,0.03579174993668761,0.055022975262399666,-0.00627450057462584,-0.015661171938668533,-0.024276750275929907,0.027109111111824836,-0.0007571049386745046,-0.020209754864761616
3.5238457246405415,0.6353001820943296,0.8771407297096053,5.0,102.0,118.0,112.0,85.0,76.0,17.0,32.0,1.0,11.0,5.0,0.0,134.0,107.0,123.0,122.0,117.0,123.0,95.0,119.0,111.0,110.0,112.0,103.0,0.20035460992907803,0.37056737588652483,0.42907801418439717,0.27325581395348836,0.33430232558139533,0.39244186046511625,0.010424422933730455,0.0052122114668652275,0.014147431124348473,0.012658227848101266,0.017870439314966492,0.018615040953090096,0.0007446016381236039,0.006701414743112435,0.005956813104988831,0.0007446016381236039,0.04616530156366344,0.008935219657483246,0.029784065524944156,0.008190618019359643,0.018615040953090096,0.024571854058078928,0.016381236038719285,0.0037230081906180195,0.011913626209977662,0.0014892032762472078,0.004467609828741623,0.02680565897244974,0.0007446016381236039,0.023827252419955324,0.018615040953090096,0.011169024571854059,0.024571854058078928,0.0387192851824274,0.008190618019359643,0.035740878629932984,0.028294862248696945,0.014147431124348473,0.08562918838421445,0.0037230081906180195,0.040208488458674606,0.02308265078183172,0.05286671630677588,0.05658972449739389,0.06329113924050633,0.011169024571854059,0.04244229337304542,0.014892032762472078,0.00967982129560685,0.054355919583023084,0.0037230081906180195,0.018615040953090096,0.0029784065524944155,0.010424422933730455,0.007446016381236039,0.0007446016381236039,1.0,0.018926547132349376,0.0411478012843321,0.041301497355788,0.016955778286689642,-0.0390283236357956,0.038128122294854155,0.009070577789978797,0.039058529969827685,0.06613741340193388,0.033941401981742,0.01931934647449914,0.025399069048622786,0.034305105951745664,0.00467653064127062,-0.022946254474914166,0.009320436007805383,-0.012779634612380932,0.0064863262613967096,0.03870240207461378,0.006213987737015458,-0.01675477643354789,0.03704226088230762,-0.01547967136269763,-0.021359175988765137,-0.014281530730744216,0.0010692838940992654,-0.010782876825416886,-0.0366728496397387,0.01157910848944552,0.024337271999746484,-0.00014552126815806654,0.034461181825757074,0.0210774523014324,-0.018392965897200873,-0.027594906304409802,-0.03234820921777744,0.022018473954794712,0.0034684472741220943,0.000968652766875947,-0.041352514428792245,1.0,0.018940650371643233,0.040865082155136304,0.03995234755765887,0.013961749587818626,-0.04315015819896595,0.0369545818270427,0.00997021159067359,0.03929835395594743,0.06316971682497893,0.02562401398238679,0.01327527239681469,0.01606382169393752,0.031607444218441215,0.002921966853387952,-0.030837536006742175,0.0036979202498366322,-0.017196013318486834,0.003364403952542927,0.03388230987748715,-0.0015278337098289941,-0.02381566685840626,0.028247419689328764,-0.016066692276114337,-0.018305203627831498,-0.016933882822618342,0.0017334291387134692,-0.005695919109909867,-0.04280899604640918,0.01274148881450937,0.027851554723091698,-0.0005193927913083975,0.03278792268573921,0.020412863380629365,-0.014240298890984965,-0.03031959147242897,-0.03033129364027144,0.038191088342292866,0.004208813692062314,-0.0037366480640923837,-0.04873106088458056
3.52796120063179,0.6326377439095108,0.8845867460908414,2.0,109.0,124.0,113.0,90.0,90.0,40.0,23.0,6.0,2.0,3.0,0.0,134.0,109.0,127.0,123.0,119.0,128.0,106.0,129.0,109.0,108.0,119.0,108.0,0.19102990033222592,0.3504983388704319,0.4584717607973422,0.2755461592670895,0.32346723044397463,0.4009866102889359,0.014147431124348473,0.007446016381236039,0.012658227848101266,0.01340282948622487,0.01563663440059568,0.01340282948622487,0.0022338049143708115,0.005956813104988831,0.008190618019359643,0.0007446016381236039,0.03723008190618019,0.011169024571854059,0.03052866716306776,0.006701414743112435,0.01712583767684289,0.02680565897244974,0.0193596425912137,0.0037230081906180195,0.011169024571854059,0.005956813104988831,0.0037230081906180195,0.02680565897244974,0.0014892032762472078,0.03276247207743857,0.014147431124348473,0.008190618019359643,0.021593447505584513,0.05137751303052867,0.006701414743112435,0.034996276991809384,0.023827252419955324,0.014147431124348473,0.10126582278481013,0.0029784065524944155,0.05286671630677588,0.023827252419955324,0.029784065524944156,0.05212211466865227,0.07073715562174236,0.00967982129560685,0.04169769173492182,0.011913626209977662,0.008190618019359643,0.0387192851824274,0.007446016381236039,0.0193596425912137,0.006701414743112435,0.011913626209977662,0.005956813104988831,0.0014892032762472078,1.0,0.024865209573917933,0.015747038952418628,0.014221536598080424,0.051459913120392754,-0.005803057097480367,0.015217159605381099,0.021234178893914032,0.04553543702706246,0.036696299618081886,-0.011346780361927291,0.036780133315250416,0.006129799997102127,0.034244536227954855,-0.022949177697380307,0.04376393117118066,0.00770130976962132,0.009926567454782747,0.030140784983493984,0.013212856755510533,0.01037146367382992,0.037256603588395235,0.03456080567495825,0.00469635784152875,-0.0056652234600112405,0.007393930853681539,-0.03491986554751809,0.0020254789247505824,0.022065459464047636,-0.0008981844465960991,0.0022681041894114418,-0.02859545963965593,-0.042934219854208346,0.009155238824816716,-0.010715405936226923,0.003407644908558766,-0.005370174628385668,0.013840054982619705,0.027839641463440725,0.04461075584138047,0.023756025160849063,1.0,0.02488373804602964,0.015160711568940761,0.01350110175255088,0.05074974906513869,-0.008732113196706838,0.013982012482489314,0.019571141788122713,0.04215968456113314,0.03490178304583402,-0.016393969326773103,0.034111236679043054,-0.00016099729820268148,0.030755582962656493,-0.02536920089202104,0.038482124468675764,0.0032462967083229377,0.00284811418177655,0.031127876206261812,0.004237225255822252,0.006421583789181442,0.03425629618348677,0.027921468770086246,0.000870599329691413,-0.015245809698425188,0.0049526510655392665,-0.04559595362498996,0.0018937008177947494,0.01844586776381918,-0.006678601763581454,-0.001081122613957244,-0.03489833782257524,-0.044372063069416504,0.009594971125683067,-0.011120363768836107,0.00960378917703283,-0.008423176159126878,0.012868341865385756,0.030170058522481,0.04812224847522256,0.023901419763402758
3.4512670396707925,0.6154525315589545,0.8801191362620998,8.0,93.0,119.0,111.0,60.0,74.0,10.0,42.0,32.0,12.0,8.0,9.0,134.0,109.0,129.0,120.0,117.0,123.0,34.0,121.0,113.0,108.0,115.0,91.0,0.21453287197231835,0.3719723183391003,0.4134948096885813,0.2876712328767123,0.3485540334855403,0.3637747336377473,0.01340282948622487,0.005956813104988831,0.011169024571854059,0.011169024571854059,0.01563663440059568,0.011169024571854059,0.0007446016381236039,0.008190618019359643,0.0037230081906180195,0.0029784065524944155,0.045420699925539834,0.008935219657483246,0.03648548026805659,0.0052122114668652275,0.01563663440059568,0.029784065524944156,0.017870439314966492,0.0037230081906180195,0.010424422933730455,0.005956813104988831,0.0022338049143708115,0.02531645569620253,0.0007446016381236039,0.04095309009679821,0.00967982129560685,0.007446016381236039,0.03648548026805659,0.044676098287416234,0.004467609828741623,0.03276247207743857,0.017870439314966492,0.012658227848101266,0.10126582278481013,0.0014892032762472078,0.044676098287416234,0.02084884586746091,0.054355919583023084,0.06478034251675353,0.06329113924050633,0.010424422933730455,0.040208488458674606,0.0193596425912137,0.007446016381236039,0.044676098287416234,0.0014892032762472078,0.007446016381236039,0.0029784065524944155,0.008935219657483246,0.005956813104988831,0.0014892032762472078,1.0,0.03020965587114333,-0.007016351678659333,0.04244303895900971,0.05253328472156963,-0.005157849971955248,-0.05048156606051958,-0.003838756909276681,-0.017478354621853768,-8.045707430646058e-05,-0.009884292118323259,0.07988970108457416,0.03658766461735082,-0.014382861085910591,0.03359616461519142,-0.012697282159125748,-0.008800926125488384,-0.0064798226750622835,-0.009746941576256739,-0.0425719498262792,-0.01650738472231895,0.024101679544287782,-0.0313841167132467,-0.00529285605799744,-0.0005808862572027307,0.013372124497920022,-0.0017802548554904335,0.01968682144436138,0.007146273348020169,0.011222727102745503,0.012281264755405665,-0.04060805469376331,-0.006165118806805933,-0.0460075117653016,0.023122132614452163,0.0005248570567037833,0.015906198403486792,0.020200479760460865,0.01257407632331772,0.048978614981446005,-0.0018416616694948416,1.0,0.030232166792060727,-0.007948064347986181,0.04303452116365097,0.05015513913702066,-0.007578094125795828,-0.051568004996951224,-0.005382996936230265,-0.020292355185694184,0.005967762166911309,-0.004772598993107858,0.08326281966619588,0.031697101715604484,-0.01585147900046035,0.027223473005928117,-0.02672264236332475,-0.0106325661039894,0.0009978409939300538,-0.007491917637257061,-0.03785836799183018,-0.00978363485415243,0.025287920826427408,-0.035501436994689065,-0.005132856832130037,-0.0007672573237395232,0.005390618436861678,1.3993529443325772e-05,0.025899647365055452,0.0015621356539212395,0.012481661676044262,0.01597183521423947,-0.04006381365608692,-0.010568397103144573,-0.04295454285558389,0.032660275074132245,0.0022990778058322656,0.02455525921253513,0.018451688627228312,0.0025244149493876796,0.03979133546563038,-0.006273652229512852
3.347212278083953,0.5824324610282968,0.8823529411764706,5.0,90.0,123.0,111.0,77.0,74.0,5.0,65.0,8.0,23.0,7.0,6.0,134.0,106.0,127.0,125.0,118.0,127.0,15.0,125.0,118.0,117.0,123.0,94.0,0.24242424242424243,0.3686868686868687,0.3888888888888889,0.290443942814146,0.35966892400300976,0.34988713318284426,0.00967982129560685,0.0052122114668652275,0.010424422933730455,0.008935219657483246,0.007446016381236039,0.014147431124348473,0.0007446016381236039,0.011169024571854059,0.0037230081906180195,0.0007446016381236039,0.03425167535368578,0.006701414743112435,0.04839910647803425,0.0029784065524944155,0.02308265078183172,0.026061057334326135,0.010424422933730455,0.0014892032762472078,0.007446016381236039,0.0037230081906180195,0.0007446016381236039,0.03648548026805659,0.0014892032762472078,0.0387192851824274,0.011913626209977662,0.014892032762472078,0.03723008190618019,0.05063291139240506,0.0022338049143708115,0.04169769173492182,0.016381236038719285,0.00967982129560685,0.11913626209977662,0.0014892032762472078,0.06552494415487714,0.016381236038719285,0.04318689501116903,0.06329113924050633,0.06105733432613552,0.008190618019359643,0.03052866716306776,0.011169024571854059,0.008190618019359643,0.05137751303052867,0.0,0.00967982129560685,0.0022338049143708115,0.0037230081906180195,0.005956813104988831,0.03648548026805659,1.0,0.05296901705732417,0.02252789520255204,0.005210385876687765,0.010523465575742854,0.06122763835980349,-0.023310611034891987,-0.006632396685321646,-0.006797554840058534,-0.022992948455923774,-0.0026353994746537157,-0.006502590270152656,-0.03056849220066438,0.018080843794227277,0.017625508478475646,0.02988236058242447,-0.006680136295691581,0.031383976503281084,-0.04250519267680484,-0.03365220646574501,-0.040034835839013246,-0.06762701003049378,0.0026701431502940734,-0.03239765858883265,0.029983393678839516,-0.014999590662365052,-0.0020410239565686727,0.014033744901220842,0.035499125924244535,-0.005207316209053844,-0.030253055314874523,-0.01260714262626768,-0.015184671582083495,-0.016481318116815802,-0.028034449345662068,0.0028031944715827396,0.025015289443526444,0.0068827790715739025,-0.043258484040217184,0.007673900971983362,-0.0028595890721574103,1.0,0.05300848726377523,0.019807250518847675,0.003009470055907333,0.009712180385438205,0.06043567648332475,-0.030340318372438856,-0.006515716247043929,-0.005527930990632131,-0.023307912260185644,-0.003268701978340195,-0.0018405472708923711,-0.030212446596331533,0.02265624786300271,0.01971525463876143,0.02690764960447725,-0.010130886738571841,0.03472023071873137,-0.052110988710793234,-0.033118378203586374,-0.038724443555496854,-0.06314594287736461,0.008618715265170069,-0.021819629614321222,0.03768566425900093,-0.012010767525061652,0.006744732231029393,0.009584137206475031,0.034171169407628814,-0.01683558960428621,-0.03772913758279395,-0.012654602075638502,-0.019385802344157273,-0.015865130072457528,-0.019194303314447884,0.016594754506018713,0.034801146863459184,0.005403006336903269,-0.04444444404475561,0.0025474529934309503,-0.0067741414648709326
3.4437002657971303,0.6167449505941731,0.874162323157111,9.0,108.0,126.0,125.0,81.0,82.0,53.0,25.0,29.0,3.0,7.0,2.0,134.0,109.0,128.0,125.0,117.0,130.0,107.0,123.0,117.0,113.0,125.0,109.0,0.17846153846153845,0.36615384615384616,0.4553846153846154,0.26931106471816285,0.32846207376478775,0.4022268615170494,0.016381236038719285,0.0037230081906180195,0.016381236038719285,0.0193596425912137,0.016381236038719285,0.01563663440059568,0.0007446016381236039,0.010424422933730455,0.0052122114668652275,0.0022338049143708115,0.04393149664929263,0.006701414743112435,0.026061057334326135,0.0007446016381236039,0.014892032762472078,0.02680565897244974,0.014147431124348473,0.0007446016381236039,0.0052122114668652275,0.0037230081906180195,0.0052122114668652275,0.017870439314966492,0.0029784065524944155,0.018615040953090096,0.007446016381236039,0.00967982129560685,0.03052866716306776,0.045420699925539834,0.007446016381236039,0.04393149664929263,0.027550260610573342,0.011169024571854059,0.10796723752792256,0.005956813104988831,0.06105733432613552,0.017870439314966492,0.04244229337304542,0.06031273268801191,0.07297096053611318,0.011913626209977662,0.029039463886820552,0.022338049143708117,0.004467609828741623,0.04839910647803425,0.008190618019359643,0.016381236038719285,0.0014892032762472078,0.006701414743112435,0.004467609828741623,0.0007446016381236039,1.0,0.04275923915292788,0.012980276673826847,0.03639759264639647,-0.015071574897899623,0.016650338935273148,0.02238390074893684,0.0381464132606828,-0.01658596090599111,-0.020577705757327112,0.0025283490423874816,0.02601208826956225,-0.022945688837370703,0.026996004314003934,0.019822021988527515,0.0199783679344793,-0.013057982809546675,-0.00328024055561685,0.02518734982643332,0.045841951650900006,0.03207755414868594,-0.03498381171334222,0.01869757382422742,-0.017374133791057515,-0.022823718384321363,0.02356309304752611,0.013317422039514554,0.0027406134636660797,0.014195940214766837,-0.07371871506372839,-0.013078023303749279,-0.0009110761189674276,0.012371469275836246,0.03328665509805885,0.02646834980171379,-0.03590794534239963,-0.007805759181724596,-0.031533884313289566,-0.038051721130696874,0.02605268910310051,-0.02806258001569758,1.0,0.0427911014771849,0.011189045427394935,0.035519721732021274,-0.018350459443483635,0.017371376391205562,0.020172187058470594,0.037549375079999794,-0.021966267909491338,-0.0209519508248879,0.00243850532887579,0.028755261664863998,-0.026568595332758033,0.027032661469915887,0.016472132427013966,0.02341271058322465,-0.018409271129290593,-0.004051197372276964,0.023181483245044612,0.04846586858560282,0.02446800445133713,-0.04337945613582837,0.019624627474756767,-0.01511749435753115,-0.02264683587387002,0.01818710509054264,0.011033239717189955,0.005297154919767428,0.015297667608138095,-0.08052383009588382,-0.007426853234452297,0.0025793066356239415,0.016200634965190596,0.02191400703628385,0.029444686032593936,-0.038003866799213804,4.04790991844911e-05,-0.037842142024856126,-0.040921320904653606,0.026408933156319935,-0.024384085905361386
3.5059034519604517,0.6353827260580012,0.885331347728965,7.0,110.0,123.0,109.0,89.0,85.0,36.0,49.0,6.0,8.0,7.0,0.0,134.0,111.0,126.0,116.0,115.0,126.0,107.0,119.0,112.0,111.0,113.0,110.0,0.22416534181240064,0.3370429252782194,0.43879173290937995,0.27071428571428574,0.3242857142857143,0.405,0.014892032762472078,0.008935219657483246,0.011169024571854059,0.014147431124348473,0.01340282948622487,0.007446016381236039,0.0007446016381236039,0.010424422933730455,0.005956813104988831,0.0014892032762472078,0.03350707371556218,0.01340282948622487,0.035740878629932984,0.006701414743112435,0.022338049143708117,0.02084884586746091,0.01712583767684289,0.004467609828741623,0.008190618019359643,0.0029784065524944155,0.004467609828741623,0.024571854058078928,0.005956813104988831,0.023827252419955324,0.017870439314966492,0.014892032762472078,0.024571854058078928,0.039463886820551006,0.0029784065524944155,0.034996276991809384,0.028294862248696945,0.010424422933730455,0.09307520476545049,0.0029784065524944155,0.054355919583023084,0.02680565897244974,0.03276247207743857,0.06626954579300075,0.07073715562174236,0.004467609828741623,0.04169769173492182,0.0193596425912137,0.007446016381236039,0.054355919583023084,0.0014892032762472078,0.011913626209977662,0.006701414743112435,0.008935219657483246,0.008190618019359643,0.0022338049143708115,1.0,0.00560086140927087,-0.004174808409174868,0.008952020579457966,-0.0031591431147017014,-0.007058307428893617,0.030102525156753452,-0.0004308022781384602,-0.00832814369327287,-0.009003324939417757,-0.015898361227768658,-0.010138421387317123,0.020698594664605652,0.010288236846710042,-0.014206971006612746,0.056722171256841605,0.005259963363888746,0.00025004652154694904,0.026965639724880062,0.047196918486763974,-0.055133332373452706,-0.007970218980173723,0.01457984144426432,-0.03472975756696678,-0.008723562931967823,-0.06101678031642043,-0.0003388155800366792,-0.0054306525975569425,0.007261470798609476,-0.0022079287569981647,0.020728547759776107,0.041930029640442894,0.028461236723007613,0.027584962966428005,-0.0077650184175710995,2.3168387364757955e-05,-0.03760123905025037,0.014515947573738613,-0.044843457411730764,-0.013130272495942286,0.017659012140645476,1.0,0.005605034927459606,-0.0042125835807453205,0.009019651083684134,-0.0032882317425732416,-0.0069730231494260575,0.030214872011196974,-0.0007845481421253779,-0.008012815198223978,-0.0095634992786379,-0.015843645329685112,-0.0095566906779703,0.0200940659950436,0.010245093522423157,-0.01389594941402536,0.05763400803369896,0.00522112991730404,0.0016420520625575754,0.025018350568569336,0.04680002049401357,-0.05524190997324614,-0.010646481511173195,0.014516187430499218,-0.03337703143694176,-0.00920076724129267,-0.06526456217912739,0.006431307214014265,-0.00636168284545991,0.006682874946459809,0.0012554150863056661,0.016654481347624546,0.042900496931611104,0.030353190615281283,0.027411312190404,-0.018898450399037297,0.005425238695287014,-0.03968802886121455,0.01117428994575063,-0.0444637728929222,-0.008473840449685577,0.024495830653619707
3.4667755777087947,0.6143586136784783,0.8868205510052122,2.0,109.0,122.0,115.0,98.0,81.0,44.0,22.0,7.0,11.0,7.0,5.0,134.0,111.0,126.0,122.0,123.0,125.0,101.0,129.0,113.0,113.0,113.0,104.0,0.16853932584269662,0.3707865168539326,0.4606741573033708,0.2743988684582744,0.3330975954738331,0.3925035360678925,0.01340282948622487,0.008935219657483246,0.00967982129560685,0.012658227848101266,0.014892032762472078,0.018615040953090096,0.0,0.004467609828741623,0.0037230081906180195,0.0052122114668652275,0.027550260610573342,0.004467609828741623,0.040208488458674606,0.0037230081906180195,0.0193596425912137,0.01563663440059568,0.028294862248696945,0.005956813104988831,0.008190618019359643,0.0052122114668652275,0.0022338049143708115,0.02308265078183172,0.0014892032762472078,0.026061057334326135,0.017870439314966492,0.008935219657483246,0.024571854058078928,0.035740878629932984,0.004467609828741623,0.03425167535368578,0.029784065524944156,0.0037230081906180195,0.10498883097542815,0.0052122114668652275,0.058823529411764705,0.026061057334326135,0.044676098287416234,0.06403574087862993,0.06180193596425912,0.00967982129560685,0.0379746835443038,0.0193596425912137,0.0052122114668652275,0.058823529411764705,0.004467609828741623,0.00967982129560685,0.0052122114668652275,0.014147431124348473,0.0052122114668652275,0.0022338049143708115,1.0,-0.030810211699187094,0.043961333408765284,0.05685637160199061,0.013384972856200017,0.05474501396705746,0.04585367904121001,-0.028072638069743628,0.018713152789724824,-0.03363032958595243,0.03885528094453591,0.05527125643476141,-0.004417941189515013,0.0803113540021967,-0.002911193413692483,0.04006553342414968,0.006293466271447311,-0.017570048126007994,-0.012222790480548503,0.01219804707650397,-0.001286633838548838,-0.018011607856270543,0.011774324111145646,0.035567196168555124,0.015163273414042918,0.0167811214697264,-0.017110059059593983,0.008655051429789768,0.024934107093626225,0.008240770496006465,-0.03770874798138787,0.0006279718329839835,-0.017515305324130075,-0.03447573558654785,0.0354401281156612,0.008487188519403253,-0.03317146864590117,0.033421045251012055,0.00811330697186188,-0.0008585360352970277,0.0001582842461585099,1.0,-0.030833170128173076,0.04311720488316605,0.059779922463427976,0.015217260916384796,0.05102657247983456,0.045302584475497676,-0.031648203382362294,0.006711496876294236,-0.03759302105306239,0.03517258439234106,0.056601903948347826,0.0010120520801280234,0.07600369378111597,-0.003070205359203731,0.03299130728905209,-0.011162221395389953,-0.02573317726005828,-0.024680732283398073,0.006559840017604963,0.0076472855257157316,-0.02503185899336388,0.018281516445361246,0.03685905953867979,0.013451193569450022,0.010431302436369047,-0.03180451527908053,0.0045069279840274055,0.017985474287655977,0.010163386193010977,-0.04212174633160744,0.0017473327737175036,-0.009845108709958004,-0.03994124755083468,0.033716306070325885,0.012817355919437199,-0.03129348677656726,0.029848305956111532,0.009107472673298764,-0.004406124837595523,-0.0075213319565468
3.503087371151243,0.6355071430845618,0.8816083395383469,1.0,107.0,123.0,119.0,97.0,64.0,49.0,61.0,11.0,7.0,5.0,6.0,134.0,110.0,131.0,124.0,119.0,128.0,93.0,121.0,113.0,113.0,113.0,110.0,0.19384615384615383,0.36,0.4461538461538462,0.2718239886444287,0.33286018452803406,0.39531582682753724,0.014147431124348473,0.005956813104988831,0.00967982129560685,0.010424422933730455,0.01340282948622487,0.01340282948622487,0.0022338049143708115,0.011169024571854059,0.004467609828741623,0.0037230081906180195,0.040208488458674606,0.010424422933730455,0.026061057334326135,0.006701414743112435,0.020104244229337303,0.02531645569620253,0.018615040953090096,0.0022338049143708115,0.006701414743112435,0.0052122114668652275,0.0029784065524944155,0.026061057334326135,0.0052122114668652275,0.026061057334326135,0.014147431124348473,0.0193596425912137,0.029784065524944156,0.035740878629932984,0.0037230081906180195,0.03052866716306776,0.03425167535368578,0.011913626209977662,0.10573343261355175,0.0014892032762472078,0.058078927773641105,0.02308265078183172,0.04095309009679821,0.06031273268801191,0.06254653760238273,0.014892032762472078,0.04690990320178704,0.016381236038719285,0.005956813104988831,0.035740878629932984,0.005956813104988831,0.00967982129560685,0.0007446016381236039,0.011913626209977662,0.008190618019359643,0.0014892032762472078,1.0,-0.00402543776417795,-0.03946431619622679,0.03206582398476535,0.03644178424766258,-0.008985018386143333,-0.03486880380148387,0.00894129311181186,0.0037235956277143576,-0.011645573270518192,0.008574580409308526,0.003738674710959786,-0.025333945182895067,0.007574167266426729,0.04517499210205482,0.04210939647605464,-0.040043908729403506,-0.025860194810011918,0.032131000687448064,0.0004321841581800239,-0.07745371999445687,-0.031164012569196313,-0.0219186170354894,0.01649789502111517,-0.010867074919459303,-0.020528533093814434,-0.011095886883414861,-0.01111106428171799,0.004334888586424861,0.009024171749307468,-0.027347802365823376,0.0028472304851239975,-0.0838378336057764,0.019703221754470094,0.037995275934221,-0.03150765064129407,0.012530546311849848,-0.007362549355238666,-0.00045510753647573336,-0.0029773875142402716,-0.024343704948487394,1.0,-0.004028437345224275,-0.03954004421222614,0.031863148091761065,0.03530718669955663,-0.006267133759453033,-0.03345782243506672,0.005866233009331504,0.0004594126416359456,-0.008442693957643865,0.01063908815963846,0.0019433792353664287,-0.02552104833717516,0.008313664642646853,0.04320596255864361,0.044717753705237,-0.03519413392017652,-0.02744848683060088,0.022223207188196217,0.00012726966660297828,-0.0696101094332474,-0.03158072554929573,-0.0330030501586442,0.019069952516264185,-0.004056303913102407,-0.018566996363116817,-0.015122165581650145,-0.012739033314721773,-0.00023578717615415138,0.006915493283216172,-0.023790286937329177,0.007110675358128504,-0.0950763216367269,0.016216167273243307,0.043051867272808284,-0.013635194281779445,0.016002706627719517,-0.0201463600778745,-0.0066405960364501904,0.003553272654312522,-0.024114418165228628
3.4696451574625575,0.6316643969233438,0.870439314966493,3.0,96.0,118.0,103.0,73.0,68.0,29.0,38.0,12.0,7.0,9.0,5.0,134.0,105.0,125.0,119.0,111.0,120.0,73.0,117.0,108.0,109.0,114.0,103.0,0.19429590017825313,0.34759358288770054,0.45811051693404636,0.2772795216741405,0.33408071748878926,0.38863976083707025,0.011913626209977662,0.006701414743112435,0.014892032762472078,0.008935219657483246,0.016381236038719285,0.01712583767684289,0.0007446016381236039,0.011913626209977662,0.0037230081906180195,0.0022338049143708115,0.040208488458674606,0.007446016381236039,0.03276247207743857,0.007446016381236039,0.01563663440059568,0.026061057334326135,0.0193596425912137,0.0029784065524944155,0.01340282948622487,0.0029784065524944155,0.0029784065524944155,0.027550260610573342,0.004467609828741623,0.03052866716306776,0.01340282948622487,0.016381236038719285,0.03052866716306776,0.04690990320178704,0.007446016381236039,0.02531645569620253,0.02680565897244974,0.011913626209977662,0.10275502606105734,0.0029784065524944155,0.04393149664929263,0.022338049143708117,0.0379746835443038,0.05137751303052867,0.08339538346984364,0.0014892032762472078,0.040208488458674606,0.01340282948622487,0.0037230081906180195,0.05137751303052867,0.0022338049143708115,0.01712583767684289,0.0007446016381236039,0.008190618019359643,0.008190618019359643,0.0014892032762472078,1.0,0.04087736854140573,0.016381213522363266,-0.006311741565410115,0.02551034091350481,-0.008091185724783304,0.00310101466886744,0.027783539825900132,0.03520819231452804,0.03872346620902998,0.02208509041576754,0.0312021447185519,-0.03353498696767914,0.03977193267071155,-0.004617908537777669,0.026934625543417346,0.04958448495751192,0.012861312131011332,-0.018325868110205135,0.026712594837596543,0.01986824324504312,0.021991561036736634,-0.012212055905186283,0.058097606053463605,0.026896577200378215,-0.042790970583919466,0.00036638668997282926,0.00816606143244387,-0.015031096867345495,0.01051573844704734,0.03705446636905484,0.04060875922703127,-0.0011223606123255893,0.0468315901870895,0.03746302244456587,0.041317761013890335,0.01566217746118274,0.03378471815669611,0.013552321715101118,-0.010802934053106053,0.05434203489508552,1.0,0.04090782857757668,0.014756889346463086,-0.0076051404978207445,0.02595678068333592,-0.010013876797330167,0.0030051819164660033,0.02842398865164144,0.03233311378692295,0.03606505893333997,0.018583054973780027,0.028093857928637826,-0.03753906112632329,0.041349167550681916,-0.007666382967970746,0.023190322975915313,0.04877241825262873,0.0020159082384116696,-0.023213101993520856,0.026771893826344623,0.014665747587250047,0.019865491394401,-0.016109166541414827,0.056059285969747505,0.014691657647941685,-0.04890343422712864,-7.657469335471865e-05,0.005206011622227575,-0.018956234249321878,0.010321367243791967,0.02985791159180796,0.03468641725307448,-0.012099813809357757,0.0495193549862232,0.03218317498302834,0.0416695346300004,0.010971767137798058,0.02638635022696311,0.010559027168838267,-0.024366981505614126,0.0488158061094888
3.467758890526409,0.6083534617752935,0.8905435591958303,9.0,111.0,128.0,108.0,83.0,100.0,13.0,38.0,9.0,7.0,10.0,3.0,134.0,115.0,131.0,125.0,118.0,128.0,99.0,127.0,121.0,113.0,123.0,101.0,0.23747980613893377,0.3344103392568659,0.4281098546042003,0.2710801393728223,0.33240418118466897,0.3965156794425087,0.014147431124348473,0.006701414743112435,0.01712583767684289,0.010424422933730455,0.014147431124348473,0.01563663440059568,0.004467609828741623,0.006701414743112435,0.0029784065524944155,0.0029784065524944155,0.03425167535368578,0.010424422933730455,0.04839910647803425,0.008935219657483246,0.01563663440059568,0.018615040953090096,0.01712583767684289,0.0014892032762472078,0.006701414743112435,0.008935219657483246,0.0014892032762472078,0.02084884586746091,0.0022338049143708115,0.029039463886820552,0.008935219657483246,0.01712583767684289,0.029784065524944156,0.044676098287416234,0.004467609828741623,0.04393149664929263,0.028294862248696945,0.008190618019359643,0.11392405063291139,0.0022338049143708115,0.05137751303052867,0.023827252419955324,0.035740878629932984,0.06775874906924795,0.055100521221146684,0.006701414743112435,0.029039463886820552,0.020104244229337303,0.004467609828741623,0.045420699925539834,0.0029784065524944155,0.012658227848101266,0.0022338049143708115,0.01340282948622487,0.007446016381236039,0.0007446016381236039,1.0,-0.013992251722818849,-0.03051702838382877,-0.024882642308960014,0.024561314146208758,0.008827195902220154,0.03532633756293181,0.022576958749628957,-0.020336008493948916,-0.04993538351112074,-0.005574985752011896,0.01831072037457248,0.005710882774782708,-0.02015143868838628,0.01751791811766879,0.012132739380509133,0.00682587614405857,0.005019643175658956,-0.041913659687570944,-0.013525132444301473,-0.010830927984430026,0.03679940312393199,0.01876680566702384,0.027237462312464857,-0.030925408924845067,0.0019757652561170655,0.01702329092008573,-0.012109990287733248,0.012737883394743882,-0.0035787188327275374,0.006485464156177743,-0.033874110152052064,0.01025147591507125,-0.02201949602075744,-0.0065418003863238336,0.0080002301405224,-0.012123863939973856,0.040815835915610395,-0.011899764991150577,0.0055849656492486755,0.02076743932889478,1.0,-0.01400267813989994,-0.030764649395404745,-0.025839778753788484,0.022983026961463336,0.008023564809205744,0.0366372980028556,0.025580091405016412,-0.017728915294299655,-0.048253472621140096,-0.009104394240999507,0.012579111367359284,0.0027994179254980196,-0.018558040532962568,0.020314573920943175,0.015827906925768256,0.00955657014291455,0.005289080022051153,-0.04591412578519462,-0.01475073510094515,-0.013447199874781013,0.03218280770596412,0.018900989533027806,0.03315398214586298,-0.021711823769790205,0.005875283921095839,0.015002947345905933,-0.021506471115045094,0.008684573302139363,-0.0053730626280387205,0.010890046886326837,-0.030720618926391583,0.0109937033948755,-0.025415878063521618,-0.0066508676797092355,0.010039374428452985,-0.01720166592638381,0.04139750210902877,-0.010979450818370848,0.011229839217139121,0.023537926932067122
3.474213731503382,0.5943312346689033,0.885331347728965,8.0,102.0,119.0,109.0,100.0,68.0,24.0,40.0,12.0,7.0,1.0,0.0,134.0,105.0,127.0,116.0,117.0,121.0,95.0,117.0,108.0,109.0,112.0,107.0,0.19661016949152543,0.3864406779661017,0.41694915254237286,0.2719298245614035,0.32894736842105265,0.3991228070175439,0.014892032762472078,0.011913626209977662,0.014892032762472078,0.01712583767684289,0.022338049143708117,0.011913626209977662,0.0007446016381236039,0.005956813104988831,0.0037230081906180195,0.0022338049143708115,0.035740878629932984,0.00967982129560685,0.03648548026805659,0.005956813104988831,0.022338049143708117,0.03127326880119136,0.01712583767684289,0.0022338049143708115,0.006701414743112435,0.0014892032762472078,0.0029784065524944155,0.024571854058078928,0.0014892032762472078,0.02531645569620253,0.012658227848101266,0.011169024571854059,0.021593447505584513,0.03276247207743857,0.0014892032762472078,0.039463886820551006,0.026061057334326135,0.01340282948622487,0.09233060312732688,0.0014892032762472078,0.06031273268801191,0.02308265078183172,0.03201787043931496,0.05361131794489948,0.07892777364110201,0.008190618019359643,0.04690990320178704,0.01712583767684289,0.005956813104988831,0.049143708116157855,0.0029784065524944155,0.018615040953090096,0.0007446016381236039,0.007446016381236039,0.011169024571854059,0.0022338049143708115,1.0,0.04270495828405138,0.05529575484748107,0.011442899793855597,0.015440727131509211,-0.014432694077547329,0.019257132735512293,-0.014640053625935798,0.06667906965072648,0.015598432445963532,0.003807320657990374,0.04706906897629771,0.05017284487101975,-0.0006000208483941291,0.0036112505595566873,0.032549927727831066,-0.024495198443537744,0.0657705014068382,0.004913152029508905,-0.006934978652678029,0.03156433333887553,-0.03902481119471744,-0.003987165742910234,0.0027154313078844874,0.04398510126895271,0.04750644237610061,-0.0038372369888708775,0.04683913022763038,0.035282049709206516,0.03252381601180084,0.006912956339112686,-0.03359450544897477,-0.03401733723606766,-0.0016278824168063082,-0.03138149783590311,0.02391806127599739,0.06929108864760798,0.018391581818303086,0.04644726451404298,0.009244668707294321,0.014620286441050024,1.0,0.04273678016056706,0.053649779596573896,0.006968734014725385,0.011830233604287933,-0.01665737825653212,0.019141424642354618,-0.014917329665802361,0.06671252206573189,0.01197033140777874,-0.0048549792745661855,0.04620336925549482,0.044540600387679916,-0.006997380237877309,-0.004015874294587553,0.033614098063432296,-0.031349495678018736,0.06470885846066368,0.002057951559937863,-0.019095942068613335,0.026729273185834117,-0.04554713814291285,-0.000811888834233149,-0.00430098692010384,0.04905549338663405,0.04052749446619513,-0.02044561809675954,0.04903838938664491,0.023952356014177993,0.025648923940342384,0.0034659967511101023,-0.03982338681043813,-0.04085862841564058,0.005260188180970843,-0.02925269186872773,0.01615254404774292,0.06909659007259328,-0.0014875331602948907,0.04454890276340569,-0.002456314753416188,0.0095686637608118
3.4876501828524322,0.631305205654163,0.8845867460908414,0.0,108.0,126.0,115.0,96.0,74.0,26.0,28.0,22.0,7.0,16.0,7.0,134.0,111.0,129.0,123.0,122.0,127.0,109.0,125.0,111.0,111.0,111.0,109.0,0.1632,0.384,0.4528,0.2714486638537271,0.32841068917018285,0.40014064697609003,0.01340282948622487,0.005956813104988831,0.01712583767684289,0.017870439314966492,0.012658227848101266,0.018615040953090096,0.0022338049143708115,0.005956813104988831,0.005956813104988831,0.004467609828741623,0.0387192851824274,0.008935219657483246,0.028294862248696945,0.0052122114668652275,0.02084884586746091,0.024571854058078928,0.018615040953090096,0.0037230081906180195,0.0052122114668652275,0.004467609828741623,0.0052122114668652275,0.022338049143708117,0.0022338049143708115,0.02531645569620253,0.01563663440059568,0.008190618019359643,0.03276247207743857,0.03350707371556218,0.004467609828741623,0.039463886820551006,0.02084884586746091,0.012658227848101266,0.10796723752792256,0.005956813104988831,0.054355919583023084,0.020104244229337303,0.027550260610573342,0.054355919583023084,0.0766939687267312,0.008935219657483246,0.04095309009679821,0.023827252419955324,0.004467609828741623,0.05212211466865227,0.0037230081906180195,0.017870439314966492,0.0022338049143708115,0.005956813104988831,0.006701414743112435,0.0007446016381236039,1.0,0.017677113815297026,0.021853160315060044,-0.03797809784961346,0.01474436805854938,0.05392675513188963,0.005369734624506936,-0.012715632633608106,0.01953696507728315,0.03757921656877016,0.018959530981234474,-0.012688144216881022,0.03275195418553654,-0.01819535274194956,-0.028428767798644772,-0.023739060289940106,0.0023709172986767922,0.03147764249023651,-0.02043123100444891,-0.020615135373940035,-0.0041934528857358174,0.035681292077212205,0.000523862931758492,-0.017295678082253855,0.014658315923132272,-7.257084267691621e-05,0.03953539241980367,0.04195697037400412,0.007486944899970515,-0.018629109776442665,0.017310744441996994,-0.014482272183260305,-0.0077204688154351294,0.016399086739612524,0.027877441473326287,-0.0007265773428514528,0.009140400231681327,0.02554279665622633,-0.027557926083203867,0.05685286059294019,0.02749431139783861,1.0,0.017690286031254773,0.02157955967136693,-0.03885392931880942,0.015715419034622164,0.05540348710508834,0.0012393619185238893,-0.014341042950373034,0.024192536178679093,0.03659747916474075,0.012616941905881841,-0.013542892912287397,0.0369258969567982,-0.021052459984026602,-0.03606145701284957,-0.020356256547321972,0.004393151373613989,0.026084789783036834,-0.023897428843545645,-0.016857915739482365,0.0014585111324480523,0.032670775371145676,-0.004124889529878352,-0.012014374219337789,0.022918146338420483,-0.0013652475275107083,0.033883971610215585,0.04582162985545178,0.007760683642657845,-0.025636750443062784,0.019554880270491383,-0.016218794909732503,-0.015199756864627533,0.014158668491295334,0.02833855273545241,-0.004688077192440559,0.005515314964939096,0.029497880513472442,-0.0358391835404096,0.05730117855424956,0.03733010332367468
3.502333602364109,0.6371080641788742,0.8816083395383469,8.0,105.0,119.0,123.0,110.0,92.0,30.0,44.0,35.0,7.0,10.0,17.0,134.0,111.0,129.0,123.0,123.0,129.0,101.0,127.0,119.0,123.0,123.0,118.0,0.2057142857142857,0.39285714285714285,0.4014285714285714,0.2671232876712329,0.33424657534246577,0.39863013698630134,0.010424422933730455,0.006701414743112435,0.01712583767684289,0.01563663440059568,0.011913626209977662,0.011913626209977662,0.0014892032762472078,0.00967982129560685,0.0029784065524944155,0.004467609828741623,0.039463886820551006,0.014147431124348473,0.035740878629932984,0.007446016381236039,0.018615040953090096,0.027550260610573342,0.016381236038719285,0.006701414743112435,0.010424422933730455,0.0029784065524944155,0.0007446016381236039,0.02084884586746091,0.0052122114668652275,0.023827252419955324,0.017870439314966492,0.011169024571854059,0.02680565897244974,0.04393149664929263,0.0014892032762472078,0.03723008190618019,0.035740878629932984,0.008935219657483246,0.10722263588979895,0.0022338049143708115,0.05361131794489948,0.026061057334326135,0.034996276991809384,0.0573343261355175,0.0573343261355175,0.007446016381236039,0.035740878629932984,0.01563663440059568,0.006701414743112435,0.04988830975428146,0.005956813104988831,0.01340282948622487,0.0037230081906180195,0.007446016381236039,0.006701414743112435,0.0029784065524944155,1.0,-0.05327364616040002,0.009742220864309436,-0.011006730687410565,0.015599287733380787,0.0052770240122647595,-0.045012659939071505,-0.022596077670171754,0.0036500798819702313,-0.011912110138087168,0.024885997918312603,-0.02033266567372847,-0.017951427827956324,-0.016062244078789048,0.020838098045909755,-0.030346909150904215,-0.05069766968777079,-0.0081984650797408,0.0070271254131664814,0.005331088561142372,-0.07034273776559327,0.004811267273020998,-0.017361948282976505,-0.005685329547581332,0.02090533545238578,0.008361272130783403,0.03392517139107258,0.05162643766780343,0.014786127579795982,0.03943744282176271,-0.031213446727173848,-0.030058532470636102,0.028507903433562774,-0.01419253669166295,0.03569797132743451,-0.05620159792954522,0.054189789641285326,0.02474701466486673,-0.007696568253660694,-0.03536514574294875,-0.0045232799550212624,1.0,-0.053313343363202106,0.006934147082266684,-0.010174539006504984,0.014501195929718692,0.0070787810941855605,-0.04505306490415167,-0.02739646552278524,0.0016493513072504604,-0.01244811836122056,0.024732083955479604,-0.016460582684770915,-0.022824007369523152,-0.019672642091080585,0.018201001538630857,-0.02953752861740112,-0.053148873116090796,-0.012918430128890069,0.002702601450255396,0.0038267423923643057,-0.07028898123338087,-0.0036860675209749796,-0.02302606747276746,-0.012873907635064118,0.020042914949467906,0.011680716846356316,0.031135771445440885,0.05226923604567435,0.014798788736419542,0.03758109768126847,-0.02204484950771691,-0.04004054346352523,0.02430882085206546,-0.009765698527635142,0.040782187398114046,-0.05271871562749504,0.043006210222402336,0.026628018438293245,-0.00596442168382877,-0.03443882830454636,-0.005438556615523012
3.500076372048394,0.6205781568663924,0.8845867460908414,2.0,111.0,126.0,112.0,94.0,67.0,22.0,50.0,20.0,12.0,10.0,0.0,134.0,113.0,129.0,127.0,119.0,130.0,81.0,128.0,121.0,119.0,127.0,109.0,0.1900958466453674,0.3801916932907348,0.42971246006389774,0.27279053583855256,0.33820459290187893,0.38900487125956856,0.016381236038719285,0.007446016381236039,0.008935219657483246,0.014147431124348473,0.02084884586746091,0.01563663440059568,0.0,0.007446016381236039,0.0022338049143708115,0.0029784065524944155,0.03276247207743857,0.016381236038719285,0.03648548026805659,0.007446016381236039,0.014147431124348473,0.039463886820551006,0.017870439314966492,0.0037230081906180195,0.011169024571854059,0.0052122114668652275,0.0052122114668652275,0.028294862248696945,0.0022338049143708115,0.02680565897244974,0.01340282948622487,0.006701414743112435,0.04095309009679821,0.03723008190618019,0.004467609828741623,0.03648548026805659,0.024571854058078928,0.012658227848101266,0.09456440804169769,0.0014892032762472078,0.04690990320178704,0.01340282948622487,0.039463886820551006,0.06031273268801191,0.07446016381236038,0.010424422933730455,0.029784065524944156,0.02084884586746091,0.008935219657483246,0.04244229337304542,0.0007446016381236039,0.01340282948622487,0.0022338049143708115,0.008190618019359643,0.010424422933730455,0.0022338049143708115,1.0,0.015104425883571073,-0.03719484472190638,-0.07764312745491211,-0.005764236304726463,0.08441310791021199,0.02817747973587362,0.00826571220068804,0.04172447107288967,0.0034661005604415497,-0.007462764022875939,0.03646335545532898,0.011864959626287799,0.03106371287474198,7.889208218363143e-05,0.04040462296824023,0.018299609458559532,0.043294313292507165,-0.005709922077220657,0.04308131434343155,-0.04833644283732324,-0.004825681641772699,0.0062296269974568335,-0.024874283723134875,0.02769297968310044,0.022676012871236186,-0.02279795913688495,-0.00957697887645341,0.0018175310183735005,0.010600496864082808,0.015970394080381443,0.004201244431197013,0.00548005253061805,-0.06133682110446515,-0.005522812649327506,-0.015668424130960017,0.012827619690012303,0.043402935093926995,0.0034754850071839283,-0.04772291259707376,-0.029863021194042123,1.0,0.015115681044438119,-0.03748736708756443,-0.07679157293667223,-0.005013623865638584,0.07978243631316756,0.02014777309718504,0.012551339111508977,0.05645128056430126,0.007766784863583167,-0.009642173125333924,0.04152414638967133,0.00987539415620586,0.02401480165365793,0.002700701094294242,0.04587021357739561,0.013806405233662533,0.04381300745624262,-0.0037895504309779253,0.04563901263379074,-0.05394705446516678,-0.007878921869176646,-0.0009628133061750127,-0.04014669204134666,0.01510821168252806,0.023790254160923265,-0.02950854769881811,-0.010127785721456499,0.008027749068643415,0.004338686761869678,0.0010142672957556304,0.013136201773218463,0.0030886582887483032,-0.06439128891067286,-0.004177391650238622,-0.01743245127490967,-0.001442473894675333,0.045905362612718395,0.011473178415073832,-0.03980044813135074,-0.021825347127030593
3.4934382960948223,0.6179406131516592,0.8860759493670886,3.0,105.0,129.0,111.0,96.0,78.0,26.0,52.0,18.0,3.0,8.0,0.0,134.0,113.0,131.0,127.0,121.0,130.0,103.0,128.0,121.0,124.0,127.0,110.0,0.21144674085850557,0.3624801271860095,0.4260731319554849,0.2668481960517359,0.3356024506466984,0.3975493533015657,0.00967982129560685,0.00967982129560685,0.012658227848101266,0.012658227848101266,0.01563663440059568,0.01340282948622487,0.0022338049143708115,0.00967982129560685,0.0022338049143708115,0.0007446016381236039,0.04690990320178704,0.011913626209977662,0.03052866716306776,0.008935219657483246,0.020104244229337303,0.020104244229337303,0.012658227848101266,0.0029784065524944155,0.007446016381236039,0.004467609828741623,0.0014892032762472078,0.029784065524944156,0.004467609828741623,0.029039463886820552,0.01563663440059568,0.016381236038719285,0.02531645569620253,0.049143708116157855,0.0007446016381236039,0.04244229337304542,0.03052866716306776,0.014892032762472078,0.10722263588979895,0.0052122114668652275,0.045420699925539834,0.01712583767684289,0.03723008190618019,0.05361131794489948,0.07297096053611318,0.00967982129560685,0.03276247207743857,0.01563663440059568,0.008935219657483246,0.035740878629932984,0.0022338049143708115,0.01712583767684289,0.004467609828741623,0.006701414743112435,0.011913626209977662,0.0014892032762472078,1.0,0.024385298834902445,0.07519561368627041,0.005366473262358405,0.017353935635223198,0.025712544931807718,-0.005682166774219725,0.022687303149743397,0.014082977917981571,-0.016324169753540237,0.03193697139108807,-0.008091132367584205,-0.00470556225664596,-0.03301494400188322,-0.01816921408613574,0.005948089098221425,-0.0033275386589434602,0.033285262476725974,-0.09092537994547291,0.014985385936462368,-0.0014839866849465796,0.019115451866644213,-0.006451132520024009,0.013836986886623914,-0.01764221185811889,0.024854016298666706,-0.02562243825751048,0.0070973609788532056,-0.031000400995605307,-0.007552763256331274,-0.009276688889111807,0.021107998897780412,1.728236302582788e-05,-0.01619592764847722,-0.04975176277902571,0.0025005988594629064,0.009873813408581676,-0.04609570543273318,-0.020344225723025952,-0.04596827909849101,-0.036750934029153755,1.0,0.024403469698415763,0.07475675275835372,0.001865307723366624,0.011685237665321641,0.024771944796084102,-0.009067659464047013,0.01944391774844478,0.01409760882713908,-0.021028833925943784,0.03071304317472967,-0.007147755548573394,-0.01058958601764639,-0.03195457158475823,-0.016134565595852156,0.009523458916043394,0.0006409331575970334,0.033351113646562236,-0.09349566987505212,0.016812155033240253,0.011117733905339384,0.018462952320626322,-0.007911995862689133,0.017378457662883394,-0.021209924132637746,0.026073410488984997,-0.023690587012180936,-0.0022940115363420744,-0.023054328157465147,-0.007360012066084085,-0.005206421868988815,0.019704403239412638,-0.0018429746955646714,-0.017663184545745444,-0.04808689885663657,0.012823222261930976,0.009784884548018532,-0.04751428285816428,-0.01789186557549544,-0.03615514427631816,-0.03722945776265262
3.4573386163363353,0.6172233477608031,0.8875651526433358,5.0,96.0,119.0,116.0,77.0,106.0,24.0,59.0,19.0,16.0,22.0,1.0,134.0,105.0,127.0,127.0,112.0,130.0,73.0,127.0,125.0,119.0,125.0,92.0,0.25757575757575757,0.34545454545454546,0.396969696969697,0.2800859598853868,0.3459885386819484,0.37392550143266473,0.010424422933730455,0.0014892032762472078,0.014892032762472078,0.011169024571854059,0.01340282948622487,0.00967982129560685,0.0014892032762472078,0.0052122114668652275,0.0014892032762472078,0.0052122114668652275,0.035740878629932984,0.01340282948622487,0.035740878629932984,0.0052122114668652275,0.018615040953090096,0.03201787043931496,0.02084884586746091,0.0029784065524944155,0.01340282948622487,0.004467609828741623,0.0014892032762472078,0.03127326880119136,0.0052122114668652275,0.03425167535368578,0.0037230081906180195,0.014892032762472078,0.035740878629932984,0.049143708116157855,0.004467609828741623,0.04095309009679821,0.02308265078183172,0.010424422933730455,0.10647803425167536,0.0052122114668652275,0.04690990320178704,0.018615040953090096,0.029784065524944156,0.06999255398361877,0.06478034251675353,0.010424422933730455,0.03350707371556218,0.012658227848101266,0.011169024571854059,0.04765450483991065,0.0022338049143708115,0.011913626209977662,0.0037230081906180195,0.0052122114668652275,0.006701414743112435,0.0014892032762472078,1.0,0.012796927230476898,-0.008196581580032598,-0.06299791223660901,-0.02050678916308644,-0.007881438949804658,0.013629902466386304,-0.0469350939674446,-0.0038761933234833573,-0.03734636324743601,0.046351222411884,-0.08169510978910205,0.011896537410000602,-0.0120283992877891,0.0015405762354127209,0.03933743869785499,-0.009189454471433206,0.06549372278767315,-0.003603448231288853,0.023770792249151514,0.04135924869182021,0.026947580779862423,-0.03220068732335988,0.006672273557164587,-0.04551614142357678,0.018149100710935957,-0.0316058443446275,0.014421436931103343,-0.009932826921910673,-0.008590214860575686,0.0069824738656662656,0.012246981897629646,0.005799094954790655,-0.01885993496843647,-0.009805487927715463,0.03173244947457961,-0.042098285863060074,0.009042606570658694,-0.039317125129708065,-0.016512068029045424,0.0001641114984606357,1.0,0.01280646294376339,-0.008374185066543104,-0.06294043820959429,-0.019122207600672077,-0.008475898626040285,0.009642666844815337,-0.05030318838498029,-0.004058765131324854,-0.0374435743946302,0.04212928954800287,-0.08741147352357043,0.009697509333369565,-0.009798581986855626,-0.009176836458818548,0.03859627679168397,-0.017979725268367205,0.07429773372370842,-0.011983774468977634,0.0314108780457362,0.040960208966506824,0.037069095352940284,-0.03374117495696629,0.015686824647982923,-0.0338388624415504,0.01340794172583366,-0.019844542111521642,0.004188484869860966,0.009402187589217294,-0.018555447668276142,0.013715154265503593,0.008940633676191223,0.010281549833229195,-0.03019481020746709,-0.004856785730184611,0.021472801252177477,-0.04778913866774498,0.0015601144961810505,-0.0451399338815877,-0.010644013529977774,-0.01479589799441416
3.479492775753185,0.6116159549901463,0.8868205510052122,1.0,104.0,118.0,115.0,89.0,99.0,16.0,38.0,35.0,10.0,13.0,1.0,134.0,105.0,127.0,122.0,118.0,124.0,99.0,125.0,114.0,113.0,117.0,105.0,0.215962441314554,0.38967136150234744,0.39436619718309857,0.2729864575908767,0.3328581610833927,0.3941553813257306,0.01340282948622487,0.007446016381236039,0.01563663440059568,0.016381236038719285,0.014892032762472078,0.011913626209977662,0.0014892032762472078,0.0029784065524944155,0.004467609828741623,0.0029784065524944155,0.03648548026805659,0.008935219657483246,0.0387192851824274,0.004467609828741623,0.020104244229337303,0.022338049143708117,0.0193596425912137,0.0014892032762472078,0.008190618019359643,0.0037230081906180195,0.0037230081906180195,0.027550260610573342,0.004467609828741623,0.027550260610573342,0.008935219657483246,0.004467609828741623,0.035740878629932984,0.040208488458674606,0.006701414743112435,0.034996276991809384,0.027550260610573342,0.012658227848101266,0.0960536113179449,0.0029784065524944155,0.05658972449739389,0.026061057334326135,0.049143708116157855,0.0573343261355175,0.07222635889798958,0.011169024571854059,0.03350707371556218,0.012658227848101266,0.010424422933730455,0.045420699925539834,0.005956813104988831,0.011913626209977662,0.0014892032762472078,0.008190618019359643,0.008935219657483246,0.0,1.0,0.022109809060083356,0.011554273824558866,0.06418882642003103,-0.0001051375035088715,0.0015008070699382983,0.03453410786161991,0.04005749582690398,0.0032172531771936944,0.005911863429268386,-0.048514196034310966,0.02473300413703051,0.027402362103642934,0.03352872664555397,0.013537654077395,-0.024129757443635175,-0.014904405299239773,-0.021079869012361373,-0.007098791512240053,-0.005499525229163046,0.037166165938642984,0.0028250647634011335,-0.03776018573382209,-0.03771779589329495,0.018294510753473395,-0.015166099575774136,0.04354001027492486,-0.05032495384051154,0.015043637614888824,-0.011892335196829482,0.022132848237255445,0.009115110820872593,-0.003942226770439686,-0.009981255098264115,-0.0027120159426113014,-0.029782076303168523,0.02739094851442442,0.026447664435626753,-0.048988713925709096,0.01082035731894112,-0.0229731240459454,1.0,0.022126284327639308,0.011087361758230524,0.06387313352145382,-0.003007052415124191,0.00021110912560053715,0.030719359252750832,0.03927804747284302,0.0008349559628382614,0.0009590436898057782,-0.05427059086236282,0.027180090702224505,0.026405867910698187,0.03660498362685881,0.006352333161080668,-0.029647217277256374,-0.015796149231378353,-0.01876110334402839,-0.006019409570244474,-0.007135982617353875,0.034554183109224035,0.0055925235327215885,-0.03405860438318422,-0.03779582262063207,0.02163624251301517,-0.014717284423948793,0.046890471712430055,-0.0607820998379533,0.02386309643010577,-0.01119990361656705,0.03910713426123518,0.0038864103528149295,-0.011349266471222634,-0.021264120883232214,0.004976123067467938,-0.02789467487741268,0.04148547688784649,0.014851294507847264,-0.04834635914935814,0.006175420194887322,-0.024267384938448714
3.489533718250545,0.6591531120303573,0.8823529411764706,2.0,110.0,127.0,121.0,101.0,75.0,30.0,26.0,16.0,11.0,15.0,2.0,134.0,110.0,131.0,126.0,125.0,128.0,104.0,127.0,111.0,113.0,117.0,109.0,0.1619496855345912,0.3915094339622642,0.44654088050314467,0.2710801393728223,0.3310104529616725,0.3979094076655052,0.012658227848101266,0.00967982129560685,0.011169024571854059,0.02084884586746091,0.012658227848101266,0.011169024571854059,0.0007446016381236039,0.006701414743112435,0.006701414743112435,0.0029784065524944155,0.04393149664929263,0.006701414743112435,0.0387192851824274,0.008935219657483246,0.0193596425912137,0.02308265078183172,0.018615040953090096,0.0,0.008935219657483246,0.0022338049143708115,0.0029784065524944155,0.018615040953090096,0.0022338049143708115,0.024571854058078928,0.00967982129560685,0.010424422933730455,0.02308265078183172,0.0387192851824274,0.006701414743112435,0.029039463886820552,0.027550260610573342,0.011913626209977662,0.10126582278481013,0.0052122114668652275,0.06105733432613552,0.022338049143708117,0.04169769173492182,0.055100521221146684,0.07446016381236038,0.00967982129560685,0.03201787043931496,0.016381236038719285,0.011169024571854059,0.05212211466865227,0.0029784065524944155,0.01712583767684289,0.0014892032762472078,0.008935219657483246,0.00967982129560685,0.005956813104988831,1.0,-0.013342648185248001,0.03249228215218859,-0.01110918659048796,0.03985538098766305,-0.04747954358204082,0.026848738989071905,0.02930975091145322,0.02045927278389798,-0.0063341303213681425,-0.006300476990559328,-0.005879902789065065,-0.046615926940320095,0.023802589801303262,0.0018675056674453741,0.007307344502191243,-0.05475644682157614,0.0216744906622031,-0.009880377847886741,-0.010068111146351765,0.03905451178191033,-0.022932013782676532,0.06198542760312221,-0.020353767305953993,-0.009896292043609763,0.010729475541843518,0.017105088571108644,-0.01704805078457746,-0.03530467297083498,0.03888516278018807,-0.009650953241337449,-0.017327297734653795,0.008846753302654666,0.024558497547533194,-0.06550969091828919,-0.005298346077191353,-0.01868209412029209,0.0035038398579110507,-0.03773978974062933,0.01358377251427598,0.01729904552486115,1.0,-0.01335259054604178,0.03236822124175351,-0.010294037691125706,0.0386994184663613,-0.046119241179495465,0.023418540653780094,0.03386272473037101,0.01735432289739295,-0.0038420934113503826,-0.011252192836287847,-0.0055556236706779385,-0.04611399250255629,0.024020138398136635,0.0034224998208927065,0.0038560548488457123,-0.05214317932492303,0.015610268319128187,-0.001204540018160779,-0.010820066024409205,0.04536876897148028,-0.030859134893605786,0.06471277801532849,-0.01588339222564097,-0.01912732594410324,0.021072753200408433,0.008725547209748535,-0.011944507588138415,-0.047204405759546535,0.04196910730484695,-0.00946877901627718,-0.017046705650285963,0.012483737475505404,0.017414449098151947,-0.05672794642724765,-0.012152594799053843,-0.01243180171201909,-0.0022899432131377453,-0.021617002829332693,0.0004938919884145516,0.017739549991617108
3.5170535817639803,0.6103618212627242,0.8912881608339538,8.0,116.0,128.0,117.0,106.0,94.0,23.0,37.0,11.0,9.0,2.0,2.0,134.0,121.0,131.0,124.0,123.0,130.0,103.0,129.0,125.0,118.0,125.0,113.0,0.21286370597243492,0.3721286370597244,0.41500765696784075,0.266260162601626,0.3319783197831978,0.40176151761517614,0.016381236038719285,0.005956813104988831,0.01340282948622487,0.012658227848101266,0.012658227848101266,0.014892032762472078,0.0014892032762472078,0.0052122114668652275,0.004467609828741623,0.004467609828741623,0.040208488458674606,0.014147431124348473,0.03425167535368578,0.0029784065524944155,0.02084884586746091,0.02308265078183172,0.02084884586746091,0.006701414743112435,0.011169024571854059,0.0052122114668652275,0.0029784065524944155,0.023827252419955324,0.0014892032762472078,0.029039463886820552,0.011913626209977662,0.01340282948622487,0.02308265078183172,0.03648548026805659,0.0022338049143708115,0.03127326880119136,0.03127326880119136,0.01340282948622487,0.10647803425167536,0.0037230081906180195,0.055100521221146684,0.026061057334326135,0.04095309009679821,0.04765450483991065,0.06031273268801191,0.00967982129560685,0.028294862248696945,0.01712583767684289,0.007446016381236039,0.05584512285927029,0.0029784065524944155,0.021593447505584513,0.005956813104988831,0.012658227848101266,0.0052122114668652275,0.0014892032762472078,1.0,-0.011967227530570121,0.011498372379463832,-0.024159477551888457,0.03920839834183486,0.04375201979046335,-0.0024878466085835747,-0.030280512754732716,-0.020981718045102783,-0.04518008954375178,-0.03780644780707408,-0.017051027034041297,-0.0083190715700291,0.0048129208183349675,0.00216184967498234,0.030449381374640618,0.004665565461209715,-0.011685515738901094,0.04308008428653634,-0.02393598502683846,-0.013891740405414257,0.07233403261506127,-0.014393972740139375,0.008779266752385752,-0.01727978346548599,0.007597206845675084,0.011780367931535248,-0.012075436691010388,-0.0006818042653702799,-0.035105170178550756,0.04646813272163831,-0.02777628357228379,0.02182613540953244,0.016797776554463947,-0.042473506321897704,-0.008849114328813138,0.012127913826358383,0.0075281152793177175,-0.027046286413923766,0.019315832119595196,0.010172557271888705,1.0,-0.011976144987746414,0.011373724593916694,-0.023947541772077554,0.03866363865756086,0.04543211457529915,-0.0029160680976084074,-0.029784195241533223,-0.021281775424455442,-0.049183227053069455,-0.04235602436185753,-0.015743173839927144,-0.005822368850058011,0.008814332134038007,0.008510204600753295,0.0344374079738658,0.004736265730963452,-0.016666966667882595,0.038967473399114994,-0.03099052285920509,-0.023485281412506213,0.07589748408433077,-0.013778917820235565,0.006770144304116823,-0.005794005644212562,0.0071476125442469125,0.007153361552192052,-0.011234549644533652,0.0029960367511775005,-0.03629385151143243,0.04940118269370997,-0.023817967699849448,0.022865948563557226,0.023019628806016157,-0.04685864492118222,-0.00897109209440942,0.005175340987221084,0.0052888919841556446,-0.027766232362206003,0.020290696239286483,0.01995485824372875
3.521525353106244,0.6438189056957282,0.8786299329858526,6.0,108.0,127.0,111.0,91.0,88.0,41.0,31.0,27.0,11.0,19.0,0.0,134.0,111.0,131.0,127.0,124.0,130.0,97.0,129.0,124.0,125.0,116.0,104.0,0.1893939393939394,0.36363636363636365,0.44696969696969696,0.2706611570247934,0.3443526170798898,0.3849862258953168,0.011913626209977662,0.012658227848101266,0.011913626209977662,0.01340282948622487,0.01340282948622487,0.008190618019359643,0.004467609828741623,0.008190618019359643,0.005956813104988831,0.0037230081906180195,0.03425167535368578,0.00967982129560685,0.029039463886820552,0.008190618019359643,0.01563663440059568,0.02680565897244974,0.014892032762472078,0.0029784065524944155,0.0052122114668652275,0.0037230081906180195,0.0029784065524944155,0.024571854058078928,0.0022338049143708115,0.03723008190618019,0.010424422933730455,0.014147431124348473,0.02531645569620253,0.05584512285927029,0.0052122114668652275,0.039463886820551006,0.028294862248696945,0.011169024571854059,0.09828741623231571,0.0052122114668652275,0.04690990320178704,0.018615040953090096,0.04318689501116903,0.06701414743112435,0.05361131794489948,0.010424422933730455,0.04095309009679821,0.023827252419955324,0.008935219657483246,0.03723008190618019,0.0022338049143708115,0.014147431124348473,0.0022338049143708115,0.010424422933730455,0.01340282948622487,0.0022338049143708115,1.0,-0.0005907471473303622,-0.04742986400700862,0.027458920970624523,0.007181105575458531,-0.025372031678379307,0.001407089251284433,-0.03506336603409886,0.026659096885196677,0.061374727368456915,-0.015454862734597759,0.05940452621962275,0.01223144867682019,0.031186908429260703,-0.02636692621605887,0.020840745391108202,-0.03250295941541505,-0.020088435937866245,0.0026517602853678526,-0.003695609324196926,0.031340858286681726,0.0023400276352574237,-0.02748490426315964,-0.039584552688147034,0.014512886770207515,-0.0003055233601671102,-0.0321095003949834,-0.025485070466188604,0.0342845635560293,0.009599135206998368,-0.034207616056689094,0.016946176868984173,0.03399407179652478,-0.015920180298753417,0.008694257846973918,0.009414282532525792,-0.018900576075387348,-0.007765566844388833,-0.029827781369215208,0.011469872521429798,0.021922089493008213,1.0,-0.0005911873463969384,-0.047500968163403545,0.027525013972863346,0.004959316301098304,-0.022929939544162507,0.0012656470955574504,-0.037987881221973996,0.028406782841086827,0.05883882343143171,-0.011845030879750636,0.06518184736500379,0.005520065777063172,0.03920662340048883,-0.027489386065726238,0.024472568472185603,-0.03124175002753581,-0.021486194347113883,0.0020017510126680827,-0.007410791492860562,0.02964156589135095,-0.0031181981729295474,-0.030987295368575335,-0.042437089886620726,0.003483121173380499,0.007508317581511054,-0.032572215965563624,-0.020006671841771066,0.02999247635965322,0.007799600077432469,-0.0309789755464975,0.018487446298933282,0.03451847338367346,-0.01660827071140148,0.01982731555187061,0.012224373790557618,-0.013300987482166458,-0.00963800573755204,-0.028519635357220845,0.01346766789323289,0.011311420671276771
3.471950781039046,0.6206032707584342,0.8793745346239762,7.0,96.0,116.0,102.0,73.0,92.0,19.0,44.0,15.0,10.0,15.0,1.0,134.0,108.0,127.0,121.0,109.0,124.0,53.0,128.0,107.0,112.0,127.0,84.0,0.2423728813559322,0.3389830508474576,0.4186440677966102,0.2893553223388306,0.3365817091454273,0.3740629685157421,0.01563663440059568,0.006701414743112435,0.01340282948622487,0.005956813104988831,0.014892032762472078,0.01340282948622487,0.0022338049143708115,0.006701414743112435,0.0022338049143708115,0.0029784065524944155,0.04765450483991065,0.010424422933730455,0.04244229337304542,0.005956813104988831,0.01563663440059568,0.024571854058078928,0.010424422933730455,0.0029784065524944155,0.011169024571854059,0.005956813104988831,0.0037230081906180195,0.02680565897244974,0.0029784065524944155,0.03276247207743857,0.008190618019359643,0.014892032762472078,0.03127326880119136,0.04839910647803425,0.0037230081906180195,0.04169769173492182,0.017870439314966492,0.007446016381236039,0.0967982129560685,0.0022338049143708115,0.04839910647803425,0.02084884586746091,0.034996276991809384,0.06403574087862993,0.06775874906924795,0.008190618019359643,0.039463886820551006,0.022338049143708117,0.007446016381236039,0.04690990320178704,0.0007446016381236039,0.01563663440059568,0.0052122114668652275,0.007446016381236039,0.008190618019359643,0.0022338049143708115,1.0,-0.0054389587558493335,0.025200423382904184,0.01456785046437269,0.0024961922045507027,0.03411668851962925,-0.008899097148314125,0.04571388145693939,0.0734062138596628,0.008639823680695985,0.01769498661454015,0.05637984645244024,0.042634859802918694,0.012290509062574149,-0.007013748581021004,-0.02249827811862038,0.008022366690222073,-0.010233464750265334,-0.02152778937156791,0.015154547577788845,-0.0033116373761708133,0.043985369319541716,-0.0578219033107977,0.0035995775079907147,-0.015748047751030142,-0.015289593108775883,0.001073898668748284,-0.010027651185693277,0.02490557303763691,0.014163418005301456,-0.0022059694188629577,0.03655840330324928,0.020969166507175677,-0.0013291333802999475,-0.02876354608813475,0.010492415703709177,0.009904922727835727,0.018094263795552006,0.016641756856403928,0.0061719169133517835,-0.007987776941169965,1.0,-0.005443011631226266,0.02520912838645408,0.014881484196936861,0.0020311731959970153,0.033555078414491867,-0.008899534174692822,0.04418402376298842,0.07408712407806196,0.007687853324423827,0.012229760910465388,0.05576853650748337,0.04032776373128286,0.0065237889124470224,-0.011063438096842947,-0.03196107801131212,-0.0016204180215222655,-0.013003805736928635,-0.029301026727239388,0.0036430540699089707,-0.008552032559226605,0.04149005608934518,-0.05871867900559214,0.0008486233771071676,-0.017226530198266855,-0.009321328909463366,0.00533721208150951,-0.0031075297639153155,0.023718760734779878,0.018923925164801562,0.006560893546822653,0.03778306181977074,0.02292073210431746,0.00011857070045150051,-0.026907542687430324,0.012275098590708603,0.008219221631211228,0.013964773103171872,0.014252776592062378,-0.0029341008690428887,-0.022730265408356844
3.5099332058499693,0.6347657659608124,0.8808637379002234,4.0,110.0,121.0,118.0,103.0,76.0,28.0,29.0,15.0,13.0,14.0,0.0,133.0,111.0,126.0,125.0,121.0,128.0,89.0,125.0,121.0,119.0,121.0,114.0,0.17274167987321712,0.39461172741679873,0.4326465927099842,0.2693649685973482,0.33914863921842286,0.39148639218422887,0.018615040953090096,0.005956813104988831,0.008935219657483246,0.010424422933730455,0.011169024571854059,0.01340282948622487,0.0007446016381236039,0.008935219657483246,0.0037230081906180195,0.0022338049143708115,0.05286671630677588,0.012658227848101266,0.03648548026805659,0.007446016381236039,0.018615040953090096,0.022338049143708117,0.014892032762472078,0.008935219657483246,0.01340282948622487,0.0022338049143708115,0.006701414743112435,0.029039463886820552,0.0037230081906180195,0.02308265078183172,0.01563663440059568,0.008190618019359643,0.03350707371556218,0.04244229337304542,0.008190618019359643,0.044676098287416234,0.026061057334326135,0.00967982129560685,0.10126582278481013,0.0022338049143708115,0.05584512285927029,0.01712583767684289,0.0387192851824274,0.055100521221146684,0.04988830975428146,0.008935219657483246,0.035740878629932984,0.01563663440059568,0.00967982129560685,0.044676098287416234,0.0029784065524944155,0.018615040953090096,0.0022338049143708115,0.006701414743112435,0.008935219657483246,0.0007446016381236039,1.0,-0.017514620835195092,-0.005926949176546463,0.018035363311900653,0.04531550018269914,-0.0915092109303475,-0.0007823949185428519,-0.040575061270386084,-0.03441555751737061,-0.0005975947137814585,0.023533646234935344,-0.0034613218355498505,-0.03714405825483719,0.042487071565038836,0.026453099217381787,-0.007564233361381162,-0.025981559082027296,-0.03663138379841162,-0.02607016816687483,0.005025059148494765,0.036047287490372976,-0.00664908658872714,-0.031245133781789912,0.010417273468581146,0.026247037492389148,-0.028501793186244188,-0.020176618157704163,0.023826542200145902,-0.03947489659822427,-0.02707003614266708,0.032157670214686705,-0.02048271028579862,-0.030621121444380218,0.005971749024448254,-0.03991149306524997,-0.02109055928758839,-0.0049193620246549795,0.021000669332122923,-0.03284166977079181,-0.014116665479908527,0.034822708606313625,1.0,-0.017527671968455297,-0.006244926619156076,0.017867777620753148,0.04607629820491268,-0.09024801201155232,-0.003594553388272044,-0.0438584091428847,-0.03503556802971261,0.0061956951904525315,0.017048654136117322,0.001892051670492247,-0.042441084384140834,0.03466097559436613,0.024457940848912157,-0.004256272195124324,-0.025298587094025663,-0.04850889635825359,-0.022617278295412647,0.006561388309301562,0.04093239875344011,-0.00019812261319148772,-0.03584409170757738,-0.0018034107141014684,0.01680023946460082,-0.021149241251177932,-0.018581122843138446,0.019275445694533766,-0.041009422504314774,-0.027430927590354943,0.029365130042691857,-0.017384356167636825,-0.021536855350151908,-0.011071962310309165,-0.05719598147003008,-0.015496212919860454,-0.006047820086553192,0.01899403449763671,-0.029621272404560157,-0.025676212584515627,0.023797623836628957
3.504641918123701,0.6267980503104886,0.8838421444527178,11.0,106.0,124.0,113.0,98.0,95.0,17.0,43.0,18.0,11.0,13.0,0.0,134.0,109.0,131.0,126.0,113.0,130.0,99.0,128.0,111.0,112.0,123.0,106.0,0.2295839753466872,0.3697996918335901,0.40061633281972264,0.27566807313642755,0.32489451476793246,0.39943741209563993,0.012658227848101266,0.0052122114668652275,0.014147431124348473,0.017870439314966492,0.023827252419955324,0.010424422933730455,0.0014892032762472078,0.007446016381236039,0.004467609828741623,0.0022338049143708115,0.039463886820551006,0.011169024571854059,0.03425167535368578,0.008190618019359643,0.01563663440059568,0.029784065524944156,0.0193596425912137,0.0029784065524944155,0.011913626209977662,0.004467609828741623,0.0022338049143708115,0.03425167535368578,0.004467609828741623,0.029039463886820552,0.011913626209977662,0.014147431124348473,0.0379746835443038,0.0379746835443038,0.0029784065524944155,0.0387192851824274,0.023827252419955324,0.00967982129560685,0.09977661950856292,0.0022338049143708115,0.05361131794489948,0.02084884586746091,0.03723008190618019,0.04765450483991065,0.06999255398361877,0.006701414743112435,0.029784065524944156,0.014147431124348473,0.007446016381236039,0.045420699925539834,0.0014892032762472078,0.017870439314966492,0.0022338049143708115,0.008935219657483246,0.007446016381236039,0.0029784065524944155,1.0,0.02755228782550207,0.019417550728149418,-0.013519310574317567,0.020080506564758648,0.04651896619152341,-0.022269765588388474,-0.054052555185280626,-0.0645989990474547,0.01649304651009857,-0.03343915714133403,-0.01699463755561562,-0.0036466775270270796,0.010445277966576712,0.027657022180750775,0.001237571340046957,0.01370486080381633,0.03789676486723722,0.011693864846237592,-0.04663160609706577,-0.0009137049319924615,0.04069365312708904,-0.008268172598080274,-0.01719484078061791,-0.003400687237611819,-0.0046189918617350655,-0.01941708580957178,0.03209817269176037,-0.016666561732200835,0.03106667312591824,-0.016165853451639085,0.039134077632596756,0.02720514195768396,-0.01061554907583008,-0.047628670091755164,-0.02071655967185708,-0.0068969355549031944,0.020685305665561496,0.007468730595291607,-0.0029740480309149307,-0.004924835420629022,1.0,0.027572818591392906,0.018700467433726574,-0.014607580351988768,0.02056944551722568,0.04619819690255182,-0.02597321241610375,-0.05448545433531348,-0.06053488714171573,0.019691391400979277,-0.0350899172961389,-0.013753634879865853,0.0060616978448466505,0.013170250988313937,0.021023690512506972,-0.002552716505124983,0.011391455220833896,0.03643297648491646,0.0012478266255426256,-0.052017736828368875,0.0036394218391774926,0.04479230134111884,-0.013211856612305953,-0.01574782750818873,0.01187912205494058,-0.0020413026769247394,-0.02992226466412844,0.033766038286830606,-0.008935902243299465,0.031003159631625386,-0.02359595371897121,0.040636868758313266,0.026956487875315193,-0.016259121503167162,-0.05544226816894604,-0.013507542608396598,-0.006004106480384612,0.024728144714459565,0.004819273615561711,0.013006045450074086,0.0019210152148974378
3.4629476827140104,0.650169510901275,0.8793745346239762,7.0,113.0,121.0,117.0,87.0,61.0,68.0,35.0,15.0,12.0,5.0,1.0,134.0,113.0,125.0,125.0,119.0,121.0,109.0,121.0,117.0,115.0,116.0,111.0,0.16043613707165108,0.3598130841121495,0.4797507788161994,0.26367461430575034,0.3338008415147265,0.40252454417952316,0.008190618019359643,0.0052122114668652275,0.00967982129560685,0.011169024571854059,0.010424422933730455,0.011913626209977662,0.0029784065524944155,0.0037230081906180195,0.005956813104988831,0.006701414743112435,0.029784065524944156,0.011169024571854059,0.03723008190618019,0.0037230081906180195,0.017870439314966492,0.024571854058078928,0.02084884586746091,0.0029784065524944155,0.011169024571854059,0.0029784065524944155,0.004467609828741623,0.027550260610573342,0.0029784065524944155,0.02308265078183172,0.01340282948622487,0.00967982129560685,0.03052866716306776,0.045420699925539834,0.0037230081906180195,0.03723008190618019,0.021593447505584513,0.008935219657483246,0.1169024571854058,0.0029784065524944155,0.04244229337304542,0.03127326880119136,0.03350707371556218,0.06626954579300075,0.06924795234549516,0.010424422933730455,0.04393149664929263,0.01340282948622487,0.006701414743112435,0.05286671630677588,0.005956813104988831,0.016381236038719285,0.004467609828741623,0.008190618019359643,0.005956813104988831,0.0022338049143708115,1.0,0.03910146255632805,0.0207886463287859,-0.02194919438518129,0.033136059144505646,0.03344215785289457,0.04148899255530051,0.0205581926310763,0.016224600045315965,-0.03597037906459788,-0.04808597333084547,-0.0327516270010192,-0.04409387761818465,0.009866805713596292,-0.005220907349067916,-0.016821009773135703,-0.015150423469421933,-0.01811582576535334,-0.019499148430309504,-0.02369942416033367,0.003968901984241947,-0.06194284623664154,-0.036015679920518746,-0.0039438771847086895,0.018096465817364744,0.01633345648255749,0.023368618425649166,0.0156184645814455,0.007614373396468435,-0.026361902750322297,0.00042028819239187993,0.0069262030644803565,0.011948704029205918,0.006401557455903062,-0.0018995335061976295,-0.009837125092025285,-0.06270032640178122,0.06321156985661383,-0.015218895832425533,0.0024226791881357735,-0.025330505769806496,1.0,0.03913059926464126,0.019318027058905302,-0.023598134219509206,0.034676907144495374,0.031958206393487884,0.03737235444439219,0.018017143018851968,0.013821138540806148,-0.03857963898766511,-0.04937214695347789,-0.03145280417929106,-0.04643075453815667,0.01206331925638025,-0.0016749166004850675,-0.011588781097554703,-0.0033578084118386854,-0.009504610958661897,-0.014742955564839063,-0.02351798755279364,0.003948885223914783,-0.0679891145643577,-0.035262093136658436,0.003335772202727647,0.01757065803775293,0.02036647814554425,0.02776578894206997,0.01922845583312708,0.00616481243819531,-0.030378078766129545,-0.008377798631429652,-0.007699999898814749,-0.0012726946865559878,-0.0032006871495318524,-0.0014695152419428928,-0.002991133183870071,-0.06007918215335012,0.0740117859743029,-0.020031038102537008,-0.0053546723404334666,-0.023881012487236578
3.4995316671234047,0.6057936326599266,0.8816083395383469,2.0,108.0,118.0,107.0,78.0,97.0,34.0,56.0,11.0,23.0,6.0,1.0,132.0,109.0,123.0,116.0,114.0,118.0,101.0,120.0,110.0,109.0,109.0,107.0,0.24180967238689546,0.3416536661466459,0.4165366614664587,0.27046783625730997,0.32821637426900585,0.40131578947368424,0.010424422933730455,0.010424422933730455,0.008935219657483246,0.012658227848101266,0.011913626209977662,0.008190618019359643,0.0,0.007446016381236039,0.007446016381236039,0.0029784065524944155,0.040208488458674606,0.014147431124348473,0.04244229337304542,0.006701414743112435,0.023827252419955324,0.02308265078183172,0.018615040953090096,0.0007446016381236039,0.0052122114668652275,0.0029784065524944155,0.0007446016381236039,0.023827252419955324,0.0014892032762472078,0.02531645569620253,0.012658227848101266,0.014892032762472078,0.02084884586746091,0.03276247207743857,0.004467609828741623,0.03052866716306776,0.02531645569620253,0.01712583767684289,0.09903201787043932,0.005956813104988831,0.05658972449739389,0.027550260610573342,0.04095309009679821,0.05956813104988831,0.06999255398361877,0.011169024571854059,0.03350707371556218,0.02084884586746091,0.00967982129560685,0.045420699925539834,0.0022338049143708115,0.020104244229337303,0.004467609828741623,0.006701414743112435,0.014892032762472078,0.0029784065524944155,1.0,0.06567349219314841,0.049356158082999604,0.01671648988786963,0.01492110013281803,0.03515666215061735,0.04560536058474757,0.035286867254775534,0.04691848900384687,0.012277068053218551,0.03268599916079928,0.027515663046903973,0.014882917495466644,0.031233948987053044,-0.008573666618770282,0.02522319234986493,-0.02869429408801768,0.02137198045825778,0.06014114903392092,0.020223739266516976,0.0009669449347177576,0.036908604792265126,-0.014116264832125724,0.032730925251533746,-0.05086741116841324,0.019231507476396938,-0.019487080699053715,-0.014134017900339038,0.010100771304244771,0.00869580287335006,0.032164511466136914,0.05325461723574609,-0.0355677348457278,-0.01022326893350086,0.05450468633898827,-0.024106975364093782,0.048132144668103026,0.005973805035898122,-0.03747479173340907,0.036349180781623504,0.05965356778894728,1.0,0.06572242922160829,0.045306027919392804,0.010743192496548865,0.011082181029151292,0.03260855087959048,0.04054976554770666,0.027021588847519533,0.03895670702112284,0.002790228412948995,0.025944644680498143,0.019728452225899137,0.005266105333333581,0.02289504670289319,-0.018531415287329024,0.01980295786349525,-0.03743653550175486,0.019214598130623678,0.05594217590274952,0.00831154842601546,-0.00895378094805734,0.033456830101798535,-0.019316113592732217,0.026342487845317255,-0.05978530161963717,0.017846632349847978,-0.025216544811994937,-0.01533295594587449,0.00791667972128184,0.007154525708472279,0.03161175699392343,0.04936570451056877,-0.04269976729885172,-0.011233266442071227,0.0651370052704354,-0.0318442373230268,0.03738152707341894,0.00481320787289305,-0.05208415456385603,0.042581854244874345,0.05443902937413689
3.4985515834963636,0.6436169012044046,0.885331347728965,2.0,108.0,117.0,116.0,73.0,77.0,44.0,23.0,29.0,6.0,11.0,2.0,134.0,108.0,122.0,122.0,117.0,124.0,95.0,127.0,111.0,111.0,125.0,103.0,0.16776315789473684,0.3684210526315789,0.46381578947368424,0.27519656897784134,0.3295210864903502,0.39528234453180844,0.011169024571854059,0.010424422933730455,0.01563663440059568,0.014892032762472078,0.016381236038719285,0.012658227848101266,0.0007446016381236039,0.005956813104988831,0.005956813104988831,0.004467609828741623,0.03425167535368578,0.010424422933730455,0.044676098287416234,0.0029784065524944155,0.02084884586746091,0.012658227848101266,0.012658227848101266,0.0037230081906180195,0.005956813104988831,0.008935219657483246,0.0014892032762472078,0.03350707371556218,0.0007446016381236039,0.027550260610573342,0.00967982129560685,0.011913626209977662,0.035740878629932984,0.0387192851824274,0.008190618019359643,0.03723008190618019,0.02308265078183172,0.014892032762472078,0.10201042442293373,0.0014892032762472078,0.05137751303052867,0.022338049143708117,0.03425167535368578,0.058078927773641105,0.07073715562174236,0.010424422933730455,0.0387192851824274,0.01340282948622487,0.00967982129560685,0.04318689501116903,0.004467609828741623,0.016381236038719285,0.0022338049143708115,0.011913626209977662,0.008935219657483246,0.0022338049143708115,1.0,0.0212755809410218,0.009225382731262385,0.027061711286469482,0.024879015897592855,0.01229912761721893,-0.016153229131638098,0.0528102030991884,0.022334571477093335,0.024917816970965092,0.005970880339624183,-0.010353610475623254,0.055318114642677996,-0.00958269887912165,-0.0080843809524564,0.04145488111768241,0.0035893898835181394,0.029459952192695493,-0.006234668104830029,0.022946850769050495,-0.004674935289926495,0.014746806589111455,0.06286973561589458,0.05483937155407418,-0.009252964976255355,0.009366140774110522,0.015487171469694189,-0.013656235533336886,-0.04461833484134104,0.0026219128413813467,-0.04918846055769311,0.04714124232591634,-0.025000869732437335,-0.019144404726548842,0.03131979606024166,0.006651099441838012,-0.014001673867195757,-0.014083893413677757,-0.018644378652577284,-0.051821587084151334,-0.061739514841850314,1.0,0.02129143457808664,0.008789801143187488,0.02675435877798751,0.023771304630042196,0.010893413449961236,-0.017859316768510696,0.05240020934064473,0.019463748063949925,0.023844277593472876,0.0026597329183168654,-0.01421077086477775,0.05283446366112118,-0.011699261568287628,-0.010691564724743785,0.03926448047885811,-0.0024281962356720024,0.027547883024247342,-0.00643063120577059,0.015883515230313165,-0.008353569317418263,0.014509621012944831,0.059141797524337125,0.05473371713778432,-0.02161144818728284,0.007064055545311543,0.009097996141008008,-0.021310259147745488,-0.0446960258251092,-0.002926832300417232,-0.05931060253379056,0.04918479666388652,-0.029022127142750796,-0.016849235847655186,0.026358911489874584,0.006877329452156435,-0.011205130307838148,-0.00820508381948213,-0.03233876150865027,-0.05123657986534668,-0.059427547750653384
3.528961664010993,0.6438956180501878,0.8875651526433358,2.0,110.0,117.0,118.0,101.0,83.0,52.0,15.0,11.0,11.0,3.0,4.0,134.0,111.0,121.0,120.0,119.0,124.0,105.0,127.0,113.0,115.0,121.0,111.0,0.1594896331738437,0.3843700159489633,0.45614035087719296,0.270935960591133,0.3286418015482055,0.4004222378606615,0.012658227848101266,0.007446016381236039,0.014147431124348473,0.011169024571854059,0.01712583767684289,0.01563663440059568,0.0029784065524944155,0.006701414743112435,0.0037230081906180195,0.004467609828741623,0.04244229337304542,0.011169024571854059,0.0387192851824274,0.007446016381236039,0.016381236038719285,0.03052866716306776,0.012658227848101266,0.0037230081906180195,0.011169024571854059,0.005956813104988831,0.0037230081906180195,0.017870439314966492,0.0022338049143708115,0.020104244229337303,0.02084884586746091,0.011169024571854059,0.020104244229337303,0.039463886820551006,0.0052122114668652275,0.034996276991809384,0.03201787043931496,0.011913626209977662,0.10796723752792256,0.0022338049143708115,0.05137751303052867,0.028294862248696945,0.040208488458674606,0.044676098287416234,0.06180193596425912,0.012658227848101266,0.03201787043931496,0.01340282948622487,0.011913626209977662,0.04690990320178704,0.0029784065524944155,0.021593447505584513,0.004467609828741623,0.010424422933730455,0.011169024571854059,0.0,1.0,0.05853358092374101,0.01605454583949383,0.015915545352124312,-0.01775125850062601,-0.008554558988104368,0.03244596882075419,0.027517719200005456,0.004346357661802345,-0.0007192722105087197,0.012298919345092876,0.019870954707467733,0.03053250424708738,0.0051607346924788956,0.03939787680357474,-0.009118131924933067,-0.03506833117384461,0.00616923787506514,0.03502002097437982,-0.02182675856824365,-0.012306630054056666,0.017337902014354548,0.029323861897783444,0.034666936508813626,0.018012929405864266,0.004499081842277444,-0.06620041330342724,0.026040359588269977,-0.010539432172870703,0.06743272184838695,-0.02542510765560974,0.007402677813087721,-0.02186385129092649,-0.05601085648723212,0.0262464611640542,0.014687534580199807,-0.010858251920895214,-0.013110746087787674,0.010235875169471406,-0.007106468770792181,-0.012663793447961676,1.0,0.05857719760103141,0.012690747511304522,0.014329376542980847,-0.019829281252233395,-0.006863959762854145,0.033915153221133004,0.02475349452717342,0.0003128123642493297,-0.0031308194874967513,0.012960561350788984,0.020278404761661185,0.027888222131410678,-0.0008540580924071335,0.03795363954705325,-0.013658152203419597,-0.03476627397222597,0.008178059199399847,0.035030236207121916,-0.026840271626933827,-0.01557719909937033,0.01703101807593229,0.03264608019175938,0.032182678520249114,0.0076530369134360935,-0.0002131333849061079,-0.06746845909727568,0.03782080444693992,-0.014685817049029442,0.06946050778920741,-0.03934147916434952,0.00931089804482869,-0.026045984879705632,-0.049805252316975225,0.034291111920299266,0.003256689191504239,-0.0167847455871795,-0.013929331669691432,0.020050510291448737,-0.005726330696126843,-0.007738795407204915
3.491408336176049,0.6174335542671303,0.8868205510052122,4.0,104.0,125.0,126.0,85.0,89.0,37.0,21.0,13.0,5.0,0.0,3.0,134.0,111.0,129.0,126.0,119.0,127.0,93.0,123.0,121.0,116.0,119.0,111.0,0.18627450980392157,0.3741830065359477,0.4395424836601307,0.26871938418474456,0.3372988103568929,0.3939818054583625,0.01563663440059568,0.011169024571854059,0.011913626209977662,0.014892032762472078,0.017870439314966492,0.01340282948622487,0.0007446016381236039,0.00967982129560685,0.0052122114668652275,0.0029784065524944155,0.03648548026805659,0.011169024571854059,0.04169769173492182,0.0029784065524944155,0.022338049143708117,0.03127326880119136,0.017870439314966492,0.004467609828741623,0.007446016381236039,0.0029784065524944155,0.0022338049143708115,0.024571854058078928,0.0029784065524944155,0.02531645569620253,0.0052122114668652275,0.01340282948622487,0.026061057334326135,0.04244229337304542,0.0029784065524944155,0.03350707371556218,0.02531645569620253,0.012658227848101266,0.10349962769918093,0.0014892032762472078,0.06254653760238273,0.02531645569620253,0.029784065524944156,0.05956813104988831,0.06180193596425912,0.012658227848101266,0.03201787043931496,0.018615040953090096,0.006701414743112435,0.044676098287416234,0.0022338049143708115,0.0193596425912137,0.0029784065524944155,0.00967982129560685,0.006701414743112435,0.0014892032762472078,1.0,-0.006904595656150065,0.017827134236169013,-0.0018799723101389338,-0.012733885792162144,-0.027977950345459076,-0.020101485162088973,-0.005517267797499904,0.03041196543407413,-0.008822784726630716,-0.029446797612651024,0.025955523478751834,-0.008752970580388618,-0.020754864576496026,-0.014562994742776229,-0.008401292773126463,0.042757074018299014,-0.022165204724186552,-0.0433920787191771,0.01573661628775751,-0.037120632088133855,0.013178984995257156,0.008703463855019678,-0.044457146085603874,0.0008996795919323652,-0.0009158756583897221,-0.03465997880577726,0.036114213917728295,-0.021836914721379604,0.013508634030409443,-0.0020297304121852993,-0.07173272046827914,-0.004967653208831911,-0.01951392232819538,-0.014152079331832988,0.026324031623883658,0.010816545935682766,-0.011104545828876636,-0.03314080182590112,-0.013197269357539506,-0.006877526313319984,1.0,-0.0069097406603647864,0.017806827719927698,-0.0016405712854859502,-0.013118534500074278,-0.028210105567917452,-0.020149307097723407,-0.004886405149668797,0.03103164941887539,-0.0090349428828833,-0.03232595134295041,0.02491632101024646,-0.007272086716549151,-0.020895191378874845,-0.014771204838582868,-0.009127314767630368,0.042791017152719935,-0.021406538910879073,-0.04616914031146222,0.012350528992466232,-0.0361821199610898,0.01646654732163747,0.00913707871807726,-0.04988639243027563,-0.004552262152247001,0.0013575841807903952,-0.03165945032131037,0.030629336887344438,-0.022698474454125424,0.013083393479657805,-0.0054963247453270634,-0.07309320058842644,-0.009714843718442346,-0.02076046911859824,-0.008115239512901608,0.021262972563976145,0.006041244412128904,-0.017321211886512054,-0.044891264598321746,-0.003941595852688278,-0.009127788620363243
3.492096027751772,0.6348597369797804,0.885331347728965,10.0,121.0,128.0,109.0,104.0,69.0,38.0,52.0,17.0,12.0,12.0,1.0,134.0,121.0,131.0,127.0,122.0,130.0,99.0,123.0,119.0,119.0,119.0,115.0,0.19465081723625557,0.35958395245170877,0.4457652303120357,0.26525017135023987,0.33379026730637423,0.4009595613433859,0.017870439314966492,0.010424422933730455,0.014892032762472078,0.014147431124348473,0.0193596425912137,0.01563663440059568,0.0014892032762472078,0.008935219657483246,0.0037230081906180195,0.0022338049143708115,0.034996276991809384,0.007446016381236039,0.04095309009679821,0.005956813104988831,0.022338049143708117,0.023827252419955324,0.011913626209977662,0.004467609828741623,0.0052122114668652275,0.004467609828741623,0.0029784065524944155,0.029784065524944156,0.0022338049143708115,0.02680565897244974,0.014892032762472078,0.01340282948622487,0.03052866716306776,0.039463886820551006,0.005956813104988831,0.04095309009679821,0.02084884586746091,0.011913626209977662,0.11615785554728221,0.0029784065524944155,0.05361131794489948,0.022338049143708117,0.03350707371556218,0.05361131794489948,0.0573343261355175,0.004467609828741623,0.035740878629932984,0.01563663440059568,0.010424422933730455,0.04244229337304542,0.0022338049143708115,0.014892032762472078,0.0014892032762472078,0.00967982129560685,0.01340282948622487,0.0,1.0,0.028325397645585337,0.02475242463620959,-0.025049541307628716,-0.008831928627304211,0.0017413462994538462,0.009181176961748302,-0.002497140466717259,0.01982505614600393,-0.015710197826881822,-0.007469649162156956,0.04377793929202254,0.022567560268732707,0.025797586721866647,-0.01447162794755871,0.04225109686777012,0.017346564074438766,-0.0422077011462015,-0.07808319704949122,0.04295168962168264,-0.027858836165423676,0.04641439503564846,0.055928552007426045,0.031437597074092494,-0.024239979178708442,-0.011728474714628838,-0.019115145956079955,-0.008088291753182006,0.02780266108677114,0.022260422958584252,0.02395890093850788,-0.019082595784121196,0.03818014814912582,-0.029340376106891795,0.03685118967430113,-0.016739186250028428,-0.027706673915785133,-0.005589771927287429,-0.053097173879664866,-0.053499230033593345,-0.019175918898656885,1.0,0.02834650449927058,0.024005105372628552,-0.026508469489462887,-0.00802629478129087,0.0035092825020281047,0.008853982482165406,-0.0035940189211768688,0.019762254700268277,-0.016313166844184674,-0.007650927047644285,0.04643171939093309,0.020137302023575623,0.021909732304091534,-0.01522100252276049,0.04492684104510333,0.016993844234576054,-0.04690141852272448,-0.07644366643126024,0.050248899175743766,-0.028331606433233868,0.041489195677840734,0.057650173664608,0.024135893813404523,-0.029789919090936597,-0.006045167709310329,-0.016960600270111904,-0.017682121794960037,0.03081104595156222,0.029599252397626702,0.021132162688192607,-0.01885160996418114,0.041321769216983516,-0.026913104912101714,0.02472386461023461,-0.024016589127862864,-0.03372120594936582,-2.3910430172591304e-05,-0.060681464795898844,-0.03796538343253159,-0.012640662187439899
3.4987823647923615,0.6302202885109284,0.8838421444527178,8.0,111.0,126.0,119.0,89.0,92.0,31.0,27.0,18.0,7.0,10.0,12.0,134.0,111.0,131.0,120.0,119.0,125.0,111.0,123.0,111.0,113.0,116.0,113.0,0.19538461538461538,0.35846153846153844,0.4461538461538462,0.26769446391030133,0.32445690259285215,0.4078486334968465,0.017870439314966492,0.006701414743112435,0.016381236038719285,0.018615040953090096,0.014892032762472078,0.011913626209977662,0.0007446016381236039,0.004467609828741623,0.006701414743112435,0.007446016381236039,0.03723008190618019,0.00967982129560685,0.029784065524944156,0.005956813104988831,0.0193596425912137,0.023827252419955324,0.012658227848101266,0.0007446016381236039,0.007446016381236039,0.006701414743112435,0.0022338049143708115,0.017870439314966492,0.0029784065524944155,0.02680565897244974,0.014147431124348473,0.011913626209977662,0.029039463886820552,0.03723008190618019,0.004467609828741623,0.029784065524944156,0.026061057334326135,0.006701414743112435,0.09009679821295608,0.004467609828741623,0.06552494415487714,0.028294862248696945,0.0379746835443038,0.058823529411764705,0.08265078183172003,0.007446016381236039,0.03425167535368578,0.01712583767684289,0.011169024571854059,0.04839910647803425,0.0029784065524944155,0.020104244229337303,0.0029784065524944155,0.011169024571854059,0.006701414743112435,0.0014892032762472078,1.0,0.009809671514456615,0.028549537904205807,0.025017175314187127,-0.005304541793875082,-0.0006394916432599439,-0.014245221658303322,-0.00047124598779748705,0.0042397578874945096,-0.0056362650555416725,0.014461493804940495,0.028941784173082838,0.032028881884403344,0.03631222784960298,0.038801406930970235,0.010441625596011958,0.019364458339989617,0.02293161138179042,-0.02130545055584804,-0.017235189158009798,-0.017087324901428527,-0.0031233636744580117,-0.04621636209640967,-0.006724122437772814,0.02052992670442981,-0.035298079220719786,-0.004048294942852826,0.03478300605199567,-0.034997043877812974,0.03829085077323837,0.044013618342194236,-0.01780378837604613,-0.040224833265815545,0.05615500203600468,-0.021342451289297053,0.034929128889905785,-0.017009212833529283,0.005237231138247288,0.01045768072419005,-0.01649794976248358,0.013906517632477562,1.0,0.009816981254780345,0.028498490746620666,0.02454302200313415,-0.006601026488518931,-0.001948987143323106,-0.01458532887628413,0.00015588633615340754,0.005129363235858015,-0.005048401560110005,0.014265577209733286,0.029010105212648133,0.031184003179585827,0.03383926606103328,0.035894638964703206,0.006789311526974024,0.01664266187435398,0.02223696656834072,-0.022072640333875626,-0.01829312415344082,-0.01602816752133941,-0.0012462742616512206,-0.04694443662167444,-0.007597846589150892,0.01872673506416438,-0.0390939702254398,-0.009603969522690107,0.032023013524286735,-0.03939683627297629,0.03628467777299612,0.04670226109547422,-0.01902843057260387,-0.041908460283673836,0.06595597192016131,-0.016508488757298732,0.040831423465383494,-0.01163980207088225,0.005376145947285346,0.009446584399287966,-0.009786613520912457,0.008144635996768965
3.4646080886085304,0.6194988098392138,0.8786299329858526,6.0,109.0,123.0,116.0,86.0,95.0,28.0,43.0,24.0,10.0,18.0,2.0,134.0,113.0,131.0,124.0,117.0,130.0,81.0,127.0,116.0,107.0,123.0,106.0,0.21818181818181817,0.3575757575757576,0.42424242424242425,0.27750177430801987,0.3293115684882896,0.39318665720369056,0.01563663440059568,0.0052122114668652275,0.014147431124348473,0.011913626209977662,0.012658227848101266,0.014892032762472078,0.0,0.00967982129560685,0.0029784065524944155,0.0022338049143708115,0.04393149664929263,0.011913626209977662,0.03350707371556218,0.0037230081906180195,0.014147431124348473,0.022338049143708117,0.02308265078183172,0.0052122114668652275,0.00967982129560685,0.0029784065524944155,0.004467609828741623,0.022338049143708117,0.0022338049143708115,0.026061057334326135,0.010424422933730455,0.00967982129560685,0.04095309009679821,0.0379746835443038,0.007446016381236039,0.040208488458674606,0.029784065524944156,0.018615040953090096,0.09977661950856292,0.0014892032762472078,0.06403574087862993,0.020104244229337303,0.03127326880119136,0.05361131794489948,0.07371556217423679,0.006701414743112435,0.03648548026805659,0.01563663440059568,0.005956813104988831,0.04839910647803425,0.0022338049143708115,0.010424422933730455,0.0037230081906180195,0.011913626209977662,0.0037230081906180195,0.0007446016381236039,1.0,-0.04689342744040151,0.02021763646530382,-0.01716649386734773,-0.0431232027342378,-0.033601285668625795,-0.024675822725279274,-0.028864820292535297,0.034533003492989225,-0.028455851467776263,0.07940728901098365,-0.01113672921318668,0.04386169511901696,-0.01595298717201233,-0.0006797648831665533,-0.002589856958057757,-0.06364987358544151,-0.05241298718470611,-0.058039760135834416,0.011069959994814372,-0.037310795357254074,0.010321593856236724,0.028709869230339222,-0.011454749232785022,0.004629181616470662,0.03125923659974399,-0.04684502266662318,-0.025075217365040748,0.031555720369581465,0.010399953580446156,-0.007471649156824761,0.05183455475302513,-0.011288204531094234,-0.003411811814299534,-0.010423949725764685,0.03540337749630113,0.009485118608291774,-0.03613735057747429,-0.03995121799217855,0.027939371447054693,-0.03849241746206832,1.0,-0.046928370381862324,0.018085346444246492,-0.015462297784028219,-0.04524258411994955,-0.037373461865074536,-0.02691426141790391,-0.03193763395725702,0.029646715423003497,-0.028829639003244416,0.07207255001858996,-0.006640665296957956,0.04070855978909213,-0.01133145199849839,0.0023211392138817563,0.004127901345198356,-0.06128825412888354,-0.05250636339328536,-0.06853026350328556,0.010826225366247626,-0.05372427286891789,-0.000616104359382405,0.011986075562101246,-0.017628551412829225,-0.003521736132678267,0.0296547245510799,-0.03449866323130294,-0.030444208663911152,0.050340922779128605,0.013673979423042888,-0.001557327976834212,0.049243353938133214,-0.008619654817429689,-0.014385282237540148,-0.01765396260274651,0.034199748151757324,0.008498341326296103,-0.03930014774239077,-0.049196759010140284,0.02565115099983214,-0.038312047739721244
3.4613095771946765,0.5971976277253235,0.8868205510052122,2.0,120.0,122.0,118.0,85.0,101.0,44.0,47.0,12.0,4.0,8.0,0.0,134.0,125.0,131.0,125.0,119.0,130.0,101.0,129.0,125.0,113.0,123.0,113.0,0.22624434389140272,0.33031674208144796,0.4434389140271493,0.2677111716621253,0.32833787465940056,0.4039509536784741,0.01340282948622487,0.004467609828741623,0.011913626209977662,0.014892032762472078,0.017870439314966492,0.010424422933730455,0.0007446016381236039,0.005956813104988831,0.00967982129560685,0.0014892032762472078,0.049143708116157855,0.007446016381236039,0.04095309009679821,0.0052122114668652275,0.020104244229337303,0.021593447505584513,0.014147431124348473,0.0022338049143708115,0.008935219657483246,0.0014892032762472078,0.004467609828741623,0.028294862248696945,0.0014892032762472078,0.02680565897244974,0.006701414743112435,0.008190618019359643,0.026061057334326135,0.04244229337304542,0.0052122114668652275,0.03648548026805659,0.023827252419955324,0.00967982129560685,0.114668652271035,0.004467609828741623,0.04318689501116903,0.03723008190618019,0.04616530156366344,0.04765450483991065,0.06180193596425912,0.014147431124348473,0.03350707371556218,0.021593447505584513,0.008190618019359643,0.045420699925539834,0.0029784065524944155,0.02084884586746091,0.004467609828741623,0.008935219657483246,0.0029784065524944155,0.0,1.0,0.010479497405999714,-0.0047572098936928195,-0.04338596980814878,-0.04911876781067679,0.010663579501232484,0.008764032419957777,0.0111579993398385,-0.025304098291118942,0.0035839629678703164,0.005743745793447593,-0.007183045077339294,-0.03997798262386875,0.03425951573227849,-0.04092010811435491,-0.022051479401127845,0.03871231929649152,0.028456858466862904,0.015622168891388026,-0.0035835559852793438,0.004776212097762381,-0.0062936478639527005,-0.041955061764490764,-0.005224732809021984,0.041653870713016065,-0.05366796140358587,-0.010144699465208396,-0.05939613228703757,0.009645735822854476,0.02749554263602425,0.021082940810715642,0.0032046100319494983,-0.01528576294006539,-0.020085667190114634,0.044611181143373,0.00448833997237887,0.011210839587556178,0.04946576261307675,-0.025311642171623655,-0.004448825089074262,-0.006619418688476403,1.0,0.010487306271428944,-0.004874824655737874,-0.04338757336956284,-0.048480216690065935,0.011260372903749814,0.0063213795754944796,0.006991861768827925,-0.027122578350955377,0.005889463961130937,0.006930456029928598,-0.00885816252804208,-0.04282671560637147,0.036961207147600324,-0.04249246941018861,-0.025441362936470084,0.0379132657716932,0.02934387283611054,0.009579791232915316,-0.002172853364930456,0.009766728603325218,0.00015888910539798692,-0.0451924784540345,-0.007736826435395561,0.04475317170586758,-0.05732350061985634,-0.019724175037782808,-0.055944780504873746,0.016073928977745757,0.018331235958376373,0.014473390478166294,0.0024315451326552507,-0.00498568084385566,-0.02375188259689079,0.04420948317237422,0.003045584699689011,0.008421502593242352,0.0441748371223044,-0.013587885394913601,-0.006522733380212916,-0.003218826651251886
3.4108784952330287,0.6219086351755561,0.8749069247952346,9.0,99.0,123.0,120.0,92.0,73.0,5.0,48.0,19.0,20.0,15.0,1.0,134.0,113.0,128.0,125.0,124.0,130.0,19.0,127.0,123.0,119.0,124.0,101.0,0.20833333333333334,0.40224358974358976,0.3894230769230769,0.28602779809802487,0.35918068763716166,0.3547915142648135,0.011169024571854059,0.007446016381236039,0.008190618019359643,0.011913626209977662,0.00967982129560685,0.010424422933730455,0.0014892032762472078,0.011169024571854059,0.0029784065524944155,0.004467609828741623,0.03723008190618019,0.0052122114668652275,0.045420699925539834,0.0037230081906180195,0.016381236038719285,0.021593447505584513,0.00967982129560685,0.0022338049143708115,0.012658227848101266,0.0037230081906180195,0.0022338049143708115,0.03648548026805659,0.0014892032762472078,0.0387192851824274,0.008935219657483246,0.014892032762472078,0.03350707371556218,0.03723008190618019,0.004467609828741623,0.04690990320178704,0.017870439314966492,0.00967982129560685,0.10052122114668652,0.0037230081906180195,0.058823529411764705,0.01712583767684289,0.05286671630677588,0.06701414743112435,0.06999255398361877,0.005956813104988831,0.0387192851824274,0.01340282948622487,0.007446016381236039,0.04690990320178704,0.0007446016381236039,0.011913626209977662,0.0014892032762472078,0.006701414743112435,0.005956813104988831,0.0014892032762472078,1.0,-0.004018288403406864,-0.014615262548876755,-0.012827666102463792,0.021170751204475088,-0.000847165654243777,0.00803022160701641,0.004959472647908397,0.000642823007130422,0.06813244664316491,-0.0019723500387345857,-0.010085170102893967,0.014410422365726485,-0.001608431192925243,-0.025337108350251884,-0.026714387974324395,-0.028204990068101246,0.02222479678498235,0.015249053531021394,-0.033351009942205856,-0.018100894355814988,0.011678119180528142,0.016576454434107154,-0.012615222606919172,-0.02342571101043322,-0.03606555455278682,-0.006337023796760955,0.01948178963871711,0.014506699971120402,-0.036553450250355245,-0.017539582285033276,-0.012630042406667513,-0.014991657529831873,-0.0054733322341328685,-0.0557669353853315,0.0033283742912880547,-0.01794727385902359,0.009756381893049683,-0.006063394457731561,0.01931613069283324,-0.01330270442926996,1.0,-0.004021282657060661,-0.014653467777989924,-0.012978029264078853,0.020919998888582644,-0.0010559461651559975,0.008512042861838995,0.00557154441199105,0.0004607720141014149,0.06906763705136917,-0.001641643665698466,-0.008392549819730496,0.01623288603991894,-0.004871885495100506,-0.025334906934808984,-0.02788217739409574,-0.03128905621398587,0.02118385790887539,0.010296865441050317,-0.03299695919557267,-0.014834565787727757,0.008988027000579183,0.016687563039145377,-0.007669339428513147,-0.020050616772344574,-0.033445396739732236,-0.01030279651977835,0.0174130045981843,0.019423099016731,-0.035940926898234596,-0.021464049753627562,-0.015405002275887696,-0.014092816816944508,-0.002201164231948855,-0.05724712345876894,0.0012293557556534392,-0.01953096992673837,0.010236000294444686,-0.0004194091434921842,0.016111735488358665,-0.013970240121854112
3.5032725658474524,0.6213533136225313,0.8793745346239762,5.0,105.0,117.0,107.0,95.0,73.0,26.0,31.0,13.0,9.0,4.0,1.0,134.0,106.0,124.0,119.0,109.0,120.0,99.0,116.0,107.0,111.0,112.0,104.0,0.18600682593856654,0.3822525597269625,0.431740614334471,0.2718589272593681,0.32770022042615726,0.4004408523144746,0.0193596425912137,0.006701414743112435,0.008935219657483246,0.018615040953090096,0.012658227848101266,0.0193596425912137,0.0014892032762472078,0.006701414743112435,0.0037230081906180195,0.0007446016381236039,0.03425167535368578,0.012658227848101266,0.034996276991809384,0.0022338049143708115,0.024571854058078928,0.027550260610573342,0.014892032762472078,0.0007446016381236039,0.0052122114668652275,0.0052122114668652275,0.004467609828741623,0.02084884586746091,0.005956813104988831,0.029039463886820552,0.016381236038719285,0.011169024571854059,0.03127326880119136,0.055100521221146684,0.0037230081906180195,0.03201787043931496,0.023827252419955324,0.014892032762472078,0.09456440804169769,0.0037230081906180195,0.05063291139240506,0.02084884586746091,0.0379746835443038,0.054355919583023084,0.06180193596425912,0.010424422933730455,0.0387192851824274,0.021593447505584513,0.008190618019359643,0.049143708116157855,0.0007446016381236039,0.01340282948622487,0.0029784065524944155,0.014892032762472078,0.004467609828741623,0.0022338049143708115,1.0,0.010119113692905008,0.02322828730622609,-0.0009809312958290576,0.027840542146234777,0.01963241261709651,0.003276006726013554,0.016193828515387254,0.01990786630557055,0.014055680482850172,-0.04854959284018384,0.035054900245030815,0.050629132967136364,0.03616428071979196,-0.0034149015889498547,0.033910313147992914,-0.021768956483990104,-0.03844530281498572,0.043850718155811354,-0.02722605417179955,-0.016581229117942284,-0.010583447162141883,0.01885126899274813,-0.04529438606711103,-0.002438909480554296,0.02197855846120377,0.015414842224653507,-0.02440103327911881,0.010360754376773636,0.04050577011947369,-0.016534617682866813,0.014804450922562117,-0.013850561804278802,-0.01703386789154472,0.009418672764679415,0.015047780705405217,-0.02560329052408295,-0.008098177185798553,0.004759042773651979,0.026421321535072373,-0.02461806995225422,1.0,0.010126654016074085,0.023162756737394374,-0.00144873345312314,0.027426555625137048,0.01923875981794342,0.0016467636536179316,0.015453978068035452,0.018956696503637377,0.012044014139879955,-0.05058962113819655,0.03498478468452555,0.05131763717146431,0.03239499482422047,-0.004539745666826095,0.03268829895291245,-0.027048768272901057,-0.04351797546959094,0.04647739130796495,-0.030209168392894278,-0.02554760749236325,-0.004640128847937254,0.022367617716210635,-0.04814989353872069,-0.004653304742539811,0.02847858717296221,0.008517950420900797,-0.030985447001018265,0.023331439844153,0.04325204670312576,-0.025154165168112717,0.018396081700579634,-0.0016557230363657804,-0.0331701860099501,0.012581377707960377,0.029111690754035486,-0.03191606800744751,-0.01800385506717811,0.014242247381894843,0.03160454504805419,-0.04211305953659939
3.4401431361794836,0.6238505653500339,0.8830975428145942,3.0,104.0,123.0,113.0,105.0,82.0,14.0,50.0,18.0,4.0,18.0,11.0,134.0,122.0,129.0,126.0,123.0,130.0,39.0,123.0,115.0,119.0,125.0,95.0,0.20930232558139536,0.37209302325581395,0.4186046511627907,0.28043478260869564,0.35,0.3695652173913043,0.012658227848101266,0.006701414743112435,0.01563663440059568,0.008935219657483246,0.014147431124348473,0.011913626209977662,0.0014892032762472078,0.005956813104988831,0.0014892032762472078,0.0037230081906180195,0.040208488458674606,0.006701414743112435,0.03425167535368578,0.0029784065524944155,0.020104244229337303,0.022338049143708117,0.016381236038719285,0.0022338049143708115,0.00967982129560685,0.004467609828741623,0.0014892032762472078,0.03127326880119136,0.0037230081906180195,0.03201787043931496,0.01340282948622487,0.01712583767684289,0.035740878629932984,0.05286671630677588,0.0037230081906180195,0.03648548026805659,0.020104244229337303,0.01563663440059568,0.114668652271035,0.0022338049143708115,0.05658972449739389,0.01340282948622487,0.03425167535368578,0.05956813104988831,0.0573343261355175,0.006701414743112435,0.03350707371556218,0.021593447505584513,0.004467609828741623,0.054355919583023084,0.0029784065524944155,0.01563663440059568,0.0037230081906180195,0.006701414743112435,0.005956813104988831,0.0007446016381236039,1.0,-0.01962690844975171,0.010417036996384082,-0.004506543061076902,-0.03224071991921852,0.010330917328090532,0.0009122681336910092,-0.03675223190499644,-0.008120370694687743,-0.0352439427785622,-0.004239897493489489,-0.023010959647574884,-0.003818048376777377,-0.025864997958478502,0.00874853897108999,0.021273590299553457,0.00034780169587602587,0.0025055558077103227,-0.04128517195839529,-0.008718527719695899,-0.007910877386848278,-0.006046454923682227,0.030524825389741998,0.005750761603738699,-0.0160551999855907,0.03160721877147617,-0.05512878573162343,0.051082155543036974,0.0339568206724295,-0.02040644194150578,-0.00810310824141077,0.011095238094255146,-0.012882370185325632,-0.017606117118376893,-0.025246677881351123,0.011989959253501612,0.04960790551944848,0.0057432718772200365,-0.02363460584950516,-0.015149410075080447,-0.02914819717419982,1.0,-0.019641533567821563,0.010050660820543912,-0.004118374393315912,-0.03262601212849356,0.009207432561925053,0.0019508699655894461,-0.037458234335966116,-0.010618005958581127,-0.034505923502471586,-0.005894965086412465,-0.025351424377083744,-0.005060427134391017,-0.028073751389697338,0.006502883186313031,0.02018001260207586,-0.001846859919473675,-0.0005286227760996189,-0.043925940340600746,-0.010597071477888879,-0.012064102369228802,-0.007458372436711112,0.02729240058393515,0.007580515598177134,-0.016948878191786653,0.028800707401567496,-0.05429278901565291,0.046318738982138674,0.03624558104582283,-0.02030160145498041,-0.013943329290945045,0.014006052852370365,-0.009095753069922219,-0.02285846321501227,-0.02163036558421177,0.014444775849304708,0.05352457799323451,0.0025137318980780615,-0.02455936987182455,-0.01793931025116401,-0.02469583554264363
3.486158062096302,0.6196680123393064,0.8786299329858526,1.0,101.0,119.0,116.0,86.0,94.0,26.0,36.0,13.0,23.0,11.0,18.0,133.0,105.0,124.0,121.0,112.0,128.0,71.0,120.0,112.0,109.0,123.0,101.0,0.20341614906832298,0.3695652173913043,0.42701863354037267,0.2803532008830022,0.3340691685062546,0.3855776306107432,0.014147431124348473,0.007446016381236039,0.008935219657483246,0.00967982129560685,0.011169024571854059,0.014147431124348473,0.0014892032762472078,0.007446016381236039,0.004467609828741623,0.0037230081906180195,0.04393149664929263,0.008190618019359643,0.04169769173492182,0.0037230081906180195,0.01563663440059568,0.03127326880119136,0.016381236038719285,0.006701414743112435,0.00967982129560685,0.004467609828741623,0.0029784065524944155,0.03350707371556218,0.0014892032762472078,0.029784065524944156,0.00967982129560685,0.011913626209977662,0.029784065524944156,0.040208488458674606,0.004467609828741623,0.034996276991809384,0.027550260610573342,0.011169024571854059,0.09158600148920328,0.004467609828741623,0.06254653760238273,0.018615040953090096,0.04765450483991065,0.0573343261355175,0.06031273268801191,0.008935219657483246,0.03425167535368578,0.0193596425912137,0.004467609828741623,0.04988830975428146,0.0037230081906180195,0.016381236038719285,0.0007446016381236039,0.007446016381236039,0.008190618019359643,0.0022338049143708115,1.0,0.02122307792520548,0.009716719378455611,0.036769250978575876,-0.01672885077504403,0.008420670884375604,-0.006394898372778671,0.0379985645135018,0.021542898232158363,0.05408886742399479,-0.029673647329139918,0.0017149428910369858,0.028786214549421436,0.050399517956363105,0.016824369279569668,0.0010628537034283435,0.06870117242175676,-0.013004832680091068,0.009608642129057439,0.016912348856935686,0.026972519273708154,-0.02707527098839762,-0.017283258445856344,0.05328498713542648,-0.007928779939198006,-0.005422716343141727,-0.056783284514288615,-0.015357664641655432,-0.03723210629061959,0.025526635653134448,-0.0015644309056898485,-0.0029093834072620563,-0.00016318419015070437,-0.011821765714357663,-0.01703600069442084,-0.07206052003275276,0.0402091452883174,-0.01432246409100676,0.009672163050410068,0.024102584694383433,-0.03515889430507906,1.0,0.021238892439307742,0.009284308641814358,0.03646921358737688,-0.01843362000504845,0.008542893259695844,-0.007838763717751046,0.03974723158759001,0.019236845784590808,0.05399103506113782,-0.035975021257765305,0.0023641183564160513,0.025540693734258487,0.05505503868908037,0.01099837481354604,-0.002383046213363843,0.06175980392599971,-0.014895803602415323,0.008228066606581824,0.0145374614840204,0.02492994496281397,-0.037617832832085994,-0.020357198546266858,0.051932798191314015,-0.007942066694955506,-0.01660589902077567,-0.06130053258178429,-0.016241369509321077,-0.041720583910715,0.028684221648639287,-0.0023653624911026874,-0.003594819319478587,-0.019435328357868754,-0.0006252676109760147,-0.011541754816674013,-0.06696958760779895,0.03564739092606448,-0.008556872475547648,0.015450889576210812,0.02078990927954693,-0.024031630819856743
3.5132773235323342,0.6219188195157993,0.8875651526433358,3.0,105.0,119.0,120.0,88.0,60.0,15.0,35.0,18.0,1.0,2.0,0.0,134.0,107.0,123.0,122.0,124.0,122.0,74.0,125.0,113.0,111.0,118.0,101.0,0.17314487632508835,0.4010600706713781,0.42579505300353354,0.27729257641921395,0.3420669577874818,0.38064046579330424,0.011913626209977662,0.0037230081906180195,0.014892032762472078,0.014147431124348473,0.014147431124348473,0.014147431124348473,0.0029784065524944155,0.007446016381236039,0.0052122114668652275,0.0029784065524944155,0.044676098287416234,0.007446016381236039,0.03425167535368578,0.008190618019359643,0.018615040953090096,0.02680565897244974,0.02084884586746091,0.0022338049143708115,0.010424422933730455,0.0029784065524944155,0.0014892032762472078,0.02531645569620253,0.0014892032762472078,0.023827252419955324,0.012658227848101266,0.014892032762472078,0.03127326880119136,0.04318689501116903,0.0052122114668652275,0.04393149664929263,0.02084884586746091,0.010424422933730455,0.08711839166046165,0.0029784065524944155,0.05658972449739389,0.023827252419955324,0.040208488458674606,0.054355919583023084,0.06701414743112435,0.008190618019359643,0.03723008190618019,0.0193596425912137,0.00967982129560685,0.04318689501116903,0.0022338049143708115,0.014892032762472078,0.0029784065524944155,0.014147431124348473,0.01340282948622487,0.0,1.0,-0.016180335454838254,-0.0035374838285732427,0.03514243367489898,-0.011086216123667303,0.020994232374182645,0.013102551671932592,0.036143985588377184,-0.01503634659035812,-0.0005652010756307506,0.030824004721399196,0.005686917931547457,-0.00035010677284663086,0.009471346933303756,0.006601225783870323,-0.005939777038271798,0.003820750169244657,0.010977851511993004,0.02906356652872513,0.060614362348253,0.010697220338693693,0.004985759119353509,-0.049792248089045685,0.005310503150090364,0.007601317193286718,0.009844080724240896,0.04145680090129207,0.012926137291841795,0.05358382013084674,0.027878212255572445,-0.030711138019976984,0.0045268846533378084,0.031483234580690966,0.011263395022527696,0.03545611464378349,-0.04330940437263762,0.004265487382678933,0.0029774143959627724,0.07137368083210197,0.00017158354763003033,0.006929189679539018,1.0,-0.0161923923366973,-0.0038059511834641693,0.03511161373086178,-0.010009582826179558,0.021007982971433862,0.012542903722395332,0.037708424516062704,-0.015481636659355069,-0.001213838377578484,0.028243177391203807,0.008028938471364449,-0.0019358568408365834,0.007219378426708999,0.006264946877204538,-0.005644916998581263,0.0018724443002187366,0.008651786738011473,0.030589621404740402,0.06237566787226522,0.011276703588944892,0.0036295369771682877,-0.0542232883607102,0.001894276137235201,0.0028776067378864308,0.010615118499357768,0.03773656345788742,0.017369144611372664,0.05536672522358657,0.028063364894295003,-0.034699386577849774,-0.0033563131718221673,0.03119390954186425,0.010933817389419743,0.03472386924106177,-0.049072174351822324,-0.0004298444877404805,-0.003456811414082716,0.06908115893386159,-0.005554767069061378,0.013324003047231534
3.4871476737078533,0.6384172629823672,0.8816083395383469,3.0,83.0,119.0,110.0,78.0,89.0,25.0,51.0,16.0,13.0,14.0,0.0,134.0,88.0,125.0,117.0,116.0,120.0,59.0,122.0,106.0,109.0,113.0,94.0,0.23793677204658903,0.3610648918469218,0.40099833610648916,0.2885648503453569,0.34382194934765925,0.36761320030698386,0.01340282948622487,0.0029784065524944155,0.010424422933730455,0.018615040953090096,0.0193596425912137,0.00967982129560685,0.0022338049143708115,0.0052122114668652275,0.0022338049143708115,0.0022338049143708115,0.039463886820551006,0.007446016381236039,0.04988830975428146,0.008190618019359643,0.017870439314966492,0.0193596425912137,0.01563663440059568,0.0029784065524944155,0.006701414743112435,0.005956813104988831,0.0022338049143708115,0.03350707371556218,0.0,0.029784065524944156,0.0193596425912137,0.010424422933730455,0.028294862248696945,0.04616530156366344,0.0022338049143708115,0.040208488458674606,0.028294862248696945,0.00967982129560685,0.08413998510796723,0.0014892032762472078,0.05584512285927029,0.027550260610573342,0.03350707371556218,0.06105733432613552,0.06329113924050633,0.011169024571854059,0.0379746835443038,0.017870439314966492,0.007446016381236039,0.04765450483991065,0.0029784065524944155,0.011913626209977662,0.005956813104988831,0.006701414743112435,0.008935219657483246,0.004467609828741623,1.0,-0.0074118825047056105,0.016161509340673806,0.025686421479078358,-0.007273487285453272,0.03686552788037783,0.05359315100967533,-0.004150153212184825,0.034305266369579375,0.023386562915272396,-0.014013464410087802,0.04257371189407295,0.03194938249253565,-0.011593273469065994,0.0186232653172304,0.022126772078743293,-0.004590560061327364,0.024122482480606878,0.06006390674947507,0.012578720221779926,0.012781931836370816,0.051068886068213706,0.007284757305486412,0.03716768640987271,0.05806057418480134,-0.013674602871277438,0.0022504205749502193,0.03161585083903721,-0.0037566400952006632,0.03486870693904889,0.025284057609202604,0.002624823185908912,0.0627542588755136,-0.01902127721727902,-0.009317750478378087,-0.004137013669501222,-0.042319922133956904,-0.009428242354882004,0.04053306667979197,-0.012228609913865552,-0.01913655847137126,1.0,-0.007417405517004201,0.01613148262436273,0.02598989347745353,-0.0071750463764544,0.03608978562623264,0.05406955308589019,-0.004099676808215421,0.030986667846124947,0.02227022313737201,-0.015138755851460035,0.03669445472919988,0.030510877141935327,-0.013375765225455,0.010696138705271205,0.021464242950186337,-0.005958404092258622,0.015102125504041155,0.05988635297271051,0.012599594902139083,0.0035279628640307514,0.049537177432995905,0.007219224081107118,0.02572180588874145,0.05259506564697239,-0.014889895430474167,-0.012420671557899532,0.024107085139804398,-0.003790041997720142,0.01841421829014793,0.0165901939087345,0.005075660739812973,0.051291122027227805,-0.026213331389665234,-0.011423414641025028,-0.021288057872874428,-0.05231211817421733,-0.01477876164072106,0.02973227055972679,-0.01620030804496928,-0.02636085028949657
3.3548616357566816,0.5792409705087773,0.8838421444527178,10.0,70.0,114.0,113.0,90.0,89.0,0.0,46.0,23.0,16.0,6.0,5.0,134.0,86.0,127.0,125.0,123.0,128.0,0.0,129.0,112.0,120.0,123.0,76.0,0.24914089347079038,0.41580756013745707,0.33505154639175255,0.3047544816835542,0.37412314886983633,0.3211223694466095,0.006701414743112435,0.0052122114668652275,0.0052122114668652275,0.00967982129560685,0.00967982129560685,0.00967982129560685,0.0,0.01712583767684289,0.0014892032762472078,0.0037230081906180195,0.0387192851824274,0.005956813104988831,0.04169769173492182,0.0037230081906180195,0.026061057334326135,0.021593447505584513,0.012658227848101266,0.0037230081906180195,0.011169024571854059,0.0007446016381236039,0.0022338049143708115,0.04690990320178704,0.0014892032762472078,0.04616530156366344,0.008935219657483246,0.010424422933730455,0.040208488458674606,0.04690990320178704,0.0014892032762472078,0.06031273268801191,0.011913626209977662,0.008935219657483246,0.10498883097542815,0.0029784065524944155,0.06254653760238273,0.016381236038719285,0.05137751303052867,0.0573343261355175,0.04988830975428146,0.004467609828741623,0.03648548026805659,0.010424422933730455,0.004467609828741623,0.04988830975428146,0.0,0.010424422933730455,0.0029784065524944155,0.008190618019359643,0.005956813104988831,0.0007446016381236039,1.0,-0.03206888242490421,-0.022642566511172614,-0.0009068406464110232,-0.013533450667219116,0.002398307614097826,0.03128077352423307,-0.0028274838423729795,0.011847764484916297,0.04385009923824402,0.04212605464184458,-0.015765752417260307,-0.0007992585801006231,0.019861422718403392,0.02757320321598566,0.039888366453149506,0.03958212996980979,0.005496329923187926,-0.0012316866651719933,-0.02529153936487936,0.039349204680537944,0.031095843064506384,0.024734215830434777,-0.008511268592998495,0.0016112747304435615,0.023237609968938845,0.011565455882894636,0.006797122667312434,-0.027599639312554415,0.06346551912804035,-0.027171361378582434,-0.02576022778164765,-0.028032859228015686,0.014256284100602347,-0.02220799389497256,0.025316236712881773,-0.022842192073725984,0.00369334865645283,0.000253740807675467,0.016413483983824632,-0.023449137950478142,1.0,-0.03209277876054126,-0.023730724008801045,-0.0024193251655387042,-0.014244130145626413,0.001418040985951636,0.030949437501676832,-0.0007526017001494658,0.013109489670822821,0.045197793972772675,0.047052437895573486,-0.0109288529499602,-1.4116409186835343e-05,0.021038160425322982,0.029571754787625776,0.04019760871684452,0.04204476018837477,0.011252384070294878,-0.0007501301004101704,-0.02911959817020575,0.036976329371951784,0.03199448044449414,0.02448617718098536,-0.011740917577206682,-0.003094080570256938,0.01940289640067411,0.008239323242809422,0.007018902099865212,-0.029415226828359654,0.05936912978429373,-0.03692548058532334,-0.034956805118890995,-0.03571574527399614,0.013171247760123997,-0.02753863220750902,0.013060804846675206,-0.029425518864471797,0.0006388448035697759,-0.005986042876047468,0.01475215583698516,-0.01736523950960578
3.474630828018454,0.6151216877370006,0.8868205510052122,5.0,105.0,122.0,115.0,95.0,83.0,31.0,49.0,9.0,11.0,7.0,2.0,134.0,109.0,129.0,122.0,117.0,123.0,99.0,119.0,110.0,110.0,111.0,99.0,0.21608832807570977,0.3627760252365931,0.42113564668769715,0.27206946454413894,0.3321273516642547,0.3958031837916064,0.014147431124348473,0.007446016381236039,0.014147431124348473,0.01563663440059568,0.012658227848101266,0.014147431124348473,0.0007446016381236039,0.005956813104988831,0.0014892032762472078,0.004467609828741623,0.034996276991809384,0.00967982129560685,0.03201787043931496,0.0052122114668652275,0.020104244229337303,0.02084884586746091,0.014147431124348473,0.005956813104988831,0.007446016381236039,0.0014892032762472078,0.0037230081906180195,0.023827252419955324,0.0037230081906180195,0.02680565897244974,0.017870439314966492,0.008935219657483246,0.028294862248696945,0.05063291139240506,0.004467609828741623,0.03350707371556218,0.028294862248696945,0.011913626209977662,0.09903201787043932,0.0029784065524944155,0.054355919583023084,0.023827252419955324,0.03201787043931496,0.06254653760238273,0.06403574087862993,0.006701414743112435,0.04244229337304542,0.029039463886820552,0.011913626209977662,0.05137751303052867,0.0007446016381236039,0.020104244229337303,0.0,0.008190618019359643,0.004467609828741623,0.0014892032762472078,1.0,0.03603276729673429,0.05074401079115686,0.03350816222725604,-0.014829402767125688,-0.042339368565184644,0.007222564069352811,-0.05391626459533291,0.014717225700230041,0.030523112916033504,-0.009459966150709273,0.012850920261708226,0.02752332938907515,0.016604376056362613,0.012110326038211825,0.01767243536911938,-0.0013417844911357282,0.009300588195032029,-0.006273634888475554,-0.03226541964945303,0.015251398130016726,-0.03265292095690051,-0.009353457188122846,0.009304814287917488,0.022213415006576,-0.00502204035935838,-0.0042518492083228766,-0.013460148672234428,-0.026755522553958144,-0.007598714890841023,0.03769556351907554,-0.026870640753064622,-0.05008940899147521,0.029600953749211137,-0.056745019856497304,0.019538112604644713,0.058321566662888895,0.006656624556220995,-0.02844691628998045,0.04428190072639398,-0.042145382335337225,1.0,0.03605961734688089,0.04958386934637966,0.030166827191077276,-0.01962099909997948,-0.04474773844640278,0.010894934187676708,-0.0496098227509909,0.020137690394601903,0.033033724346000395,-0.011658399226432237,0.008586766970958537,0.022179439981306122,0.01824849702871119,0.007253476448889071,0.01463530292974482,0.0002722176590237824,0.007392666460115313,-0.006273960798526381,-0.029623934654823,0.01922335456137084,-0.03229498231218604,-0.005857136733533031,0.009434729071901078,0.022318067198451915,-0.0076184132840708,-0.014792977339590337,-0.011355916153541964,-0.02698071949457389,-0.004543959849990628,0.04604007994758889,-0.026430092474062864,-0.05759369624287209,0.03234076210529527,-0.051247539725310286,0.02513588300455104,0.06072509599512572,0.005626157294567217,-0.040946187468865324,0.03466788024280085,-0.032605480923534776
3.477876738488989,0.655589325347948,0.8726731198808637,0.0,103.0,125.0,118.0,86.0,77.0,20.0,39.0,9.0,18.0,8.0,0.0,134.0,109.0,129.0,125.0,126.0,128.0,51.0,129.0,114.0,119.0,121.0,107.0,0.19237147595356552,0.38308457711442784,0.42454394693200664,0.28089080459770116,0.34770114942528735,0.3714080459770115,0.014147431124348473,0.006701414743112435,0.01563663440059568,0.010424422933730455,0.01340282948622487,0.01712583767684289,0.0007446016381236039,0.014892032762472078,0.0037230081906180195,0.0022338049143708115,0.044676098287416234,0.008190618019359643,0.035740878629932984,0.008190618019359643,0.01712583767684289,0.02084884586746091,0.018615040953090096,0.0037230081906180195,0.012658227848101266,0.0052122114668652275,0.0007446016381236039,0.034996276991809384,0.0029784065524944155,0.035740878629932984,0.011913626209977662,0.01340282948622487,0.026061057334326135,0.03723008190618019,0.0022338049143708115,0.04095309009679821,0.018615040953090096,0.011913626209977662,0.10722263588979895,0.0029784065524944155,0.05286671630677588,0.023827252419955324,0.034996276991809384,0.06031273268801191,0.06180193596425912,0.005956813104988831,0.03052866716306776,0.0193596425912137,0.007446016381236039,0.04839910647803425,0.0022338049143708115,0.01340282948622487,0.0014892032762472078,0.011169024571854059,0.0037230081906180195,0.0014892032762472078,1.0,0.04200907901683661,0.01707743887241953,-0.014052911721700891,-0.02026616058441854,0.018706099962190328,0.016300534882527883,-0.04271839469719996,0.027054782287841153,-0.023591043424547768,0.049074712169895764,0.0004165780987661937,-0.025702029823519715,0.038439357216372934,0.0509303132536941,-0.03223682467900563,-0.030038752431178692,-0.0013405101260385844,0.0030565637007153187,0.021916767571219357,0.004063630536202498,-0.0021683258767153,0.005627196096613814,0.0413298466079252,0.012546890973310756,-0.011033381617587141,-0.016047578907219803,0.04685641474117375,0.002903413369774228,-0.02153067643065639,0.024229234497902808,0.0336712609240026,0.015420327902741832,0.024225091369408792,-0.009477448628591107,-0.005318790481803912,0.02581015417465435,0.03340734330092896,0.004094678688038876,0.024681540523459097,-0.04784255093941247,1.0,0.04204038235440507,0.015362666712513564,-0.015469177287579246,-0.01940721362220317,0.020967432646085447,0.015228336741017277,-0.045665768777889734,0.030685979575858335,-0.02349936851753103,0.04975784061894804,-0.0048439785255906,-0.025599908878303584,0.04236925714797149,0.04916365409396488,-0.03837268382346843,-0.03402964758982667,0.01317892673893114,0.0008025822807041001,0.016450054347302408,0.002911557510866143,0.0005326193400656875,0.006362707043253139,0.04051426072151328,0.0027282483875657967,-0.010483097761268944,-0.008098574712434145,0.04488007452822343,-0.0036073865673407306,-0.022066276652226515,0.032946273504643284,0.033750845622150555,0.007852445998207443,0.014426107509386199,-0.004128919975445451,-0.0025384744384099917,0.025585205486012386,0.025350053265630782,0.000752667919451996,0.035611296955758494,-0.053156181493350066
3.4763989187446405,0.6158408979052871,0.8726731198808637,13.0,105.0,113.0,117.0,88.0,87.0,26.0,41.0,40.0,6.0,12.0,14.0,134.0,106.0,119.0,123.0,113.0,127.0,95.0,123.0,124.0,114.0,117.0,103.0,0.21299093655589124,0.37915407854984895,0.4078549848942598,0.27467811158798283,0.33905579399141633,0.38626609442060084,0.016381236038719285,0.006701414743112435,0.011913626209977662,0.007446016381236039,0.010424422933730455,0.00967982129560685,0.0014892032762472078,0.008935219657483246,0.006701414743112435,0.005956813104988831,0.0379746835443038,0.011169024571854059,0.03052866716306776,0.008935219657483246,0.027550260610573342,0.024571854058078928,0.017870439314966492,0.0029784065524944155,0.007446016381236039,0.0022338049143708115,0.0014892032762472078,0.024571854058078928,0.0,0.023827252419955324,0.021593447505584513,0.014892032762472078,0.02084884586746091,0.049143708116157855,0.006701414743112435,0.04318689501116903,0.027550260610573342,0.01340282948622487,0.10573343261355175,0.0052122114668652275,0.05658972449739389,0.01712583767684289,0.03648548026805659,0.055100521221146684,0.08116157855547282,0.006701414743112435,0.03201787043931496,0.012658227848101266,0.005956813104988831,0.039463886820551006,0.004467609828741623,0.01563663440059568,0.0022338049143708115,0.008190618019359643,0.00967982129560685,0.0014892032762472078,1.0,0.0168602303404177,0.006002202763176178,-0.015910907029531116,-0.00915506736836838,0.016866939036002067,0.002921034125614573,0.01591681016015526,-0.01104968753768281,0.061521565533900716,0.02697024282011477,0.05849154821279939,-0.02650740938339741,0.0010875909198078937,-0.04067268184629911,0.023838454648754,0.0142985914053042,-0.015728029373967015,0.06099400213932802,-0.01663804468288509,0.03075343455983026,-0.03580146758510624,-0.0011425765607977628,0.026211200265606423,-0.029941766107005156,-0.04145841508719805,0.004282716121537427,0.008950048341308263,0.0060301704141246795,-0.042269752119345354,0.005667000595986332,-0.022221187613323572,-0.018137019924659832,0.042659112405087206,-0.004780807777944611,-0.011583407946214644,0.011152592628895624,-0.015092511354499865,-0.03107103575019345,0.0037901035419678477,0.009046617327885087,1.0,0.016872793850358392,0.005728094159816849,-0.016149148655516428,-0.008682019686227591,0.017434149471435817,0.002211520312112676,0.015425333085123756,-0.011222765590233646,0.06259142258085164,0.025540110156958205,0.0575539473168466,-0.027865406857303165,0.0038762094930071484,-0.04141735966017064,0.025272735560408134,0.009119888977654554,-0.016384328994913423,0.05764214274742163,-0.017848100921848596,0.022586840393705454,-0.03554960402506012,-0.0025625607328905783,0.03386139358844482,-0.03349381950153899,-0.043307969545125675,0.006130302505428909,0.0019509587375138274,0.004709090111277813,-0.05332741817603816,0.017606599043585407,-0.02562869161587927,-0.011018935599148644,0.03961686150615063,-0.0010489521827953504,-0.0076509291442492765,0.013986411940586186,-0.013567943515969643,-0.036406128406517836,0.008543867040010688,0.019419157924380776
3.4931298728300035,0.6056407411556008,0.8786299329858526,6.0,112.0,117.0,120.0,98.0,82.0,32.0,35.0,13.0,10.0,2.0,2.0,132.0,113.0,122.0,122.0,115.0,126.0,101.0,120.0,119.0,121.0,120.0,111.0,0.19554848966613672,0.383147853736089,0.42130365659777425,0.26582278481012656,0.33544303797468356,0.3987341772151899,0.018615040953090096,0.0052122114668652275,0.01563663440059568,0.01712583767684289,0.014147431124348473,0.01712583767684289,0.0022338049143708115,0.006701414743112435,0.0052122114668652275,0.0014892032762472078,0.039463886820551006,0.016381236038719285,0.040208488458674606,0.0052122114668652275,0.021593447505584513,0.02531645569620253,0.016381236038719285,0.0007446016381236039,0.0052122114668652275,0.0029784065524944155,0.004467609828741623,0.021593447505584513,0.0,0.034996276991809384,0.012658227848101266,0.012658227848101266,0.03276247207743857,0.04393149664929263,0.0022338049143708115,0.03350707371556218,0.023827252419955324,0.014147431124348473,0.0967982129560685,0.0029784065524944155,0.06031273268801191,0.014892032762472078,0.03425167535368578,0.06626954579300075,0.06105733432613552,0.007446016381236039,0.03276247207743857,0.018615040953090096,0.008935219657483246,0.035740878629932984,0.0029784065524944155,0.018615040953090096,0.0037230081906180195,0.011169024571854059,0.008190618019359643,0.0014892032762472078,1.0,0.022585644896908643,-0.012912709040630894,0.030836428550586666,0.002996876067836725,0.033564076982921534,0.019829615457422723,-0.006926685613963139,-0.0017331782840521823,-0.003516649845845637,0.021099604873969734,0.02313265287766345,-0.055612017652891,-0.05167025804829574,0.019143913854687868,0.004753447119053756,-0.03379977971670879,0.015329872060255075,-0.021953962971868888,0.017338660425631845,-0.021509282181290692,0.038267467384600205,-0.04348624546384534,-0.004195313488166769,0.03633992569457215,0.01032818908855473,-0.03207431123287788,-0.022399373096345928,0.034763165296318274,-0.016209563762806686,-0.013835349605788987,0.00835103285298284,-0.007174096987106323,-0.02970980245372363,0.0504632467816959,-0.005643141557787943,0.03825730008721629,0.006487581290897506,0.043848322925549285,0.01887490789060971,-0.015656210532706542,1.0,0.022602474736623187,-0.013449710311604624,0.03152749456334052,0.0013912628337367445,0.03449091682175976,0.017471301629541743,-0.006997347143630236,-0.0030219396057753374,-0.004952466559670751,0.020664258338082234,0.021230007396105966,-0.056340804620146505,-0.05018405508082284,0.019075448313541105,0.004902608310723265,-0.0331777576897183,0.01933550424273528,-0.018516674009209436,0.021450479973829796,-0.02666223950744388,0.042937930274994755,-0.04691755227674158,0.005811151646163638,0.03165357526356288,0.005559728615632168,-0.03382930972614744,-0.018984274416833126,0.03471985137307555,-0.021766496098208868,-0.012070179007864217,0.007955838439088168,-0.005309778002310409,-0.026860552676260283,0.050320664803236416,-0.012597870784313197,0.045966669379907676,0.01305004144868494,0.03961990702003461,0.00928181422779768,-0.016303793650852237
3.472069264356796,0.6210508841326473,0.8786299329858526,1.0,107.0,116.0,111.0,95.0,77.0,46.0,47.0,11.0,9.0,4.0,14.0,134.0,111.0,122.0,117.0,116.0,124.0,103.0,125.0,110.0,111.0,111.0,109.0,0.19592476489028213,0.3542319749216301,0.4498432601880878,0.27494615936826994,0.32591529073941133,0.39913854989231873,0.01563663440059568,0.010424422933730455,0.014147431124348473,0.0193596425912137,0.012658227848101266,0.017870439314966492,0.0022338049143708115,0.008935219657483246,0.0007446016381236039,0.0022338049143708115,0.044676098287416234,0.006701414743112435,0.03648548026805659,0.006701414743112435,0.01563663440059568,0.017870439314966492,0.011169024571854059,0.004467609828741623,0.006701414743112435,0.008935219657483246,0.0022338049143708115,0.024571854058078928,0.0014892032762472078,0.026061057334326135,0.016381236038719285,0.008935219657483246,0.024571854058078928,0.045420699925539834,0.0052122114668652275,0.03127326880119136,0.02308265078183172,0.008190618019359643,0.09903201787043932,0.0014892032762472078,0.05212211466865227,0.01712583767684289,0.03425167535368578,0.06478034251675353,0.07520476545048399,0.010424422933730455,0.03648548026805659,0.02531645569620253,0.007446016381236039,0.05361131794489948,0.004467609828741623,0.018615040953090096,0.0022338049143708115,0.012658227848101266,0.0029784065524944155,0.0007446016381236039,1.0,0.055352186920164574,-0.004890004394719448,0.054252864734082966,0.0055831767225740505,-0.0024901159101965477,0.01842217231411672,0.01678559970702623,-0.005439866632677863,0.009175111832471702,-0.01879626328512582,-0.018016520266598942,0.02940896917152209,-0.016985990254651806,-0.041751799951877555,0.03834972421323443,0.011205039399164313,0.009896627530466454,0.0029789115308711694,-0.010325942425292762,0.014760623917955176,0.014526522461840103,0.04863180112634346,-0.042043332108927155,0.014912846840182115,-0.013506024590928103,-0.002630114609790065,-0.030931101648290795,-0.0017516685249517616,-0.0007554090758462733,-0.00513195938116393,-0.02316597527555817,0.016623827146641047,-0.06402881082480558,-0.03552214591337169,0.01482036548926732,0.04102903452244651,0.023261794346247328,0.02615233069916401,-0.0005777996443836064,0.020353692561819684,1.0,0.05539343296108869,-0.00799024741554086,0.05526346894145404,-0.0005792549546460473,-0.0019211297501585494,0.015903925606258484,0.01471498092109895,-0.0067163926725744335,0.008417572628820114,-0.021975093716417773,-0.015135418828059818,0.030270489105761803,-0.01939610645104851,-0.03802473983508818,0.04006689122902554,0.008295110386303556,0.015497658577131894,-0.0030552996263080896,-0.012191578294598503,0.017475633484445013,0.011657597298429623,0.049007183377432546,-0.04984114174990289,0.015993757776683114,-0.02024294371510136,0.00797641162275823,-0.03798579373758337,0.001718099212524262,0.00043752530426393823,-0.0001848272152577954,-0.022814851057794572,0.02114042770978231,-0.07055006269266645,-0.02540376115688595,0.019947694583404417,0.048813561865853554,0.015299887544921113,0.025945346097116524,-0.008151345464299931,0.02556607373830925
3.4875736468242318,0.6329652028074279,0.8823529411764706,0.0,107.0,123.0,118.0,99.0,66.0,30.0,15.0,13.0,2.0,12.0,2.0,134.0,109.0,129.0,125.0,125.0,126.0,105.0,125.0,113.0,117.0,118.0,109.0,0.13798977853492334,0.39522998296422485,0.46678023850085176,0.2682926829268293,0.3344947735191638,0.397212543554007,0.010424422933730455,0.00967982129560685,0.008935219657483246,0.011169024571854059,0.020104244229337303,0.010424422933730455,0.0022338049143708115,0.004467609828741623,0.0029784065524944155,0.0014892032762472078,0.04765450483991065,0.010424422933730455,0.03127326880119136,0.008935219657483246,0.01712583767684289,0.022338049143708117,0.008935219657483246,0.0014892032762472078,0.00967982129560685,0.005956813104988831,0.0052122114668652275,0.02531645569620253,0.0022338049143708115,0.026061057334326135,0.016381236038719285,0.01563663440059568,0.026061057334326135,0.039463886820551006,0.004467609828741623,0.029039463886820552,0.02680565897244974,0.011913626209977662,0.11392405063291139,0.0014892032762472078,0.05956813104988831,0.02308265078183172,0.039463886820551006,0.06105733432613552,0.06105733432613552,0.017870439314966492,0.03425167535368578,0.021593447505584513,0.00967982129560685,0.04095309009679821,0.0022338049143708115,0.014892032762472078,0.0037230081906180195,0.008935219657483246,0.008935219657483246,0.0029784065524944155,1.0,-0.03211300338148346,0.0377655587385552,0.0449053527969821,0.02743873984512142,-0.03199412354201298,0.03718961740887616,0.02068401378231034,-0.01618809696398103,0.003765417453810335,-0.013685468571779413,-0.008665056863263052,-0.05023905573197238,0.03917599831406122,-0.034537758483822574,-0.014836237647043544,0.030534876073746962,-0.002989644740341581,-0.019879155490166753,0.021380109731991684,-0.00023939996551479887,-0.021025032318973576,-0.0045236767259376936,0.0060581595124869795,-0.006780018099666297,0.025244908259299686,0.0017747780924903195,-0.013900625832758856,0.007718038276193372,0.007438031762302744,-0.03169258005374173,0.009697494792394942,0.0033220331225258227,0.01101722316003204,-0.03954099108469517,-0.058301171085752605,0.025584309443311533,0.029132275561629586,0.012575629005933906,0.024289075287262856,-0.00835147593680312,1.0,-0.03213693259413732,0.03682713519280261,0.04747346359396813,0.029205073925768626,-0.03392797675081921,0.031043530216933693,0.02309221979859335,-0.015295859417015504,-0.0003657045442941232,-0.01752904116293435,-0.00738157741005092,-0.04952137070703218,0.036120454744813076,-0.02664247764598461,-0.015429798630109634,0.03210729015250467,-0.0009394896703920287,-0.014079552338648363,0.016276106985019294,-0.001112365688481724,-0.01625234525054112,-0.010936097779582233,0.004184056844922457,-0.003860831945985356,0.028871208784116132,-0.002109994546842583,-0.013697976315690743,0.009278822511153384,0.004018314008449831,-0.029826210770728657,0.00941216799276923,-0.0005907321390563264,0.014398709678271268,-0.037524383449477346,-0.06842189069788238,0.025998043528221833,0.045769563529005436,0.0187024150895355,0.020851366530654652,-0.012808576743239194
3.481830826612711,0.6121975059081085,0.8763961280714817,1.0,111.0,122.0,115.0,102.0,80.0,29.0,24.0,7.0,2.0,8.0,0.0,134.0,110.0,129.0,121.0,119.0,118.0,109.0,114.0,113.0,110.0,112.0,110.0,0.17470881863560733,0.37603993344425957,0.4492512479201331,0.26161543959971406,0.3309506790564689,0.40743388134381703,0.024571854058078928,0.007446016381236039,0.018615040953090096,0.014147431124348473,0.012658227848101266,0.017870439314966492,0.0,0.0037230081906180195,0.0037230081906180195,0.004467609828741623,0.03648548026805659,0.008935219657483246,0.03276247207743857,0.004467609828741623,0.03201787043931496,0.02680565897244974,0.01712583767684289,0.0022338049143708115,0.010424422933730455,0.0029784065524944155,0.0014892032762472078,0.0193596425912137,0.0052122114668652275,0.02680565897244974,0.011913626209977662,0.020104244229337303,0.02531645569620253,0.04839910647803425,0.0014892032762472078,0.03127326880119136,0.02680565897244974,0.006701414743112435,0.11094564408041697,0.0037230081906180195,0.049143708116157855,0.026061057334326135,0.029784065524944156,0.06105733432613552,0.06478034251675353,0.007446016381236039,0.035740878629932984,0.021593447505584513,0.005956813104988831,0.039463886820551006,0.0029784065524944155,0.01340282948622487,0.0037230081906180195,0.008935219657483246,0.006701414743112435,0.0022338049143708115,1.0,0.014361026608719348,-0.020911457530784223,-0.03924634488466417,-0.013211010431514734,0.03472237575235622,0.0031025074658009282,-0.018598057492230986,0.0006603132518049486,-0.004102781602885698,0.055581471711131356,0.06249711858075503,0.005279770728037494,0.0009407016265649904,-0.019858893180697525,0.011957045951285798,0.02298285628648667,-0.0020186458711012817,0.0444853438123643,-0.014003954617725328,0.0029340228257326573,0.008884560880832523,0.0005875025263823465,-0.02085015926679733,-0.02807246817044255,0.0017970581543443765,-0.04873443646259587,-0.01990504941323155,0.0021124153753602853,0.007404179649654899,0.017158229430907338,0.0019436965621539932,0.018915670923581783,-0.0020828899247732255,-0.025145427617541773,-0.010991117702284047,0.026952181427768177,-0.029368189645218624,-0.03172857074890857,-0.04466702896192718,0.02150993317347989,1.0,0.014371727820797382,-0.021153561142760312,-0.038748186268505944,-0.012606841521061897,0.03366056518825213,0.00013034234178509123,-0.018432984853137494,0.003723780929066984,-0.0038912305922296202,0.053846651093969855,0.061291252550499366,0.006957823673649306,0.007224245402789181,-0.013944797426652542,0.011331285638369291,0.01865174471367782,-0.0018448577730981125,0.04834532492713543,-0.012372283489223916,0.0023617676882772224,0.0033170100769867564,-0.0031142240560877877,-0.02497916448584498,-0.026098914341388613,0.003975329827727891,-0.05827445324352479,-0.023955771444751067,-0.0040569067708777105,-4.226071798166481e-06,0.01496052679412039,0.0019338026806271806,0.023092756531026312,-0.0021525700812105412,-0.020985868384252718,-0.005966531077788433,0.031213495061631187,-0.0245374539463146,-0.029733361651066582,-0.041120935046511445,0.01862905796237842
3.47011987286839,0.6034087977769598,0.8756515264333582,2.0,115.0,125.0,121.0,98.0,90.0,21.0,34.0,4.0,15.0,2.0,1.0,134.0,117.0,129.0,125.0,123.0,130.0,108.0,127.0,125.0,125.0,127.0,115.0,0.20063694267515925,0.37898089171974525,0.42038216560509556,0.2632996632996633,0.33535353535353535,0.40134680134680134,0.01563663440059568,0.004467609828741623,0.014892032762472078,0.008935219657483246,0.01563663440059568,0.012658227848101266,0.0022338049143708115,0.008190618019359643,0.0037230081906180195,0.0029784065524944155,0.034996276991809384,0.010424422933730455,0.034996276991809384,0.005956813104988831,0.023827252419955324,0.02680565897244974,0.014147431124348473,0.0022338049143708115,0.01340282948622487,0.0037230081906180195,0.0007446016381236039,0.02531645569620253,0.0,0.03127326880119136,0.008935219657483246,0.00967982129560685,0.040208488458674606,0.04616530156366344,0.004467609828741623,0.03425167535368578,0.023827252419955324,0.011913626209977662,0.09456440804169769,0.006701414743112435,0.06031273268801191,0.021593447505584513,0.04988830975428146,0.06329113924050633,0.06254653760238273,0.008190618019359643,0.034996276991809384,0.01340282948622487,0.005956813104988831,0.04393149664929263,0.0037230081906180195,0.01340282948622487,0.0014892032762472078,0.00967982129560685,0.00967982129560685,0.03648548026805659,1.0,-0.011330190412896035,-0.05621214072998082,-0.015538032892666588,0.001104883103220424,-0.0034333608324995423,-0.04791293511885592,-0.02415571141733179,0.009092298559925844,-0.07155482372001747,0.055252652932924806,-0.02757193158853014,-0.04941853171897045,0.05047890982406197,0.04000855977023524,0.011106439793630365,0.00457786926372993,-0.017657671646473253,-0.008473753858729513,-0.009177348537221634,0.0001283658617762074,0.007635370871458132,-0.013290006950375454,0.02250876927523539,0.010092996137818451,0.0026868097648690783,-0.01805415526203795,-0.01597818557656407,-0.006874794499901921,0.0066739781737526534,-0.04469266655342985,-0.04981880164605505,-0.04171092874805376,-0.005315568337329965,0.012688836671781646,-0.021365884201705064,-0.007053764410195721,0.015624427743412026,-0.005492049093382109,0.0611859901282525,0.018268086325853184,1.0,-0.011338633177734245,-0.056431796617025375,-0.016943147531598396,-0.0024826000004792388,-0.005318925388362353,-0.048759862892415094,-0.026224531037856796,0.0028282324680347997,-0.07689804215547931,0.053795038907020774,-0.036050701123080744,-0.05026738461043577,0.046374128611324034,0.034087083079016624,0.00914794205599205,0.012338191864952625,-0.0149912504368566,-0.0201667858553719,0.00040333033817849956,-0.0027480607455989377,0.0048642507081794305,-0.0014667001572690609,0.019649682224035438,0.005903399157391976,0.011523048280781108,-0.01830900453074175,-0.018063685753466466,-0.011252418294617839,0.002002161223721413,-0.046159564109459386,-0.05249449736392862,-0.045929481697547264,-0.01797706892562401,0.004204348323021209,-0.0274311972126193,-0.014568167383330673,0.0024782829506403464,-0.017268149352079414,0.05376731714453927,0.020662122833769562
3.474212054028997,0.6340998798172166,0.8793745346239762,10.0,115.0,118.0,114.0,104.0,83.0,64.0,16.0,22.0,14.0,0.0,5.0,133.0,115.0,124.0,118.0,119.0,126.0,101.0,117.0,117.0,119.0,115.0,109.0,0.16390977443609023,0.3819548872180451,0.45413533834586467,0.26610049539985847,0.3347487615003539,0.3991507430997877,0.011913626209977662,0.007446016381236039,0.021593447505584513,0.016381236038719285,0.011169024571854059,0.016381236038719285,0.0022338049143708115,0.0029784065524944155,0.0037230081906180195,0.0022338049143708115,0.04393149664929263,0.01712583767684289,0.034996276991809384,0.008190618019359643,0.017870439314966492,0.02308265078183172,0.021593447505584513,0.0007446016381236039,0.010424422933730455,0.004467609828741623,0.0014892032762472078,0.02531645569620253,0.0014892032762472078,0.03201787043931496,0.014147431124348473,0.01712583767684289,0.017870439314966492,0.04169769173492182,0.0029784065524944155,0.04095309009679821,0.021593447505584513,0.014892032762472078,0.10201042442293373,0.0007446016381236039,0.07520476545048399,0.02308265078183172,0.028294862248696945,0.055100521221146684,0.05956813104988831,0.007446016381236039,0.03276247207743857,0.018615040953090096,0.005956813104988831,0.04244229337304542,0.0029784065524944155,0.016381236038719285,0.0007446016381236039,0.008935219657483246,0.006701414743112435,0.0029784065524944155,1.0,0.055138322341866504,0.0035916071369945083,-0.02712082926516284,-0.012166289473111108,-0.025517230405798716,0.013643226922319148,-0.025772412919941347,0.024245683585096052,0.04265055696856319,-0.01920047046525478,-0.016306302319748653,0.040133121064323804,0.02666935594099426,0.005174618343988228,-0.00393379250249702,-0.009274827162334952,-0.0067048548768566885,-0.00395467935755408,0.0005811585859735473,0.017359148765884888,-0.029939296446685436,-0.02156051831631893,-0.017504518632077255,0.005844009149526584,-0.04036032945274124,0.008392327972141005,-0.016811975266341733,0.018491089238644624,-0.012865734367261275,0.024026249453251564,-0.006731286211114669,-0.0015947708215059194,-0.018736077382932113,0.014232700000202988,-0.03328164320770588,0.012563741341682602,0.010158351093200754,0.03679546042145673,-0.008787310458297904,-0.028404627641263783,1.0,0.055179409020213656,0.0005538830121883302,-0.027494200726146556,-0.009228578110648552,-0.024374112127270593,0.01583463819459414,-0.028076471637058713,0.02597231756911534,0.040816225540040496,-0.02608367063618745,-0.012694504468706883,0.04376411104457408,0.024254126393482425,0.0013273444863381092,-0.0037263294036596222,-0.00500806444462407,-0.006056616613023154,-0.005157671635127051,0.005060710626314097,0.01705452400580877,-0.03876355781115402,-0.0195864449407501,-0.012314461322441466,0.006247494582820428,-0.04487218064210247,0.009361606307962643,-0.016848645451396943,0.015946498715799718,-0.015170003305699288,0.028303716214375316,-0.00525497605675682,-0.00788212646898477,-0.01410518381454934,0.02171638879880434,-0.033335754783742726,0.013909593955487945,0.012937651134919969,0.036132813778237884,-0.01475204174044106,-0.030775136138640146
3.4815931731841196,0.6229205703182699,0.8845867460908414,4.0,109.0,118.0,113.0,97.0,86.0,25.0,52.0,18.0,18.0,9.0,4.0,134.0,112.0,128.0,127.0,125.0,130.0,91.0,127.0,111.0,118.0,117.0,103.0,0.21745788667687596,0.3767228177641654,0.4058192955589586,0.2747716092761771,0.33801827125790584,0.3872101194659171,0.01340282948622487,0.008190618019359643,0.016381236038719285,0.014892032762472078,0.011913626209977662,0.016381236038719285,0.0014892032762472078,0.006701414743112435,0.0037230081906180195,0.0037230081906180195,0.0387192851824274,0.012658227848101266,0.034996276991809384,0.004467609828741623,0.02084884586746091,0.028294862248696945,0.012658227848101266,0.0022338049143708115,0.011169024571854059,0.008190618019359643,0.0029784065524944155,0.027550260610573342,0.0,0.028294862248696945,0.01340282948622487,0.008190618019359643,0.02680565897244974,0.045420699925539834,0.0022338049143708115,0.04393149664929263,0.022338049143708117,0.017870439314966492,0.10573343261355175,0.0007446016381236039,0.054355919583023084,0.023827252419955324,0.04690990320178704,0.06403574087862993,0.05286671630677588,0.0037230081906180195,0.03127326880119136,0.014147431124348473,0.008935219657483246,0.044676098287416234,0.0022338049143708115,0.010424422933730455,0.004467609828741623,0.008190618019359643,0.008190618019359643,0.0052122114668652275,1.0,0.03194292757925791,8.181834149013865e-05,-0.008762309583610656,-0.024387671379270393,0.0442245969781806,0.014227177938029864,-0.03820539742503034,0.009937043159761409,-0.015072358502438434,-0.0019872962547041167,0.036976628007098576,0.008753310657199111,-0.01730799944002766,0.002521913665340583,0.013861479718609489,-0.04814205668898684,0.01338884750493562,0.005419030760921419,-0.0009229501297842762,0.05241703687364033,-0.008982900528379339,0.039096943930166585,-0.04895248159933826,0.00610748891659902,-0.008045314473196901,-0.012779508221441633,-0.046148913025697756,-0.02879500054915314,-0.052002841185736386,0.01024437082061625,-0.00938406843396556,-0.004103909888652653,-0.0010722421608633942,0.01193790728436031,-0.006108024032590611,-0.007784637768058621,-0.06236386547276125,0.01828813283158677,-0.023187885728851557,0.003424941069490863,1.0,0.03196673005882515,-0.000940892935286369,-0.008763434110907558,-0.02392571684555915,0.04600361746669982,0.011328360219744189,-0.039804260783185594,0.012738949277591857,-0.013433148946058253,-0.003161989195054944,0.03474729167598282,0.01016794847641581,-0.01911978329021567,0.0037342588302919423,0.017487338647636626,-0.0545076106997341,0.014646297973320304,0.009498877412818787,-0.0019568580631311116,0.04948487204083781,-0.00635764583598048,0.04006699947584678,-0.05854626763195023,0.01670746994066155,-0.014595555891010428,-0.014039283981497013,-0.04436650230719429,-0.02382001210507049,-0.05025561438905222,0.008725485792639045,-0.00988765853255581,-0.007617937566659376,-1.4214828265814564e-06,0.01845036807109378,-0.009678064839337634,-0.007835789648104018,-0.06481838644541922,0.030724592389086466,-0.03377249082671764,0.007426913653594401
3.507936665825295,0.6423131308341226,0.8942665673864483,12.0,108.0,123.0,115.0,101.0,92.0,26.0,46.0,10.0,8.0,12.0,1.0,134.0,111.0,127.0,123.0,121.0,130.0,103.0,126.0,122.0,120.0,123.0,115.0,0.22935779816513763,0.3577981651376147,0.41284403669724773,0.26804123711340205,0.334020618556701,0.3979381443298969,0.017870439314966492,0.005956813104988831,0.014147431124348473,0.01340282948622487,0.00967982129560685,0.018615040953090096,0.0007446016381236039,0.008190618019359643,0.005956813104988831,0.0014892032762472078,0.03648548026805659,0.014147431124348473,0.03052866716306776,0.005956813104988831,0.02084884586746091,0.03052866716306776,0.01712583767684289,0.0014892032762472078,0.010424422933730455,0.0052122114668652275,0.005956813104988831,0.02308265078183172,0.0014892032762472078,0.03350707371556218,0.012658227848101266,0.010424422933730455,0.03127326880119136,0.044676098287416234,0.0022338049143708115,0.03052866716306776,0.034996276991809384,0.016381236038719285,0.10424422933730454,0.0052122114668652275,0.05584512285927029,0.02308265078183172,0.039463886820551006,0.05286671630677588,0.058823529411764705,0.006701414743112435,0.03052866716306776,0.01712583767684289,0.00967982129560685,0.04244229337304542,0.004467609828741623,0.018615040953090096,0.0007446016381236039,0.005956813104988831,0.005956813104988831,0.0022338049143708115,1.0,0.018487255061558322,0.07788751935566861,-0.0072676834456307455,0.016894794660753703,-0.03751845055328105,0.04042063308629535,-0.04970967467242572,-0.04056671054283459,0.01637158357517422,-0.0596002785520106,-0.03413986272035484,-0.02956311735903721,-0.0022774604517461433,0.0029195323197374963,-0.032472857939127214,-0.030633485092950195,-0.015346055767201244,0.041346089627810646,-0.0035244599243821613,-0.008182702788530205,0.030874726105581812,0.022529054172993432,0.054646830145540976,0.03569071786992868,0.012820822442125367,0.016865797970377246,0.00020341527967833144,0.026664907693621866,0.041394509627788366,-0.04717673420038168,-0.0036587748387300737,0.014748037392847095,-0.03519784535772481,-0.01771377707620454,0.002038547688815261,-0.03892234990007663,-0.030452477331018444,-0.033494564033937836,-0.02796437534421402,-0.024908885691073607,1.0,0.018501030959517755,0.07768798622574861,-0.01011679656949881,0.01126198485890433,-0.0370504939780861,0.04001570133891125,-0.045955913154544004,-0.04627585538229726,0.027417226017310458,-0.05821725394904971,-0.03222006009068164,-0.023652814865144943,0.003067704831896303,0.010995590061371756,-0.0440683483534543,-0.02728361524117951,-0.011696559042977664,0.04037493000666606,-0.0050801767054333155,-0.022013058158474284,0.03403849517117468,0.017454876409088493,0.04736908633885642,0.027285057970728166,0.003858440661982027,0.015690273906101056,-0.01316206564654564,0.03237317128915024,0.04905391991650083,-0.05395243156581231,-0.0008841221175511918,0.023400879925381625,-0.024427766540771167,-0.008413719108627744,0.005412260079236384,-0.02628406048631094,-0.0302151200984115,-0.029857808651982884,-0.009544377363238595,-0.020406344010135486
3.4565040014858015,0.6057245914306282,0.8823529411764706,10.0,99.0,118.0,114.0,85.0,82.0,14.0,44.0,41.0,15.0,15.0,20.0,134.0,106.0,129.0,125.0,117.0,128.0,63.0,125.0,117.0,119.0,123.0,110.0,0.2070015220700152,0.3881278538812785,0.4048706240487062,0.27722063037249284,0.3424068767908309,0.38037249283667623,0.011913626209977662,0.005956813104988831,0.01563663440059568,0.012658227848101266,0.00967982129560685,0.008190618019359643,0.0022338049143708115,0.0052122114668652275,0.0052122114668652275,0.004467609828741623,0.04095309009679821,0.008190618019359643,0.04393149664929263,0.004467609828741623,0.02308265078183172,0.01563663440059568,0.01563663440059568,0.0022338049143708115,0.008935219657483246,0.0014892032762472078,0.0007446016381236039,0.029784065524944156,0.0029784065524944155,0.03425167535368578,0.008190618019359643,0.00967982129560685,0.0387192851824274,0.0379746835443038,0.006701414743112435,0.039463886820551006,0.024571854058078928,0.005956813104988831,0.09381980640357408,0.004467609828741623,0.06552494415487714,0.02531645569620253,0.03276247207743857,0.06626954579300075,0.06552494415487714,0.00967982129560685,0.04244229337304542,0.014147431124348473,0.012658227848101266,0.04393149664929263,0.004467609828741623,0.0193596425912137,0.0052122114668652275,0.005956813104988831,0.0022338049143708115,0.0014892032762472078,1.0,0.02222971087461735,0.0021615090548052864,0.01452079152508608,-0.0059566076086564,-0.02046735524437737,0.016888843678106575,-0.006656510158615511,0.009906756741016855,0.042621231544286695,0.01747863771754849,0.023963316503305302,0.040389806610899984,-0.01441031215696484,-0.005269303972550025,0.009467142956742648,-0.005440823906978812,-0.07054722233207184,-0.048157749689713425,0.0006845163987543129,-0.039827634291680715,0.0005964653784408381,-0.0007663905568742977,-0.025928785994136283,0.007755320260695209,-0.0373778356976157,-0.04816226554694736,-0.0680420013570602,-0.02760673293113911,-0.014347097668458961,-0.008291525717840425,-0.005242615201659198,-0.0009895833174683108,-6.0686100199775365e-05,-0.04419124389297074,0.007978502093625028,-0.004437267521883609,0.021649171200801547,-0.005325638130478994,0.004998880481291264,0.021743815017527476,1.0,0.02224627548778771,0.0016706628145136565,0.014475262089926229,-0.006626892970174837,-0.020329987972745652,0.017702524387821057,-0.007220309763956339,0.010788289566851867,0.04178134756461789,0.015708836346697286,0.023695594245697924,0.038151798421616145,-0.015683735152248603,-0.003910875302701286,0.008427069724187298,-0.0041999454769850175,-0.07151666544522202,-0.050383808517029255,0.0019644128574839385,-0.04193581281929814,-0.0019369869676483641,-0.004350267379236023,-0.026326991319368213,0.008183670205924866,-0.037933009813978895,-0.03939360253767971,-0.06425009216498465,-0.020353650306384596,-0.001381351863995968,-0.007212288328858378,-0.00541343133791838,0.003681746274830394,0.001002965845409493,-0.047028040700800286,0.010843085079199661,1.5979839955284506e-05,0.027734291770678994,-0.0036044656258690895,0.00927390817117468,0.020209363665778305
3.4582840351647386,0.6171064983706003,0.8808637379002234,3.0,100.0,123.0,113.0,87.0,77.0,24.0,52.0,17.0,4.0,5.0,0.0,134.0,103.0,127.0,122.0,115.0,122.0,59.0,121.0,110.0,113.0,122.0,103.0,0.21818181818181817,0.3652892561983471,0.41652892561983473,0.27905255366395265,0.3404885270170244,0.3804589193190229,0.014147431124348473,0.007446016381236039,0.007446016381236039,0.00967982129560685,0.014892032762472078,0.011913626209977662,0.0,0.00967982129560685,0.0037230081906180195,0.0037230081906180195,0.03723008190618019,0.008190618019359643,0.03127326880119136,0.0037230081906180195,0.018615040953090096,0.023827252419955324,0.01340282948622487,0.0007446016381236039,0.00967982129560685,0.0052122114668652275,0.006701414743112435,0.03350707371556218,0.0014892032762472078,0.028294862248696945,0.0193596425912137,0.01340282948622487,0.028294862248696945,0.04244229337304542,0.0037230081906180195,0.03648548026805659,0.022338049143708117,0.0193596425912137,0.10424422933730454,0.0029784065524944155,0.058823529411764705,0.01563663440059568,0.03648548026805659,0.058078927773641105,0.07967237527922562,0.005956813104988831,0.035740878629932984,0.012658227848101266,0.007446016381236039,0.05212211466865227,0.0037230081906180195,0.014892032762472078,0.0022338049143708115,0.010424422933730455,0.007446016381236039,0.0014892032762472078,1.0,0.08279101556052074,-0.03778366633391375,-0.016040276360934715,-0.03164687979986208,-0.015320288181650224,-0.008328845256720958,-0.04871140747263062,-0.05649332911945205,0.027404338194065386,-0.009101658693741285,-0.001565288572787442,0.014956257759202972,0.015441629496263912,-0.0003575507265213724,0.0034246076072186604,-0.02017219576217624,-0.011427740315048606,0.026650031526969476,-0.030415088669252636,-0.02534718427360202,0.01249298842933528,-0.033128938506312454,0.03123959808979316,-0.02503177491451058,0.02198628971129211,-0.008561409592632872,-0.007630440927862557,-0.043902709274475565,-0.021451112969060125,0.01114673552527051,-0.018990218386344435,0.02157340133175547,0.002458117062568958,-0.024758031343119834,-0.0011923425610565835,0.034186524053403736,0.01518928009624222,0.006049227683784809,-0.015021018683169605,-0.020668089126080317,1.0,0.08285270782248837,-0.045013587985332885,-0.00915165577376035,-0.03155394163462719,-0.0111246134702055,-0.008938903180874055,-0.04983657236899302,-0.05108136385694189,0.03186885110690505,-0.020891389253802312,-0.0011989479027983575,0.010155120014053462,0.012832608086232484,-0.004931017318774668,0.00021769220337910201,-0.02060480843055259,-0.004894739092344131,0.02478739847657955,-0.035033620864336444,-0.01728835749796999,0.014033731245162547,-0.03888862317459742,0.03671440475229211,-0.04006366530983225,0.032769155475082266,-0.018068031810154043,-0.010381397919684973,-0.04456492555422091,-0.014620297255694033,0.006888730720056947,-0.02163824949575988,0.020186715660950712,-0.0011996243801275913,-0.02880168966561487,-0.0007787937991203878,0.024902482434007816,0.014307471458554969,0.0018683355847008705,-0.017768864740819425,-0.01015484844036576
3.5062218883237217,0.6326561085649899,0.8816083395383469,7.0,98.0,121.0,114.0,85.0,90.0,15.0,24.0,19.0,19.0,19.0,5.0,133.0,108.0,128.0,122.0,120.0,128.0,73.0,123.0,108.0,111.0,119.0,101.0,0.19642857142857142,0.3847402597402597,0.41883116883116883,0.2794759825327511,0.33551673944687044,0.38500727802037843,0.011169024571854059,0.008935219657483246,0.011169024571854059,0.016381236038719285,0.012658227848101266,0.01340282948622487,0.0029784065524944155,0.00967982129560685,0.0037230081906180195,0.0037230081906180195,0.04616530156366344,0.012658227848101266,0.03425167535368578,0.007446016381236039,0.021593447505584513,0.03350707371556218,0.011169024571854059,0.0022338049143708115,0.011913626209977662,0.0037230081906180195,0.0052122114668652275,0.021593447505584513,0.0022338049143708115,0.021593447505584513,0.011913626209977662,0.012658227848101266,0.035740878629932984,0.04988830975428146,0.0029784065524944155,0.04393149664929263,0.0193596425912137,0.011169024571854059,0.0953090096798213,0.0037230081906180195,0.06031273268801191,0.016381236038719285,0.020104244229337303,0.06478034251675353,0.05956813104988831,0.008935219657483246,0.03648548026805659,0.016381236038719285,0.010424422933730455,0.049143708116157855,0.0022338049143708115,0.012658227848101266,0.004467609828741623,0.008190618019359643,0.011169024571854059,0.0029784065524944155,1.0,-0.01597730922745173,0.00891306268387646,0.04818008729870381,0.03172290456531531,0.08285637334288276,-0.03384381072375292,0.05912686988296108,0.027481560614648272,-0.0020597547531079493,-0.0018060247018556847,-0.016747963577161892,-0.020023894222105612,-0.020472023299551015,0.04447834795028502,0.008621291590948243,0.03719879469152908,-0.009020221935274346,0.02951425905387164,-0.008409570366485304,0.004706122154826281,0.041987441024556184,-0.01147678986248461,-0.0338313311110237,-0.04462677619120014,0.031066038326337617,0.023695919509068873,-0.025833957021101934,-0.01961373085687805,0.00976381938156697,0.01771914684588487,-0.005362809559201543,-0.0018866656059273025,-0.04558336836175224,0.0015592793218924463,-0.013019121634304728,-0.014933230906084522,0.006718448752847866,-0.015288657314838241,0.023068869165608893,0.010756433035602258,1.0,-0.01598921482300126,0.00867291812638816,0.04858418822678815,0.03338576340080067,0.08370813471036112,-0.03411080557988966,0.05439311145445153,0.021111224519414287,-0.0040066506234882745,-0.012424286074701398,-0.017772850129761184,-0.033073105205672984,-0.02120086321289406,0.046051732296749776,0.01244923948065338,0.044397861543079176,-0.006514660302540037,0.030262317893449974,-0.0173335133587742,0.007301577144934025,0.03039071852066423,-0.011986229233486648,-0.047607680768532654,-0.05016088491337916,0.02580834644182829,0.027962496774033677,-0.009601457463166986,-0.018970019086492818,0.011744106212294221,0.014284527078452635,0.005033584082289588,-0.0009966559713530225,-0.05129280179209695,-0.008234711821745825,-0.018813796664202614,-0.014694108620865644,0.009700508016724778,0.0015267352644457062,0.02358712680496813,0.02174716585673444
3.4740551171615612,0.6203593783408736,0.8897989575577067,9.0,115.0,126.0,126.0,107.0,50.0,28.0,27.0,14.0,17.0,3.0,0.0,134.0,117.0,129.0,127.0,123.0,128.0,111.0,127.0,117.0,120.0,126.0,117.0,0.1382636655948553,0.42443729903536975,0.43729903536977494,0.26355013550135503,0.32994579945799457,0.4065040650406504,0.014892032762472078,0.010424422933730455,0.016381236038719285,0.014892032762472078,0.02084884586746091,0.01712583767684289,0.0022338049143708115,0.005956813104988831,0.0037230081906180195,0.0052122114668652275,0.0379746835443038,0.008190618019359643,0.028294862248696945,0.005956813104988831,0.018615040953090096,0.02308265078183172,0.014892032762472078,0.004467609828741623,0.008190618019359643,0.0037230081906180195,0.0029784065524944155,0.0193596425912137,0.0022338049143708115,0.027550260610573342,0.01563663440059568,0.011169024571854059,0.02531645569620253,0.04393149664929263,0.0022338049143708115,0.034996276991809384,0.03052866716306776,0.010424422933730455,0.11392405063291139,0.0022338049143708115,0.0573343261355175,0.024571854058078928,0.03425167535368578,0.06031273268801191,0.06403574087862993,0.012658227848101266,0.04095309009679821,0.010424422933730455,0.0052122114668652275,0.045420699925539834,0.0022338049143708115,0.020104244229337303,0.0014892032762472078,0.006701414743112435,0.0052122114668652275,0.0014892032762472078,1.0,-0.014061311472446493,0.004874728628658683,0.045676358069488304,-0.0068710452061653896,0.005746703011481084,0.028681048439231645,0.021075494892377634,-0.004755821772238287,-0.011446728716321092,0.014524126765225394,0.00867344542629527,0.013931627552694295,-0.027735479916456477,0.0074664195865038405,0.005819697778318147,-0.03989593898394126,0.0002057389008838829,-0.05119535425606661,0.017491112472652403,-0.005127427078607069,0.001228142399935016,-0.014279216316524521,-0.031406571849597026,-0.001248819298338016,-0.006892034152491427,0.015714541075738782,0.024143750303253247,-0.02458693699476122,0.000536690487571619,0.003967579672839105,-0.028410860886186447,0.035373507036461305,0.003684505630611276,0.0014745375618846741,-0.033467575217072235,-0.03804601789678929,0.007502753009054543,0.045652246260016606,-0.05535388573040789,0.013325881140570749,1.0,-0.014071789349847706,0.004684911345851882,0.045923021468212796,-0.005633462706739308,0.005135711275358228,0.026991901897417417,0.022552199349480287,-0.005006692036337712,-0.014400878269007595,0.01272724899915505,0.009747440480660738,0.014285422577973652,-0.030420286676712423,0.0058951719488802646,0.006122825228651039,-0.03798475926966386,-0.003469458450198841,-0.0531693012145997,0.021551890873132362,-0.0036230329973811802,0.0051922235014783685,-0.01625569141096353,-0.028849213465236778,0.00065584609565171,-0.0048556938430655075,0.01743165416538813,0.02487844977565227,-0.019722515812842914,-0.0012963263714430137,0.005154668934265445,-0.030326161260495234,0.03466434624839381,0.0036898094745365898,0.001356844325032698,-0.03527445185198335,-0.045151856302136174,0.00978556814904659,0.04855497410208435,-0.05642617898055625,0.010033701130072419
3.459988181513397,0.6266454834242667,0.8830975428145942,2.0,111.0,126.0,115.0,84.0,66.0,29.0,33.0,23.0,22.0,9.0,17.0,134.0,110.0,129.0,123.0,124.0,124.0,99.0,123.0,113.0,113.0,114.0,109.0,0.15855572998430142,0.38304552590266877,0.45839874411302983,0.2692579505300353,0.3342756183745583,0.39646643109540636,0.01712583767684289,0.008190618019359643,0.010424422933730455,0.01340282948622487,0.018615040953090096,0.010424422933730455,0.0,0.0029784065524944155,0.004467609828741623,0.0014892032762472078,0.04318689501116903,0.011169024571854059,0.04095309009679821,0.0037230081906180195,0.023827252419955324,0.022338049143708117,0.022338049143708117,0.0022338049143708115,0.0037230081906180195,0.004467609828741623,0.0037230081906180195,0.021593447505584513,0.0014892032762472078,0.027550260610573342,0.011913626209977662,0.014892032762472078,0.028294862248696945,0.04169769173492182,0.0014892032762472078,0.029784065524944156,0.03052866716306776,0.011169024571854059,0.10647803425167536,0.0022338049143708115,0.05063291139240506,0.028294862248696945,0.03052866716306776,0.058078927773641105,0.07297096053611318,0.008935219657483246,0.0379746835443038,0.014147431124348473,0.0052122114668652275,0.049143708116157855,0.006701414743112435,0.014147431124348473,0.004467609828741623,0.012658227848101266,0.006701414743112435,0.0014892032762472078,1.0,0.0634063854453963,0.020579538447874295,0.027544454865259926,0.01582432989249678,-0.003942781360810745,0.02413362426614233,-0.0024423468870456875,0.011167618305447756,-0.01726518065031126,-0.023490397574692866,0.004035280386486497,-0.0032093523187506933,0.04827427730138938,-0.053025596209625374,0.0006255205431562296,-0.006094440755447986,0.013748562150293126,0.04310969231304118,0.042762721001526616,0.060096402832145325,0.0027942959921446135,0.012946261221404451,-0.007672589869752088,-0.009825780112095594,-0.00044365511333423554,0.07642273696370903,0.04476304107402347,0.04438380537854721,0.01763408414583715,-0.022573270636753774,-0.04428973010633125,0.030331955888858363,0.002366329491570244,-0.004147629253621792,-0.03464132913376493,0.03553906436449527,-0.027147097532479268,-0.04621234231142174,0.04954455775596052,-0.009067653982412638,1.0,0.06345363312456573,0.01665091033365492,0.02537270878840134,0.012300993924071657,-0.006668781613962977,0.023849034908531696,-0.0060010589816358,0.011095631585875619,-0.01979814379384762,-0.022360784158672084,0.007431778177692944,-0.0032172000955126437,0.051358196238916236,-0.06070769190691887,0.007037211799325902,-0.0065132398731748,0.016300295891080858,0.04518124270008699,0.033412551693381726,0.058253549232609496,-0.010916684702975904,0.012593144329390793,-0.013775073475840302,-0.015334849160237956,0.0011628250523430957,0.07286387826889608,0.0471335306131592,0.03606116904359894,0.013583137540762078,-0.031528112658493805,-0.049693245277946656,0.0347786074197408,-0.0023646559522672215,0.003550604351169073,-0.03779188089884902,0.04716950362383251,-0.03353567599939731,-0.05196404952208769,0.04700474696882925,-0.018912005908380772
3.5082877704203645,0.6230523267447865,0.8845867460908414,5.0,116.0,120.0,116.0,112.0,86.0,41.0,36.0,15.0,6.0,2.0,1.0,133.0,117.0,127.0,119.0,121.0,129.0,113.0,127.0,121.0,121.0,113.0,117.0,0.19359756097560976,0.3795731707317073,0.4268292682926829,0.266803840877915,0.33058984910836764,0.40260631001371744,0.01563663440059568,0.007446016381236039,0.017870439314966492,0.011169024571854059,0.01340282948622487,0.01340282948622487,0.0014892032762472078,0.010424422933730455,0.004467609828741623,0.004467609828741623,0.04169769173492182,0.014892032762472078,0.029784065524944156,0.00967982129560685,0.02084884586746091,0.027550260610573342,0.014147431124348473,0.0014892032762472078,0.010424422933730455,0.0052122114668652275,0.0,0.021593447505584513,0.0037230081906180195,0.020104244229337303,0.01563663440059568,0.014892032762472078,0.028294862248696945,0.03425167535368578,0.0052122114668652275,0.029784065524944156,0.034996276991809384,0.01340282948622487,0.11615785554728221,0.0022338049143708115,0.058078927773641105,0.03425167535368578,0.023827252419955324,0.05361131794489948,0.06850335070737155,0.010424422933730455,0.03127326880119136,0.0193596425912137,0.008190618019359643,0.034996276991809384,0.0037230081906180195,0.014147431124348473,0.004467609828741623,0.008935219657483246,0.00967982129560685,0.0007446016381236039,1.0,0.0050772414653898704,-0.005273795754903475,0.005734288860891934,-0.007078377733202868,0.016529182719955345,0.021692432094403136,-0.03523384077220087,-0.04608406214706715,0.004200117915614614,0.03547551012818224,0.05074572727106974,-0.012137575720230985,0.03350215334646477,-0.04662393791408513,-0.0063088936199306705,0.016376761620188984,-0.010584300147187739,0.03462210516963707,-0.007414319261185454,0.011245932145488673,0.008797447202201616,0.042978604414852184,-0.03370755598146146,0.003572216875903762,0.004552223365426883,-0.005267522790355761,-0.032319036153971865,0.017214615005342798,0.03068157372958575,0.013885223757149767,-0.009403520535380204,0.04934921562624936,-0.03010122300935863,-0.004826738970502636,-0.00011247831445650455,0.04584245071804291,-0.0006981661627931321,0.012235254252312054,0.033784198174289334,-0.014067620202580504,1.0,0.005081024804782849,-0.005307615060872129,0.0058013868316588646,-0.007187352681601183,0.016728309533872613,0.021514509166033643,-0.03540837482415255,-0.046094915090583916,0.004330400466127896,0.03590251026476391,0.05050726562672611,-0.012489902717842814,0.037044169728440476,-0.04754966432781418,-0.009552925285604627,0.010636447297107287,-0.008497155810492863,0.0416703949742945,-0.004871872843363069,0.014209919999876044,0.004168620971184812,0.03737040030858116,-0.03681507709097855,0.003190350451119113,0.011722160021485585,-0.0046303255754154985,-0.032777169950420834,0.01619568837968459,0.031167857107246597,0.01798165292531178,-0.019470986885125892,0.054359249020712895,-0.033269172392835916,-0.00468915856039258,-0.008347126032016084,0.05800136873794428,0.0016325625487127117,0.01155664655546449,0.036233039436204116,-0.01768255515910812
3.494169193393651,0.6343093720145114,0.8860759493670886,6.0,111.0,119.0,101.0,95.0,72.0,50.0,41.0,26.0,7.0,1.0,2.0,134.0,111.0,127.0,111.0,112.0,122.0,113.0,118.0,111.0,111.0,111.0,112.0,0.18858954041204437,0.3629160063391442,0.44849445324881143,0.2684852835606604,0.3194544149318019,0.4120603015075377,0.017870439314966492,0.008190618019359643,0.014892032762472078,0.014892032762472078,0.01340282948622487,0.01712583767684289,0.0022338049143708115,0.005956813104988831,0.0029784065524944155,0.0022338049143708115,0.03276247207743857,0.018615040953090096,0.03723008190618019,0.004467609828741623,0.02308265078183172,0.023827252419955324,0.018615040953090096,0.0029784065524944155,0.008935219657483246,0.0037230081906180195,0.006701414743112435,0.017870439314966492,0.004467609828741623,0.024571854058078928,0.011169024571854059,0.01712583767684289,0.023827252419955324,0.040208488458674606,0.0029784065524944155,0.0379746835443038,0.03201787043931496,0.011169024571854059,0.10871183916604617,0.0014892032762472078,0.05361131794489948,0.020104244229337303,0.035740878629932984,0.06031273268801191,0.058078927773641105,0.01340282948622487,0.0379746835443038,0.022338049143708117,0.0022338049143708115,0.04616530156366344,0.0022338049143708115,0.014147431124348473,0.0007446016381236039,0.006701414743112435,0.011169024571854059,0.0007446016381236039,1.0,0.06508208045192697,0.02222843174544337,0.016540319400645265,0.013139889961265376,-0.006556836930742438,0.0164921741208111,0.016392337640675533,0.017922678455115144,0.06326624776292353,0.020040505002936623,0.0034763958316066,0.02019967197323486,-0.0163377973275221,-0.0202505046791861,-0.024497619199446114,-0.0021286602547192406,-0.03506949040132942,-0.016968140258139613,0.03248333793944997,0.0027668548059890195,-0.011374907442212165,0.026049629413377334,0.01343749583899256,0.002350080142485446,0.006869218287211803,-0.008894845060272091,0.057316818979574996,0.032620005993420416,0.034462677568705,0.028521657754797366,0.003242035882298272,0.006558682415113476,-0.014075379716881886,0.016120678387038657,-0.02253091073931521,-0.005572761960140526,-0.04769420241822299,-0.008600456162108229,0.018317688522391004,-0.020150175931341184,1.0,0.06513057678609382,0.018096356335830923,0.014039184264471184,0.0108777787938657,-0.00874911405502981,0.01693484374109491,0.014364477064702222,0.015601775417009493,0.06103312889270643,0.01093072951546815,-0.0013006970013681991,0.017732245677090662,-0.021192081835113598,-0.018974783075800344,-0.024503346517628557,-0.0008821874308125394,-0.03580943967293132,-0.017093689381963206,0.03511238601476016,2.645902772160774e-05,-0.012331914297083192,0.030353556921513297,0.014512831859313307,0.005392644500438039,0.007898874136756162,-0.007013257579339299,0.06298721746746798,0.02102508302515073,0.02874710271702187,0.02275647274761806,-0.01059864529928143,0.0020828320781328675,-0.018239243930526165,0.013779977246375516,-0.028654512268460646,-0.01057614149491574,-0.052042860282519504,-0.009393910990590225,0.01805240386871146,-0.01897953043554511
3.502601580731945,0.6650671270660737,0.889054355919583,19.0,106.0,118.0,115.0,79.0,62.0,40.0,60.0,22.0,15.0,11.0,10.0,134.0,107.0,124.0,122.0,115.0,124.0,105.0,117.0,107.0,106.0,110.0,104.0,0.2146118721461187,0.3515981735159817,0.4337899543378995,0.2727272727272727,0.32727272727272727,0.4,0.017870439314966492,0.010424422933730455,0.020104244229337303,0.016381236038719285,0.016381236038719285,0.01563663440059568,0.0014892032762472078,0.004467609828741623,0.0007446016381236039,0.0014892032762472078,0.04393149664929263,0.011913626209977662,0.03127326880119136,0.0037230081906180195,0.01712583767684289,0.017870439314966492,0.01712583767684289,0.0022338049143708115,0.00967982129560685,0.007446016381236039,0.0014892032762472078,0.026061057334326135,0.006701414743112435,0.018615040953090096,0.014147431124348473,0.008935219657483246,0.03052866716306776,0.04095309009679821,0.0037230081906180195,0.03201787043931496,0.024571854058078928,0.011169024571854059,0.0967982129560685,0.0029784065524944155,0.0573343261355175,0.028294862248696945,0.03276247207743857,0.05956813104988831,0.06701414743112435,0.012658227848101266,0.0379746835443038,0.01712583767684289,0.006701414743112435,0.04839910647803425,0.0029784065524944155,0.023827252419955324,0.0052122114668652275,0.007446016381236039,0.0052122114668652275,0.0014892032762472078,1.0,0.018556547242718033,0.05083499361160289,0.02998696647194968,-0.0035920757477632455,0.05030964361124121,0.03729658702300188,-0.014937455001561475,0.03476782313625387,0.0025363677674353677,-0.006580607687155801,-0.007820715060778282,0.09295152727340296,-0.00624847239793775,0.028056760971356426,0.01165701137799238,-0.029032528564803144,0.0593680096921566,-0.025508397890554247,0.0005021425290387312,0.006199771478954752,-0.028145846934814808,0.060146706283490815,0.06419511380251847,0.04893184773931987,0.06432513573015743,0.043128757658826844,0.004882712994439998,-0.020708210923657752,0.023564811002330738,-0.01041898407945099,0.024473085392273605,-0.02494005368607994,0.009409662853431427,0.0233478526598799,-0.026577745171513248,0.02833034670051022,-0.0027091339623140946,0.023545474581697628,-0.005782204815058305,0.002938703512101906,1.0,0.01857037477419548,0.050583395467665694,0.028299282329186222,-0.007191655072787824,0.04790733898205074,0.0357460654614727,-0.02091438805194186,0.029364745397028463,0.0019854800268938396,-0.010967898750190547,-0.013383417610124335,0.09667224195428867,-0.01000231503580115,0.016952440798934446,0.009116528615188635,-0.029787487798154128,0.050619028484181004,-0.03121669430067086,0.0007627888757045869,-0.003281962033723601,-0.02369467061571616,0.0605686610614282,0.0659032437483075,0.04149986435985988,0.05347167200600131,0.03631762172860179,-0.008024845474752145,-0.03340282251208001,0.007790184522336394,-0.011315630348505067,0.012569215346175059,-0.02990738209305756,0.023210303393786054,0.010925697524929846,-0.03380004657432493,0.023191437747562098,-0.0167142105169164,0.022611734033377778,-0.02004002657155591,0.00812694261550561
3.5015066800400185,0.6334083448116145,0.877885331347729,8.0,104.0,119.0,115.0,88.0,58.0,13.0,43.0,13.0,7.0,15.0,0.0,133.0,107.0,124.0,117.0,110.0,126.0,99.0,115.0,109.0,112.0,112.0,103.0,0.18696397941680962,0.38250428816466553,0.4305317324185249,0.27359180687637163,0.32772494513533285,0.3986832479882955,0.0193596425912137,0.006701414743112435,0.011913626209977662,0.01340282948622487,0.00967982129560685,0.012658227848101266,0.0014892032762472078,0.004467609828741623,0.0052122114668652275,0.0037230081906180195,0.03276247207743857,0.01340282948622487,0.03052866716306776,0.0052122114668652275,0.02308265078183172,0.02680565897244974,0.01712583767684289,0.004467609828741623,0.008935219657483246,0.0022338049143708115,0.0037230081906180195,0.022338049143708117,0.0022338049143708115,0.02680565897244974,0.0193596425912137,0.01340282948622487,0.027550260610573342,0.0379746835443038,0.0052122114668652275,0.03648548026805659,0.02308265078183172,0.014147431124348473,0.10498883097542815,0.0052122114668652275,0.05212211466865227,0.02084884586746091,0.04616530156366344,0.04839910647803425,0.06403574087862993,0.010424422933730455,0.04765450483991065,0.017870439314966492,0.006701414743112435,0.05584512285927029,0.0037230081906180195,0.01340282948622487,0.0037230081906180195,0.007446016381236039,0.004467609828741623,0.0014892032762472078,1.0,0.015474687286042139,0.06324534314554936,-0.0010784743628926938,0.03132232073695538,0.0014661782323770523,0.038313074502723594,-0.012016738898247564,0.0418438430467753,0.06427767168533026,0.02247616423327172,-0.033777923151846224,0.05243579979353264,-0.004530382486311206,0.014126793533404293,-0.010128167323618428,-0.04890462935283117,0.004308756044866187,0.05235200587757102,0.027114170759750825,0.004717908906308915,0.04457451870708896,-0.025510058229813348,0.0013422557192662391,-0.036010683926844506,0.011841306314777427,0.01964087593969439,0.028088875429661455,-0.014778332333878985,0.026483592266636876,-0.0046789904785460405,-0.0008103950439183267,-0.03671611169249801,0.0350914637330105,-0.008757428032076972,-0.006999537472360545,0.013640038396035163,0.018875669646855494,0.026349858684839304,0.018750653784687387,-0.0022631542432013435,1.0,0.0154862183495936,0.06311498225083952,-0.002989908714289643,0.027594408445597143,0.0008657683216764734,0.03494401213201803,-0.013248885724104752,0.03737717743757921,0.06564849766495048,0.014053076819112739,-0.042013174376896174,0.04934602242157874,-0.003866508070576993,0.003912861970097268,-0.011281685017876153,-0.05447488471092303,0.005595246086830292,0.04941233703196389,0.028369496057700148,0.00048243781283661074,0.038738618306226574,-0.03058008111373865,-0.002712829267622618,-0.034854847558691456,0.0187798301993528,0.02200676174303565,0.012085249159367966,-0.013753839540448886,0.023261068324811136,-0.007955625678443547,-0.008074595104603103,-0.034692733017297535,0.03448790562589073,0.003117494677638552,-0.01974598849154624,0.020048668918222552,0.020008629647975035,0.02131284960615347,0.005668153547432374,-0.0020076477460564002
3.4851568703679137,0.6251218755663563,0.8897989575577067,2.0,111.0,127.0,121.0,85.0,88.0,58.0,58.0,14.0,23.0,19.0,16.0,134.0,117.0,130.0,127.0,117.0,130.0,113.0,127.0,127.0,119.0,125.0,111.0,0.20498614958448755,0.3365650969529086,0.4584487534626039,0.26472579553148273,0.33175355450236965,0.4035206499661476,0.02084884586746091,0.005956813104988831,0.012658227848101266,0.01340282948622487,0.01563663440059568,0.012658227848101266,0.0022338049143708115,0.00967982129560685,0.0037230081906180195,0.0022338049143708115,0.03648548026805659,0.008935219657483246,0.029784065524944156,0.007446016381236039,0.020104244229337303,0.014892032762472078,0.021593447505584513,0.0029784065524944155,0.010424422933730455,0.0014892032762472078,0.0007446016381236039,0.0193596425912137,0.0014892032762472078,0.023827252419955324,0.011169024571854059,0.011913626209977662,0.029039463886820552,0.04169769173492182,0.0052122114668652275,0.03425167535368578,0.03052866716306776,0.011913626209977662,0.10573343261355175,0.0014892032762472078,0.05658972449739389,0.02531645569620253,0.04244229337304542,0.06329113924050633,0.06403574087862993,0.011913626209977662,0.029784065524944156,0.02308265078183172,0.006701414743112435,0.04988830975428146,0.0029784065524944155,0.0193596425912137,0.0022338049143708115,0.010424422933730455,0.007446016381236039,0.0029784065524944155,1.0,-0.0006410283522858077,-0.021939574892038922,0.016306441047141542,0.0009894964499124169,-0.03965662338617809,0.0030876400044466835,0.022390329874815415,-0.0462620342115119,-0.006631054706503789,-0.010471602285286877,-0.00791370675036846,-0.017012095480780604,-0.019884375532449095,0.003982985067900374,0.01158274391410189,-0.04080350824725359,0.031648562025967324,-0.028037035617592233,-0.07305726133403555,0.013658365348027664,-0.023222849532055747,-0.07161537615489572,-0.023639368799263864,0.006140626204114311,0.0161026913651182,-0.03403237559714217,-0.0016245914587949529,-0.0020097631237618284,-0.09020899403713213,0.018614518787624136,0.01427059258430584,-0.00207051034829538,0.0418218278453787,-0.02352488371650266,0.016609764677969586,0.004365496495174813,-0.020445258646727565,-0.01765230183332837,0.012225793830372901,0.003534229169202566,1.0,-0.000641506018718215,-0.02197271667979225,0.016322334442656086,0.0005256144186283945,-0.03911612700529617,0.002851269096271866,0.020825111574410006,-0.04527241362818929,-0.005809269598830268,-0.014718003502523907,-0.006713500934347329,-0.015855461531390943,-0.023827697515921252,0.002839153963527431,0.012345719310320493,-0.043170896884179445,0.03144127010403381,-0.03339495571089771,-0.07201632341406213,0.012169752936466514,-0.032408130168371005,-0.06997753080798919,-0.026291770186724656,-0.008170269859184889,0.021409776987773285,-0.03833753118646529,-0.014552055372235445,-0.005459137528222355,-0.09798706422895859,0.013059140803744642,0.0008828235454447208,-0.011655609140572794,0.04792554412609731,-0.04293291470791519,0.011222734747984436,0.009669224927808261,-0.040077513592637656,-0.022568474947256372,0.005855045932305013,-0.009574117480173405
3.517900853509695,0.6226379154112203,0.8897989575577067,3.0,108.0,125.0,121.0,101.0,64.0,30.0,33.0,21.0,7.0,16.0,0.0,134.0,111.0,129.0,125.0,118.0,130.0,95.0,128.0,121.0,120.0,124.0,108.0,0.1589825119236884,0.397456279809221,0.4435612082670906,0.27165627165627165,0.3354123354123354,0.39293139293139295,0.014147431124348473,0.0052122114668652275,0.014147431124348473,0.01712583767684289,0.016381236038719285,0.017870439314966492,0.0,0.007446016381236039,0.0052122114668652275,0.004467609828741623,0.03425167535368578,0.006701414743112435,0.0379746835443038,0.004467609828741623,0.0193596425912137,0.01712583767684289,0.016381236038719285,0.0014892032762472078,0.011913626209977662,0.005956813104988831,0.005956813104988831,0.03350707371556218,0.0014892032762472078,0.029784065524944156,0.016381236038719285,0.01340282948622487,0.027550260610573342,0.04393149664929263,0.004467609828741623,0.04393149664929263,0.026061057334326135,0.016381236038719285,0.0967982129560685,0.0007446016381236039,0.058823529411764705,0.028294862248696945,0.0387192851824274,0.05212211466865227,0.05137751303052867,0.00967982129560685,0.02308265078183172,0.01563663440059568,0.011169024571854059,0.049143708116157855,0.0014892032762472078,0.014147431124348473,0.0037230081906180195,0.01340282948622487,0.011169024571854059,0.03648548026805659,1.0,-0.007675792217145829,-0.0017805034682739896,-0.004722965390845354,0.005947103994276433,0.015425182502878195,0.0005196883714262212,0.0493000220171082,0.010380598234594494,0.03511371662532421,0.01696624665458464,0.04269574291940549,0.013444959642099956,-0.057204299148463374,0.012679797898643975,0.008468266811179534,0.02435937572536214,0.006945926024295973,-0.002074018091724522,0.007126681398457343,-0.0368194404682122,-0.0015200136744803754,0.006460617245532267,0.030015007895636936,0.016573064306150777,0.04313581099956559,0.007581527699943915,-0.030593575588552285,0.0014704947658248444,-0.028790565300228714,-0.016331317134897844,-0.0008529503173585509,-0.030995533467425614,0.03952468304602767,-0.05878766863287138,0.005853005822350544,-0.01786725360099822,0.04535797047390269,-0.05043621667114742,-0.0009774736244379037,-0.03623309300613117,1.0,-0.007681511883477549,-0.00184227328373318,-0.00476171035690104,0.005888973995436883,0.015558461674859376,0.0007613096842708873,0.04969824199849941,0.011361555860764913,0.035666921058195585,0.018063904727482122,0.043287835515261136,0.013337073522042952,-0.0580593707226072,0.008614074118607788,0.006331291402819487,0.019226652308144784,0.005202104292267948,-0.006143975729511473,0.0037607747623797285,-0.0360777383207583,-0.0052166790443857495,0.006955423023496162,0.028438255959405797,0.02078332600401072,0.045246398507459505,0.003490652622815156,-0.028938859107664344,0.0007474861795533931,-0.026842933648779724,-0.020921798580548833,-0.002194918360912823,-0.03742379054562157,0.03174385456857288,-0.06348131061018362,0.002995568904382534,-0.013413622658883535,0.05135739089375358,-0.04347598939581025,0.005594979925798085,-0.04418849643282317
3.496552539826477,0.651233694815062,0.8875651526433358,4.0,100.0,124.0,111.0,88.0,59.0,41.0,21.0,20.0,5.0,5.0,1.0,133.0,104.0,129.0,115.0,117.0,123.0,95.0,124.0,104.0,107.0,113.0,96.0,0.14507772020725387,0.38687392055267705,0.4680483592400691,0.27941176470588236,0.32573529411764707,0.3948529411764706,0.012658227848101266,0.00967982129560685,0.00967982129560685,0.011169024571854059,0.014147431124348473,0.014147431124348473,0.0007446016381236039,0.0037230081906180195,0.004467609828741623,0.0029784065524944155,0.035740878629932984,0.00967982129560685,0.0387192851824274,0.0052122114668652275,0.018615040953090096,0.02308265078183172,0.01340282948622487,0.0022338049143708115,0.01340282948622487,0.0037230081906180195,0.0052122114668652275,0.02531645569620253,0.004467609828741623,0.02531645569620253,0.021593447505584513,0.007446016381236039,0.026061057334326135,0.029784065524944156,0.0022338049143708115,0.034996276991809384,0.02084884586746091,0.011913626209977662,0.08637379002233805,0.0037230081906180195,0.05658972449739389,0.027550260610573342,0.03350707371556218,0.06254653760238273,0.08265078183172003,0.008935219657483246,0.04690990320178704,0.018615040953090096,0.005956813104988831,0.05361131794489948,0.0022338049143708115,0.017870439314966492,0.007446016381236039,0.008935219657483246,0.012658227848101266,0.0014892032762472078,1.0,0.03801802889593954,0.01267724137332761,0.03435701969209494,0.017119880189260257,0.04132844272761462,0.03538718817928676,0.031202198447245283,0.019363525005462755,0.05744643327288207,0.028373408378564755,0.03981536369066111,-0.01304904750655067,0.008059895097409179,0.031467115975789516,-0.02180483586167547,-0.012082252997503956,0.04960592124192826,0.010270235063454418,0.008739485836797357,0.02901953843600696,-0.027187034704586735,0.04812090719110215,0.0033039116196408344,0.04434407716243709,0.0351495010030087,-0.022308507301490456,0.04984893329664703,-0.0018307458452182178,-0.03634378315368676,-0.009339942439483877,0.014752670080154797,-0.0036036941641256295,-0.022189608919649752,-0.007620166850408402,-0.05456950465815668,0.06406592047098884,0.01180411767328391,0.03034821894285038,0.024957246261951407,-0.0030498358569209607,1.0,0.03804635827663698,0.01126492941239114,0.03358061202722388,0.014523332015799046,0.03965580167552833,0.03123959797640009,0.027273362770473708,0.014001538019825831,0.05316430301353549,0.02038136812237457,0.03364725189698105,-0.023208466780880607,0.0029981079174914854,0.02304731958099133,-0.030138475200633914,-0.018598785551070522,0.04645234352126329,0.0033506729018808737,0.004311363292682633,0.022848356937980197,-0.029814575352608216,0.04786527221074938,-0.004795357076743538,0.04426318030269338,0.028677085189228086,-0.0283697488236448,0.044606199941915135,-0.015222429075728454,-0.04254384068545458,-0.013093110135180738,0.004152250749803506,-0.0038167282382449617,-0.03105867361302572,-0.011797736377630982,-0.053229511074244625,0.0671773827634149,0.011214162574603212,0.03832565227284078,0.026482506715583956,0.004191389532278303
3.4924005250304018,0.644606435771155,0.8912881608339538,4.0,111.0,125.0,120.0,100.0,92.0,35.0,31.0,12.0,9.0,31.0,1.0,134.0,111.0,129.0,125.0,121.0,128.0,111.0,127.0,121.0,125.0,123.0,111.0,0.18926974664679583,0.3591654247391952,0.45156482861400893,0.2653478854024557,0.33560709413369716,0.3990450204638472,0.012658227848101266,0.008935219657483246,0.016381236038719285,0.008935219657483246,0.014892032762472078,0.00967982129560685,0.0029784065524944155,0.0037230081906180195,0.006701414743112435,0.004467609828741623,0.034996276991809384,0.012658227848101266,0.04839910647803425,0.008935219657483246,0.02084884586746091,0.02531645569620253,0.014892032762472078,0.0014892032762472078,0.011913626209977662,0.0029784065524944155,0.0037230081906180195,0.017870439314966492,0.004467609828741623,0.023827252419955324,0.014147431124348473,0.010424422933730455,0.028294862248696945,0.03648548026805659,0.0052122114668652275,0.0379746835443038,0.029039463886820552,0.00967982129560685,0.10796723752792256,0.0029784065524944155,0.058078927773641105,0.024571854058078928,0.04393149664929263,0.054355919583023084,0.05956813104988831,0.008190618019359643,0.03201787043931496,0.0193596425912137,0.0037230081906180195,0.05286671630677588,0.0014892032762472078,0.014892032762472078,0.0052122114668652275,0.006701414743112435,0.008190618019359643,0.0029784065524944155,1.0,0.04121064904467026,-0.018714274518835193,0.034606425516839304,0.018600780915855993,-0.03571355886172836,-0.004876179591088848,-0.027790996271684996,-0.0035003080200500998,-0.053543301954229926,0.02912608131945867,0.012488632817030429,-0.004632909719954999,-0.010918627011348584,-0.0003627286705543952,0.006518907540516258,0.004298258042112916,0.030655113764162654,-0.0010614899561135179,-0.04273679151443799,-0.012284055383981972,0.022785754425896663,-0.0013488876919712102,-0.025903283592343382,0.0027391447932721526,0.03580112225424015,0.03248249335453632,0.03207681284141948,0.014041016419415783,0.008439248386872536,-0.028236016214474094,-0.0036508616646094886,-0.0037289114564009987,-0.01584021678945849,0.018866104042234915,0.04189331464249889,-0.008535384831472611,-0.0015441247200937494,-0.010716227381090924,0.010812902914729399,0.02650329078513354,1.0,0.04124135742696883,-0.020477864772557336,0.036394356212086275,0.015310020311269469,-0.03597780361071596,-0.0024078197409977344,-0.030416708370933028,0.0010125067918502204,-0.053749734143421525,0.03502969733323562,0.008520210134272557,-0.0025646320740297796,-0.010879651380545974,-0.006222713620796104,0.008393181892568305,0.0020692713080550924,0.033779638302781884,-0.007341624309141949,-0.0395504891805783,-0.011613489083255466,0.020864225134883032,0.0010446453212808269,-0.023048871258730112,0.004210717150390566,0.033465623619760035,0.03434462464748903,0.0290902272689772,0.005464135788591933,0.007302114735031803,-0.027509891310629912,-0.001343327541008239,-0.005921380365525639,-0.01052108617039988,0.028256104907721014,0.04242581939252063,-0.007619708117475108,-0.004016088206273739,-0.018514389325754315,0.009814280529353847,0.03419708631360743
3.488216620343424,0.6364243898002725,0.8771407297096053,1.0,102.0,121.0,112.0,104.0,89.0,49.0,31.0,20.0,0.0,2.0,0.0,134.0,119.0,127.0,120.0,122.0,125.0,97.0,124.0,118.0,111.0,113.0,103.0,0.19175911251980982,0.37400950871632327,0.43423137876386686,0.27105449398443027,0.3333333333333333,0.39561217268223636,0.012658227848101266,0.011913626209977662,0.012658227848101266,0.016381236038719285,0.014892032762472078,0.008190618019359643,0.0007446016381236039,0.004467609828741623,0.0029784065524944155,0.0029784065524944155,0.04616530156366344,0.01563663440059568,0.03127326880119136,0.004467609828741623,0.018615040953090096,0.02531645569620253,0.018615040953090096,0.0029784065524944155,0.005956813104988831,0.008935219657483246,0.0014892032762472078,0.026061057334326135,0.0037230081906180195,0.03052866716306776,0.011169024571854059,0.014892032762472078,0.026061057334326135,0.04095309009679821,0.0037230081906180195,0.03425167535368578,0.02531645569620253,0.005956813104988831,0.11243484735666419,0.005956813104988831,0.04169769173492182,0.022338049143708117,0.04765450483991065,0.05286671630677588,0.06850335070737155,0.007446016381236039,0.03350707371556218,0.017870439314966492,0.008190618019359643,0.04393149664929263,0.0022338049143708115,0.0193596425912137,0.0022338049143708115,0.014147431124348473,0.008190618019359643,0.0014892032762472078,1.0,0.041834599904469444,0.011455702581248037,0.025316847486701616,0.023792771419316374,-0.020288863414601555,0.009208845000766437,0.037200546216349516,0.013339669119173085,0.018248689002575362,-0.01707382156941813,0.003206659321110317,-0.005701481870052079,0.019794420105729568,0.0006650724638212094,-0.012204123695463526,0.0024106816101551677,-0.0471586598184226,-0.012613092009185155,0.0033096952140055456,0.03285061213094849,-0.011406304783012931,-0.0047073817528716045,0.03936426196760981,-0.025108209033659977,-0.036867857565028174,0.05183459767727051,-0.003837092997508029,-0.03586842815585244,0.009287204705570934,0.007024013378604647,0.01811054732850427,-0.04135158250174496,0.0104753856821015,0.021606262606774368,-0.02052444255173394,-0.010960550761252673,0.009854025183739908,0.01690009104163867,0.008517906552470733,-0.031526920358238605,1.0,0.04186577322779618,0.009737111580457966,0.024535561761504978,0.021743963879082236,-0.02280015390450722,0.009996453406126428,0.036031723692311654,0.010783472834916558,0.017272255142625148,-0.02165844026887241,0.0026201980258220466,-0.005477279663233103,0.0205148921790694,-0.0008497962182671859,-0.014742973040871651,0.0018443503905778429,-0.04821026855513055,-0.007330842966715489,0.006415096447669156,0.033215715478950775,-0.01162918771045369,-0.006649215273394096,0.04052981005941455,-0.025919872087397853,-0.032760061634465536,0.05572227665565575,-0.012731599354811473,-0.03268695137694526,0.009149375776387978,0.0047460607233943295,0.023883868121606384,-0.04476967970311736,0.010454118576249505,0.020095646040210056,-0.02292594697612473,-0.006889807725383863,0.012063685107378161,0.017881271928422298,0.007457396076042651,-0.034550866636300664
3.491003035329103,0.615501448759408,0.8920327624720774,3.0,117.0,127.0,126.0,79.0,64.0,53.0,41.0,25.0,34.0,4.0,0.0,134.0,119.0,131.0,127.0,121.0,130.0,111.0,128.0,119.0,123.0,127.0,115.0,0.16047548291233285,0.3922734026745914,0.4472511144130758,0.26397306397306397,0.32996632996632996,0.40606060606060607,0.018615040953090096,0.005956813104988831,0.016381236038719285,0.018615040953090096,0.0193596425912137,0.011169024571854059,0.0007446016381236039,0.004467609828741623,0.007446016381236039,0.0022338049143708115,0.04095309009679821,0.011913626209977662,0.04244229337304542,0.0037230081906180195,0.0193596425912137,0.023827252419955324,0.022338049143708117,0.0022338049143708115,0.004467609828741623,0.006701414743112435,0.0029784065524944155,0.023827252419955324,0.0029784065524944155,0.026061057334326135,0.01340282948622487,0.00967982129560685,0.03127326880119136,0.035740878629932984,0.0037230081906180195,0.027550260610573342,0.03425167535368578,0.01712583767684289,0.10647803425167536,0.0029784065524944155,0.06329113924050633,0.029784065524944156,0.0379746835443038,0.055100521221146684,0.06031273268801191,0.010424422933730455,0.028294862248696945,0.014147431124348473,0.004467609828741623,0.0387192851824274,0.0022338049143708115,0.014147431124348473,0.0037230081906180195,0.008190618019359643,0.006701414743112435,0.0014892032762472078,1.0,0.012392376434018925,0.02554628947477015,0.0713925984675571,-0.01229924263136073,0.006465768135837653,0.01903620132888815,0.0028840607109846994,-0.007580858647845557,0.026508833547892265,-0.03083382087272409,-0.008556833855264475,0.053707453186026426,-0.004158826695159881,-0.012149379749760552,-0.025124015654884188,-0.02970040818584332,0.029239449699090144,0.005887358571525582,0.009799442916135336,0.007624105107853053,0.0005720909373637641,-0.015969655544421757,-0.012301558168829045,-0.01616351427353294,0.015557109142986324,-0.006629327837889391,-0.03753371698727651,-0.026205061473540854,-0.022037139794676808,-0.05594188073922853,0.011791199218837941,0.03310102570733341,-0.006584182802417177,0.0024449997211630045,0.010074583811441811,-0.004371154425703173,0.003009170287296259,0.0369303964856988,-0.02015953383220865,-0.06639191849532865,1.0,0.012401610693656789,0.025434501709166717,0.070984617567413,-0.014666278637581534,0.003226740736160227,0.014693665543020106,0.00422860759642689,-0.009477710148224162,0.024604830636513364,-0.03149184608595356,-0.008084825606842226,0.05221520704402449,-1.0261821308260678e-05,-0.014823465084368928,-0.033340287512722125,-0.026388617245481152,0.03445151137138681,0.00794721813921627,0.01249118511147475,0.0028098671047856656,-0.0022633881653020397,-0.014063522128213504,-0.012400402963055845,-0.01875658947851369,0.01873319824070526,-0.007401521868350401,-0.032749828691566146,-0.024950904431588754,-0.022011604025501817,-0.05291828227660868,0.015726950313176325,0.040160779717112904,0.0029615359746332803,-0.001966051904403667,0.009473676250292998,5.614787021483921e-05,-0.00287561873778535,0.0328256970683245,-0.01698309564374765,-0.07207819013206085
3.533295708559926,0.626581981670697,0.8905435591958303,7.0,110.0,127.0,104.0,98.0,97.0,35.0,51.0,29.0,13.0,12.0,4.0,134.0,111.0,131.0,118.0,111.0,126.0,111.0,119.0,111.0,113.0,118.0,111.0,0.22561863173216884,0.3551673944687045,0.4192139737991266,0.268033946251768,0.3203677510608204,0.4115983026874116,0.016381236038719285,0.005956813104988831,0.01340282948622487,0.011169024571854059,0.01340282948622487,0.011913626209977662,0.0014892032762472078,0.004467609828741623,0.0052122114668652275,0.004467609828741623,0.039463886820551006,0.011913626209977662,0.035740878629932984,0.006701414743112435,0.029039463886820552,0.024571854058078928,0.01563663440059568,0.0022338049143708115,0.00967982129560685,0.0029784065524944155,0.0037230081906180195,0.022338049143708117,0.0,0.023827252419955324,0.020104244229337303,0.012658227848101266,0.02531645569620253,0.04095309009679821,0.005956813104988831,0.04318689501116903,0.027550260610573342,0.01340282948622487,0.08935219657483247,0.004467609828741623,0.054355919583023084,0.03276247207743857,0.035740878629932984,0.055100521221146684,0.05956813104988831,0.01340282948622487,0.039463886820551006,0.018615040953090096,0.006701414743112435,0.04095309009679821,0.0029784065524944155,0.01712583767684289,0.0037230081906180195,0.010424422933730455,0.008935219657483246,0.0014892032762472078,1.0,0.010006134493583218,0.047093441380805075,0.06037743923829701,0.026064263205161198,0.030211752318442697,0.025039451267881464,-0.04148019156456805,0.01841663717845164,0.005923917911597594,-0.024910305812691016,0.05609572905130455,0.01697761748457669,-0.052758863914852766,0.008339423246526685,0.013185016673386942,0.034134467630984225,0.03963327055723887,-0.010980087243570366,0.029669010891813924,0.013502896606042264,0.06303699997213214,0.018575169433472,0.016167933473206202,0.01475642710457565,0.017146725396653986,0.0048673402220766795,-0.002049230614057855,-0.0174701780582661,-0.019432530340063814,0.007102985121072614,0.02706803218273284,0.07731447005102876,0.002010017860300578,0.0037285440812985004,0.007208840114448558,0.015613362920128151,0.015129936423128995,0.017128709677278753,-0.013311556420139647,0.027938884399608187,1.0,0.010013590629569495,0.04706812530176858,0.05972954440692389,0.023079274600919797,0.024552337954263877,0.019125703751889194,-0.04765894698863102,0.013288447170772212,0.005873168297701651,-0.023425037829123377,0.05607220370438891,0.019385201254097546,-0.055737254980033915,-0.0006033408018120259,0.016067276983488445,0.03774904445054642,0.035799930343200156,-0.00892400496495256,0.02425268474627001,0.0006125605560578412,0.06358302875493269,0.011227105077913673,0.005400882561159599,0.013494141705343415,0.010033222128868034,-0.0028370485443790765,-0.011226079998779646,-0.020909695491733892,-0.01697251577114136,0.01050163821899988,0.03194027277685455,0.07838286536615945,-0.005495176426534082,-0.00131937689032832,-0.005393445201337344,0.00443403401650174,0.008430719051720027,0.011679992963301147,-0.009819181867702554,0.020999003357758474
3.4792459273923857,0.6114176677517473,0.8823529411764706,10.0,109.0,122.0,121.0,91.0,83.0,31.0,52.0,8.0,23.0,15.0,10.0,134.0,113.0,127.0,127.0,126.0,128.0,91.0,129.0,113.0,123.0,127.0,107.0,0.21481481481481482,0.36,0.42518518518518517,0.27058823529411763,0.3384083044982699,0.39100346020761245,0.012658227848101266,0.010424422933730455,0.014147431124348473,0.011913626209977662,0.016381236038719285,0.014147431124348473,0.0014892032762472078,0.010424422933730455,0.004467609828741623,0.004467609828741623,0.040208488458674606,0.011913626209977662,0.035740878629932984,0.005956813104988831,0.014147431124348473,0.020104244229337303,0.008935219657483246,0.0007446016381236039,0.007446016381236039,0.0037230081906180195,0.0022338049143708115,0.03201787043931496,0.0037230081906180195,0.029784065524944156,0.008935219657483246,0.008935219657483246,0.03425167535368578,0.035740878629932984,0.0037230081906180195,0.039463886820551006,0.027550260610573342,0.00967982129560685,0.10945644080416977,0.0022338049143708115,0.05361131794489948,0.026061057334326135,0.04169769173492182,0.06105733432613552,0.06329113924050633,0.011169024571854059,0.03052866716306776,0.020104244229337303,0.007446016381236039,0.04765450483991065,0.0022338049143708115,0.014147431124348473,0.0037230081906180195,0.006701414743112435,0.011169024571854059,0.0022338049143708115,1.0,-0.02596487258039237,0.014177983797565174,-0.03680192480077828,0.022389510811740822,0.014744450563859635,0.007034612168170678,-0.011407725269304683,-0.008795579011938285,0.026114404405855718,-0.010295429694470422,-0.0236794273822956,-0.012983648102863314,-0.007712783168710888,-0.04906192181412739,-0.0036029379734214676,0.018802249130747063,0.012105058255517174,-0.010718678144758438,-0.0023678402393188967,0.0004314345632092727,0.011546939431604578,0.034161580176713544,-0.0397095188483123,0.010861816006925054,-0.014988400660654622,0.04136734013316611,0.011743342989680019,0.0032566883786577005,-0.023968601917825214,0.011139399823992573,0.0004604765602972942,-0.013179207619876737,-0.002867538087833674,-0.031019232932737117,-0.013231249119338092,-0.03977048334751798,-0.004380540345101408,0.007568384807999405,-0.039447326553638175,-0.04537837217768238,1.0,-0.025984220473522317,0.013533086739283084,-0.036199776900388336,0.020453752288376162,0.01688478480226999,0.005977313561941161,-0.010029390822080772,-0.008893907758033196,0.02599644875825626,-0.010185673107511527,-0.025560101109726945,-0.011532413680006575,-0.009186599563323291,-0.052063188707361006,-0.006092476051752419,0.021639910204913,0.011144363981983114,-0.010112809830189301,4.655224021975629e-05,0.0024455786353358923,0.008882480965749033,0.0337125298062827,-0.03665998277178033,0.008329724748295722,-0.01587288674380418,0.03496559291191377,0.0163070919806475,0.0007603222436395065,-0.020952118227837224,0.011236714962219523,-0.0005486956176196406,-0.014970807308553973,-0.0014822293991044258,-0.03041564262035046,-0.016830791657472827,-0.039450501965557216,-0.009840912148772517,0.010866122125791518,-0.042370636402356214,-0.044060553882667254
3.5072365280567213,0.6336989081192954,0.8897989575577067,3.0,119.0,126.0,111.0,99.0,96.0,37.0,65.0,15.0,12.0,7.0,8.0,134.0,123.0,129.0,125.0,126.0,128.0,113.0,127.0,125.0,119.0,125.0,115.0,0.2349570200573066,0.33954154727793695,0.42550143266475643,0.2612491605104097,0.33243787777031564,0.40631296171927467,0.01340282948622487,0.011169024571854059,0.01563663440059568,0.016381236038719285,0.024571854058078928,0.011169024571854059,0.0,0.00967982129560685,0.0014892032762472078,0.0037230081906180195,0.03276247207743857,0.011169024571854059,0.03201787043931496,0.0052122114668652275,0.02084884586746091,0.03127326880119136,0.02308265078183172,0.0007446016381236039,0.012658227848101266,0.0029784065524944155,0.0022338049143708115,0.0193596425912137,0.0022338049143708115,0.026061057334326135,0.011169024571854059,0.011169024571854059,0.026061057334326135,0.040208488458674606,0.006701414743112435,0.03425167535368578,0.028294862248696945,0.021593447505584513,0.09456440804169769,0.0037230081906180195,0.058823529411764705,0.02680565897244974,0.03201787043931496,0.05361131794489948,0.07446016381236038,0.011169024571854059,0.028294862248696945,0.024571854058078928,0.008190618019359643,0.039463886820551006,0.0014892032762472078,0.014892032762472078,0.0014892032762472078,0.006701414743112435,0.010424422933730455,0.03648548026805659,1.0,0.005960493404565103,0.01460495045547562,-0.0017389531851435425,0.003250588928006658,-0.00445621759510443,-0.035082208941381594,-0.012928066102052509,0.019081935168295396,-0.022490792888419618,-0.002154055461215225,-0.01894540607846622,-0.01679613137781618,0.0163222843059581,0.009998642551289209,0.01031339490794082,0.012099825244371637,-0.006343216956969737,-0.002395160558562876,-0.020360989500305047,0.05764957746426746,0.017097615397260048,0.00920345190379163,0.053377470798945045,-0.03621876346335986,-0.02288633670635243,0.05097166375823618,-0.019364656803071954,0.04443404614192513,0.001394219082582289,-0.020314396013381274,0.021185547129108927,0.003557014673305488,-0.014536193087374713,-0.045570765802682676,-0.028721218487556443,-0.009592800429808255,-0.020449808384821182,-0.0035319633682400595,0.011709788395999772,-0.052973726242276545,1.0,0.005964934904866577,0.014591671363425422,-0.0019163353445012124,0.0030692039483105294,-0.004457950466570192,-0.03529245581448572,-0.012460729928036663,0.020376758688310757,-0.022632453954015076,-0.0023294586105973413,-0.01857982546868897,-0.01829938307631104,0.016714926232343403,0.011451720758551484,0.008769071305976405,0.010771746125582994,-0.007608461720599799,-0.0047457661566968025,-0.018987833978268764,0.06010720364177121,0.016950336714879673,0.008260525018591897,0.05374414475962371,-0.03890590878373137,-0.02396745987373637,0.058725192666993636,-0.017039957764362727,0.04291511439161332,0.006941157454860476,-0.02583421471803197,0.020695938686130656,0.014321443362604774,-0.016684805800808878,-0.04643375915826363,-0.025621901462790253,-0.01857934613660738,-0.017067710216659333,0.0021820280740051383,0.011493151441008827,-0.0601561376378562
3.453095981375073,0.6412006430108877,0.8868205510052122,5.0,116.0,123.0,116.0,96.0,74.0,52.0,33.0,24.0,14.0,9.0,1.0,134.0,116.0,129.0,125.0,124.0,128.0,111.0,129.0,120.0,121.0,120.0,111.0,0.1689291101055807,0.3770739064856712,0.4539969834087481,0.26634877384196187,0.3337874659400545,0.39986376021798364,0.014892032762472078,0.004467609828741623,0.012658227848101266,0.012658227848101266,0.020104244229337303,0.011913626209977662,0.0007446016381236039,0.00967982129560685,0.0022338049143708115,0.0022338049143708115,0.0387192851824274,0.011169024571854059,0.034996276991809384,0.0037230081906180195,0.018615040953090096,0.028294862248696945,0.0193596425912137,0.0007446016381236039,0.010424422933730455,0.0052122114668652275,0.0037230081906180195,0.022338049143708117,0.0037230081906180195,0.03201787043931496,0.01340282948622487,0.00967982129560685,0.028294862248696945,0.04690990320178704,0.004467609828741623,0.04393149664929263,0.03052866716306776,0.00967982129560685,0.10052122114668652,0.0029784065524944155,0.06031273268801191,0.018615040953090096,0.040208488458674606,0.06403574087862993,0.06775874906924795,0.007446016381236039,0.029039463886820552,0.014892032762472078,0.0052122114668652275,0.04690990320178704,0.0022338049143708115,0.014147431124348473,0.0022338049143708115,0.005956813104988831,0.004467609828741623,0.0014892032762472078,1.0,0.035188286313777115,0.04555856460918793,-0.002969628223051281,0.017412429689428344,0.018285854584352005,-0.005801218653591884,0.018481563457518953,-0.039598817421878756,-0.008209993440891593,-0.006385257855419824,-0.05032285374252489,-0.01238883184093147,-0.017942934549914035,0.019003750166501472,0.04511689512901619,-0.0571172736066366,0.009514603928302421,-0.013172017989651013,0.03452975960286527,0.016893563361994133,-0.02895282644351231,0.01394579377474544,-0.022108520163396664,0.034895919390854055,-0.011454708528728224,0.037890462851031884,-0.015359117046975412,-0.027942471720138723,-0.034951980936522506,-0.003499471042971153,-0.0029063653524661315,0.04583916553079201,0.007702752305629204,-0.03547751878924769,-0.024623154828657342,-0.04736896290477681,-0.05750823945362799,-0.016657617783508497,-0.03606882641830965,0.03210765584754658,1.0,0.035214507093444605,0.044441560518786685,-0.006096159402929273,0.015794329865211978,0.017699205780121376,-0.008587148841937882,0.01769201409756791,-0.040668192900231825,-0.007830854032262866,-0.0022001807906864993,-0.050836325712584965,-0.0081465814388309,-0.01117003357776235,0.02013942918383739,0.04921019943377789,-0.06286616546610746,0.009923859417617165,-0.006882576430698234,0.02821288749462512,0.016207085647682626,-0.03473487279244098,0.01209271371969728,-0.015998083398695767,0.028009964974135514,-0.00864706764976949,0.039803354015468875,-0.0200274534540223,-0.02808555715375347,-0.04047767007823385,0.005713854491522748,0.004086352603582758,0.04646714568764524,0.0062587959601901584,-0.045262419688598066,-0.016520703561976963,-0.044442626420260284,-0.05956838791416686,-0.007158339025224845,-0.04151000186450798,0.04420550304721798
3.49055296918179,0.6285346345333733,0.8793745346239762,13.0,96.0,116.0,117.0,95.0,77.0,25.0,29.0,29.0,16.0,19.0,7.0,134.0,105.0,122.0,119.0,114.0,128.0,68.0,117.0,107.0,113.0,113.0,96.0,0.18622848200312989,0.40219092331768386,0.41158059467918623,0.2836826347305389,0.33907185628742514,0.3772455089820359,0.012658227848101266,0.008190618019359643,0.014892032762472078,0.01712583767684289,0.011169024571854059,0.008935219657483246,0.0022338049143708115,0.004467609828741623,0.0022338049143708115,0.0022338049143708115,0.04393149664929263,0.010424422933730455,0.035740878629932984,0.004467609828741623,0.0193596425912137,0.03276247207743857,0.01712583767684289,0.0029784065524944155,0.00967982129560685,0.0037230081906180195,0.0014892032762472078,0.03276247207743857,0.0022338049143708115,0.03052866716306776,0.01340282948622487,0.008935219657483246,0.02531645569620253,0.04095309009679821,0.0052122114668652275,0.0387192851824274,0.021593447505584513,0.006701414743112435,0.09977661950856292,0.0037230081906180195,0.04988830975428146,0.022338049143708117,0.04393149664929263,0.04839910647803425,0.06701414743112435,0.00967982129560685,0.04318689501116903,0.01712583767684289,0.01340282948622487,0.049143708116157855,0.0029784065524944155,0.014147431124348473,0.004467609828741623,0.008935219657483246,0.005956813104988831,0.0037230081906180195,1.0,-0.02146987493980032,0.013055290109818696,0.0183092650649642,0.0652887243839095,-0.0022027223937480297,-0.03626281521259727,0.025427041186997415,-0.006158302042396314,-0.027536322484507627,0.02694954050607269,0.0139737411135329,0.009724554972059471,-0.009688416638607327,-0.008109210903020253,0.023359075550529015,0.023016077842300645,-0.017171515766361983,-0.01984701938381116,-0.0302633495737569,-0.0037247121061974252,0.02057542674264021,-0.06335125516055244,-0.033015773695671186,0.0006563411895998312,-0.04486873838148562,0.04769361914656636,-0.0063354670816279405,0.016044876685183097,-0.02877948385971855,-0.03993693402136192,-0.02438325861651183,0.005511664022563252,-0.0023303980175666157,0.029697837061927433,-0.01169886541240319,-0.00966782274230842,-0.05414043919159161,0.028976344447508774,-0.02344126511473164,0.007684946770680924,1.0,-0.021485873356297924,0.012618943776938809,0.018910502470418315,0.06617824523896175,0.00020994146699773397,-0.03871276768548588,0.021483797671197225,-0.008473311743099387,-0.0272693402584853,0.03043481672499815,0.013322713390877539,0.010285825220132626,-0.005486103884968195,-0.014453871885014903,0.019705374393755026,0.02716112324044687,-0.016453559429567895,-0.021299755038827153,-0.03450656039478634,-0.007792244671873941,0.026905118829679626,-0.06043783421903577,-0.03562409607357914,0.002696975927492783,-0.04753677856068416,0.05515902420091757,0.0016966776109918202,0.00960664562591055,-0.020325609077891018,-0.047508495830739905,-0.036732572795714395,0.012204248990183061,0.004694490012199564,0.042656834538468115,-0.0029156284370892905,-0.022345678483731445,-0.059656524517758554,0.025601224288115024,-0.021775977052202314,0.017287872961665403
3.456017287640275,0.639823261394903,0.8763961280714817,7.0,106.0,119.0,118.0,82.0,89.0,41.0,19.0,14.0,12.0,6.0,21.0,134.0,106.0,122.0,121.0,115.0,128.0,93.0,121.0,111.0,109.0,117.0,104.0,0.18138801261829654,0.35646687697160884,0.46214511041009465,0.277335264301231,0.33019551049963797,0.3924692251991311,0.016381236038719285,0.006701414743112435,0.010424422933730455,0.01340282948622487,0.018615040953090096,0.022338049143708117,0.0,0.007446016381236039,0.0037230081906180195,0.0022338049143708115,0.03350707371556218,0.00967982129560685,0.03201787043931496,0.004467609828741623,0.014892032762472078,0.026061057334326135,0.016381236038719285,0.004467609828741623,0.008190618019359643,0.0022338049143708115,0.006701414743112435,0.02308265078183172,0.005956813104988831,0.03052866716306776,0.011169024571854059,0.005956813104988831,0.026061057334326135,0.049143708116157855,0.0052122114668652275,0.03127326880119136,0.03127326880119136,0.0052122114668652275,0.10871183916604617,0.0014892032762472078,0.05658972449739389,0.023827252419955324,0.03425167535368578,0.0774385703648548,0.06329113924050633,0.011169024571854059,0.035740878629932984,0.020104244229337303,0.007446016381236039,0.0387192851824274,0.0014892032762472078,0.01563663440059568,0.0014892032762472078,0.011169024571854059,0.005956813104988831,0.0007446016381236039,1.0,0.01462899014995058,0.004757641335330962,0.0374315014465909,0.007701094907026177,0.014424845762414214,0.003826119685239707,0.012140941262841095,0.01522619532647437,0.003430012424805017,-0.025280178600279223,0.08739191151207112,0.0400952070230159,0.021746599393972832,-0.006830814209452181,0.023104647951290493,-0.0169513185949044,0.05706113802945771,0.005802092956429977,-0.0061240925757902265,0.009082084684069939,-0.05521868640192769,-0.014554213274526008,0.037821684389069916,0.030455296583134544,0.03874336648522659,-0.03818765476224676,0.029732005390965113,-0.019623407688305533,0.010073101563698186,0.017705957107676435,0.014576770058244443,-0.043752534436971545,-0.06183334416468569,0.035885595300710456,-0.017640521338458264,-0.0036965531594748153,0.05332190618149336,-0.009292867600574432,-0.006031551818741588,-0.007622789504810886,1.0,0.014639891036798526,0.004551386069943356,0.037388021343443774,0.006628138397694461,0.01396879719067544,0.001984578771132196,0.011498766897314973,0.013879797827812446,0.002552224918098361,-0.02683277893566457,0.08775136693836119,0.037641989063056214,0.021886454569841614,-0.014334881796274379,0.020228660311996487,-0.022505892312772422,0.058657902990018156,0.0007638734936122403,-0.008156815271096417,0.0020003823787267463,-0.05291006202991453,-0.020683309757550207,0.03396070745436296,0.027940713925494694,0.04110738020067105,-0.046995871280191795,0.0351565806777625,-0.03453565775358448,0.011543453853918532,0.012920564127576304,0.01539471811003565,-0.044493142512609045,-0.05346083870227444,0.0339551780256561,-0.023367988062825012,-0.008088886591475787,0.0601869379094178,-0.011918901104066884,0.002474414725664633,-0.017651504444991816
3.506920693024939,0.6517741192426855,0.8860759493670886,2.0,112.0,127.0,124.0,105.0,82.0,27.0,49.0,22.0,6.0,11.0,6.0,134.0,112.0,131.0,127.0,125.0,130.0,99.0,128.0,123.0,125.0,127.0,121.0,0.1976225854383358,0.3818722139673105,0.42050520059435365,0.26450742240215924,0.33738191632928477,0.398110661268556,0.008935219657483246,0.005956813104988831,0.017870439314966492,0.011913626209977662,0.01712583767684289,0.017870439314966492,0.0007446016381236039,0.0052122114668652275,0.007446016381236039,0.0052122114668652275,0.039463886820551006,0.008935219657483246,0.029039463886820552,0.006701414743112435,0.020104244229337303,0.02084884586746091,0.01712583767684289,0.0029784065524944155,0.010424422933730455,0.004467609828741623,0.0022338049143708115,0.029039463886820552,0.0014892032762472078,0.034996276991809384,0.017870439314966492,0.016381236038719285,0.03425167535368578,0.03648548026805659,0.004467609828741623,0.04244229337304542,0.02531645569620253,0.010424422933730455,0.08935219657483247,0.0022338049143708115,0.06031273268801191,0.02308265078183172,0.029039463886820552,0.06254653760238273,0.06626954579300075,0.007446016381236039,0.029039463886820552,0.02308265078183172,0.004467609828741623,0.04765450483991065,0.006701414743112435,0.0193596425912137,0.0029784065524944155,0.008935219657483246,0.0029784065524944155,0.0007446016381236039,1.0,0.023348990794859092,-0.015137802744613143,0.038948707054511165,-0.023961984617815735,0.011533711654008664,0.02932774914024757,0.010932240516442652,0.017617837394807295,0.0006223275932567414,0.041256618168389714,-0.020915235646782864,-0.006192901351460563,-0.02192876961063396,0.0022847778319442795,-0.009763502813108314,0.03989349517923334,0.014771179431608043,0.017667975409217006,-0.013387622826215903,-0.03252592290296031,0.003488419705567174,0.008987249595559113,0.02698880919499072,0.0018210255526680756,0.0036034013325370196,0.005716802027269105,0.0023631852846623235,-0.0030291751905074894,-0.018811927972376206,-0.005125682679612103,-0.004967808853152797,-0.03911367767391581,0.018258887489795993,0.011169381982375144,-0.015231735278458225,0.003528942488747843,0.017129730237643158,-0.0016872730537579414,0.024153696015620115,0.015698070390811336,1.0,0.023366389446718143,-0.01571494796286176,0.0397944670639971,-0.0262291547859002,0.014123809024816865,0.026501899506243747,0.012041123379306651,0.016501900287358217,-0.0014248781791048179,0.04270076136349163,-0.024821022156567205,-0.003794452951611768,-0.027246582632275907,0.006309636983049323,-0.01320111927047077,0.04097345732346489,0.01151488647450576,0.01990637456763307,-0.015754725921803794,-0.03200510628717186,0.006239012022421619,0.007078876382050725,0.02984183238874322,-0.005448998422674652,0.006514668117485736,0.00019695463379543383,0.005722810549952178,-0.005281142540787306,-0.016670930653489995,-0.0030792937875706284,-0.006676234187121466,-0.04215678871647406,0.01568899423366708,0.010209576593356634,-0.011564538185081094,0.006302207846538988,0.01981051191128392,0.0030273201810469856,0.022233140360922287,0.012640103782526372
3.5201503616956904,0.6598695288781611,0.8845867460908414,18.0,114.0,128.0,114.0,94.0,74.0,21.0,41.0,18.0,2.0,6.0,1.0,134.0,121.0,131.0,127.0,118.0,130.0,109.0,129.0,123.0,119.0,127.0,111.0,0.21077654516640254,0.3613312202852615,0.42789223454833597,0.2657200811359026,0.3292765382014875,0.4050033806626099,0.018615040953090096,0.011169024571854059,0.011169024571854059,0.011913626209977662,0.016381236038719285,0.014147431124348473,0.004467609828741623,0.0037230081906180195,0.0037230081906180195,0.0029784065524944155,0.03276247207743857,0.01563663440059568,0.03350707371556218,0.005956813104988831,0.02531645569620253,0.02680565897244974,0.01340282948622487,0.0029784065524944155,0.006701414743112435,0.0037230081906180195,0.004467609828741623,0.02308265078183172,0.0037230081906180195,0.023827252419955324,0.01563663440059568,0.01563663440059568,0.03052866716306776,0.049143708116157855,0.007446016381236039,0.03201787043931496,0.02680565897244974,0.01340282948622487,0.11169024571854058,0.0052122114668652275,0.04988830975428146,0.02308265078183172,0.02531645569620253,0.06329113924050633,0.06478034251675353,0.011913626209977662,0.024571854058078928,0.016381236038719285,0.005956813104988831,0.04244229337304542,0.0029784065524944155,0.020104244229337303,0.0029784065524944155,0.008935219657483246,0.008190618019359643,0.0014892032762472078,1.0,0.0075798148470475205,-0.02399765643787221,0.03724100246714345,0.009547716849026059,0.017934130968343554,-0.03448009311533493,-0.011927101909818277,0.01702291884520256,0.002598107241419329,-0.008465133933444204,-0.010308578162848374,-0.009389631421253139,0.040748754844086923,-0.013587262067872054,-0.048254705885989194,-0.008472862843541271,-0.011209282259398974,-0.018006173780733242,-0.017570496483339852,0.007614621200927388,0.05108064437602211,0.022685318539428328,0.03262997971503206,0.05000642910778005,-0.006273371429522374,-0.017766034750990277,0.010113341140064475,-0.011834618455589913,-0.02789578060147584,0.006485024865418065,-0.03905739169074186,-0.03768564876664097,0.010096316624932489,-0.027719417795929867,-0.03795195353620885,-0.021038556096789427,-0.02120792126965921,0.03738512982883893,-0.009200173798460026,-0.013131735574768537,1.0,0.0075854629952196925,-0.02409237263194801,0.03771788868826263,0.008397501770134683,0.019706632864085565,-0.03600881914338928,-0.011178638577292451,0.014135923511964636,0.004186294117087577,-0.0067121143732612335,-0.009838663675113733,-0.011040607063985705,0.04015900444377056,-0.013244046092907786,-0.04507784863806542,-0.011817145536222306,-0.013611881925823412,-0.016896392162344055,-0.013263730051456979,0.010272301752967759,0.04855300013234832,0.023129265258085327,0.036586115403915445,0.04823811546335073,-0.009459416682210148,-0.022960791306311977,0.008765098996761258,-0.009749700644602396,-0.028701827019891987,0.007327964021229686,-0.04053504367451622,-0.038773392486249,0.008475829273342084,-0.03066636555974292,-0.03712103772684043,-0.018996615251595163,-0.02261338005696575,0.044910846629013144,0.0028189832084724287,-0.00655848565138229
3.472521375569998,0.6307437706006593,0.8816083395383469,2.0,110.0,129.0,123.0,85.0,72.0,34.0,21.0,19.0,8.0,4.0,0.0,134.0,110.0,131.0,125.0,115.0,130.0,105.0,129.0,115.0,122.0,123.0,108.0,0.15650741350906094,0.3871499176276771,0.45634266886326197,0.27159640635798205,0.32964754664823775,0.39875604699378026,0.0193596425912137,0.004467609828741623,0.012658227848101266,0.014892032762472078,0.014892032762472078,0.014892032762472078,0.0007446016381236039,0.006701414743112435,0.0022338049143708115,0.0029784065524944155,0.04169769173492182,0.00967982129560685,0.03723008190618019,0.004467609828741623,0.016381236038719285,0.023827252419955324,0.014147431124348473,0.004467609828741623,0.008190618019359643,0.0037230081906180195,0.004467609828741623,0.023827252419955324,0.0022338049143708115,0.023827252419955324,0.01712583767684289,0.01340282948622487,0.024571854058078928,0.045420699925539834,0.004467609828741623,0.03350707371556218,0.02308265078183172,0.010424422933730455,0.10871183916604617,0.0007446016381236039,0.058078927773641105,0.03276247207743857,0.035740878629932984,0.054355919583023084,0.0573343261355175,0.005956813104988831,0.04244229337304542,0.02531645569620253,0.00967982129560685,0.05063291139240506,0.0037230081906180195,0.01340282948622487,0.0007446016381236039,0.006701414743112435,0.007446016381236039,0.0022338049143708115,1.0,-0.002372560185078999,-0.0016590362917017546,-0.015540058986653296,0.006001445402368617,0.041008591816085856,-0.0043756121860678565,-0.025910341862607874,-0.00646968279846303,-0.012574467011019486,-0.015874087233209377,0.03614997755125684,0.02194054193844556,-0.006548800265468159,-0.030053769985017693,0.006073494818825609,0.007420098133037312,0.009171102892740772,0.02324934654755204,0.03187018913348969,-0.01194698895040204,-0.022638393197998694,0.0013373561808858903,-0.00858537661688291,0.014586081689846288,0.029891540065915018,0.030303959418550304,-0.0015471627406346508,0.02629948972865587,-0.024824697679503124,-0.0023345240158249535,-0.00200355486624524,0.012395027925364843,0.007023533004457589,-0.02661284462578263,0.014668104600554996,0.024296982498361434,0.01698398069645553,-0.04163338792866923,0.012268543344903786,0.02951978295665048,1.0,-0.0023743281136818896,-0.0016671574512402121,-0.015582891249139471,0.005943590269234613,0.041149403519205735,-0.004426106641719343,-0.02582035654572216,-0.005415520703526433,-0.013384643357505948,-0.01855959336388124,0.03694997153677188,0.02421192593124533,-0.00662774119055866,-0.02887210439068571,0.007238960827128665,0.0031531466129271907,0.005928972748281115,0.026758899578629345,0.036428178558785676,-0.012279942555880295,-0.02298532382482643,0.0006419583576672551,-0.013883498586405309,0.011341986129769947,0.03716183032683088,0.03647946771608255,-0.0019361860792754878,0.02718514878569735,-0.027373465047353968,-0.011122296106443908,-0.0038224006737220067,0.01871507300862823,0.01033624628782361,-0.024474127501286178,0.01664083204445955,0.02133428148082061,0.0092406545734546,-0.04326652392962916,0.018100354451756433,0.033754106837403194
3.504960149539717,0.6022174560465556,0.8838421444527178,12.0,112.0,123.0,114.0,111.0,86.0,50.0,58.0,21.0,12.0,14.0,6.0,134.0,115.0,127.0,124.0,123.0,127.0,95.0,125.0,117.0,121.0,123.0,117.0,0.21696801112656466,0.3588317107093185,0.4242002781641168,0.26657458563535913,0.3349447513812155,0.39848066298342544,0.017870439314966492,0.006701414743112435,0.012658227848101266,0.01340282948622487,0.0193596425912137,0.00967982129560685,0.0007446016381236039,0.007446016381236039,0.0052122114668652275,0.0022338049143708115,0.028294862248696945,0.00967982129560685,0.03648548026805659,0.0052122114668652275,0.01712583767684289,0.02084884586746091,0.01712583767684289,0.0022338049143708115,0.01340282948622487,0.0029784065524944155,0.0,0.02680565897244974,0.0014892032762472078,0.03052866716306776,0.02084884586746091,0.014892032762472078,0.03052866716306776,0.04244229337304542,0.005956813104988831,0.04169769173492182,0.029039463886820552,0.01340282948622487,0.08786299329858525,0.0029784065524944155,0.05137751303052867,0.023827252419955324,0.0387192851824274,0.06626954579300075,0.06924795234549516,0.008190618019359643,0.034996276991809384,0.01563663440059568,0.005956813104988831,0.044676098287416234,0.0022338049143708115,0.011913626209977662,0.0037230081906180195,0.014892032762472078,0.00967982129560685,0.0014892032762472078,1.0,-0.021572782918423402,-0.025160104972786448,0.010512196649602387,0.0009017552123747539,0.029449743134257807,0.016724597030955503,0.027354735807849088,0.00891709254350465,-0.035425120244873536,-0.024437347757581638,-0.0032699676991725757,-0.007801604686628027,0.03248361548351437,0.01953866320720554,-0.013369029335509663,-0.040931788277247694,0.029111847983645397,0.03139580276351525,0.010969282522021482,0.0038918768837225975,-0.010815612998258001,-0.012382487579628587,0.024724363664866016,-0.017527158291783685,-0.013658378084791041,-0.007079728133557573,-0.0357557961155348,-0.025744003918608212,0.010110119524271825,0.005629912731992842,-0.0618867851714947,-0.039247773852070685,0.027304567046622166,0.05700546406561226,0.05088520107375023,-0.014529190062928897,0.026069241128055285,-0.0052684733313222735,-0.051217057331569865,0.03953896011461735,1.0,-0.021588858017468435,-0.02567567504305817,0.009434081064986525,0.0006980074617093832,0.030137502393134008,0.018086724403627002,0.029841647029545594,0.010577470751077284,-0.03428324922505399,-0.02740332211344716,-0.007731490995080996,-0.010867521722995623,0.031363427691786974,0.02222052757064804,-0.00829756307991955,-0.03863936332140383,0.029369811499964555,0.029433112039018754,0.01149110427402354,0.0028046786198562016,-0.011097823930155445,-0.012051753818259757,0.026653199624175446,-0.019196620510380392,-0.01882000752691071,-0.011042261160839164,-0.03529824633223547,-0.026608611166017173,0.013784458270639602,0.006319535731720899,-0.06607151527122204,-0.04206611852675715,0.029012525017714386,0.06371560831737502,0.060360621894571184,-0.012762827883666679,0.024654093155873982,-0.0026891412034133837,-0.0495166707467092,0.027701801199755474
3.476810432115617,0.6292819964111301,0.8830975428145942,9.0,87.0,116.0,120.0,99.0,73.0,13.0,58.0,12.0,16.0,11.0,12.0,134.0,93.0,123.0,124.0,120.0,126.0,37.0,127.0,104.0,117.0,117.0,101.0,0.22364217252396165,0.39456869009584666,0.3817891373801917,0.2925170068027211,0.35147392290249435,0.35600907029478457,0.01712583767684289,0.00967982129560685,0.01712583767684289,0.01563663440059568,0.014147431124348473,0.00967982129560685,0.0014892032762472078,0.010424422933730455,0.0029784065524944155,0.0022338049143708115,0.04244229337304542,0.005956813104988831,0.03052866716306776,0.006701414743112435,0.022338049143708117,0.022338049143708117,0.018615040953090096,0.0022338049143708115,0.01563663440059568,0.0029784065524944155,0.0022338049143708115,0.039463886820551006,0.0029784065524944155,0.027550260610573342,0.011913626209977662,0.016381236038719285,0.029784065524944156,0.039463886820551006,0.004467609828741623,0.04318689501116903,0.020104244229337303,0.010424422933730455,0.0960536113179449,0.0022338049143708115,0.05137751303052867,0.020104244229337303,0.045420699925539834,0.05956813104988831,0.06999255398361877,0.008190618019359643,0.034996276991809384,0.014147431124348473,0.006701414743112435,0.04765450483991065,0.0007446016381236039,0.006701414743112435,0.0022338049143708115,0.006701414743112435,0.005956813104988831,0.0029784065524944155,1.0,0.005686937982072634,0.023240681335000013,0.08073130267722337,0.04146562351208941,-0.030907599856850324,0.01404098874790526,0.0726639885512563,-0.011193910665783272,-0.015141837218568316,-0.029616594053682613,0.030660181265459018,-0.043735622590896917,-0.0011564454120876642,0.04351288935206841,-0.01729664708385636,0.023525981579404526,-0.021996054532164654,0.014955659144921628,0.006821827270912455,0.007768544108442134,-0.013549535478805882,0.014041961896480928,0.010943711043691436,-0.053820254388466736,0.0010715872120417795,-0.01078078803025254,-0.036217162620018326,-0.005854200890817134,0.02289685256019682,-0.038855646533981436,0.011154039667807926,-0.03253962159106217,-0.022031518534399375,0.005501247529506627,-0.049647263361018754,0.015962391741292447,0.021068857069282153,-0.031723270979515356,-0.009626985197858881,0.0051927577759409175,1.0,0.0056911756407775965,0.023243706423523212,0.0806965855178616,0.04058906075414923,-0.03522237906176144,0.0058676573742562875,0.06861073909800318,-0.00845116158870298,-0.017978532122168513,-0.04301558548468835,0.029260543849036084,-0.03481996692231782,0.0022817750644751407,0.038634978947385386,-0.014530817188055253,0.030123124913290486,-0.027297905878105412,0.009586129193144761,0.013042537180753629,0.005865990294611997,-0.017553701447827738,0.008582722159169519,0.01142525824210404,-0.04945574150177966,-0.004510345525493149,-0.007948268913088754,-0.03390784045222926,0.004770488259033903,0.021232755365243532,-0.036621487547582786,0.023349640160744325,-0.03861168052359887,-0.018981209399088587,0.009521106314374658,-0.04572089954734263,0.014532283818090503,0.026106329028881648,-0.02643488072422681,-0.007489514501699449,0.0018660614607489768
3.489192454219147,0.6359458815471764,0.885331347728965,5.0,105.0,110.0,112.0,81.0,76.0,16.0,35.0,24.0,14.0,8.0,2.0,134.0,105.0,121.0,121.0,119.0,124.0,101.0,125.0,105.0,104.0,115.0,104.0,0.19727891156462585,0.39285714285714285,0.4098639455782313,0.2779390420899855,0.32583454281567487,0.39622641509433965,0.01340282948622487,0.006701414743112435,0.01340282948622487,0.014892032762472078,0.012658227848101266,0.011169024571854059,0.0014892032762472078,0.0022338049143708115,0.004467609828741623,0.0029784065524944155,0.03350707371556218,0.008190618019359643,0.03201787043931496,0.005956813104988831,0.01712583767684289,0.012658227848101266,0.014147431124348473,0.0022338049143708115,0.008190618019359643,0.008190618019359643,0.0052122114668652275,0.023827252419955324,0.0014892032762472078,0.024571854058078928,0.01563663440059568,0.008935219657483246,0.03052866716306776,0.03723008190618019,0.008190618019359643,0.027550260610573342,0.03276247207743857,0.01712583767684289,0.11392405063291139,0.0022338049143708115,0.05361131794489948,0.028294862248696945,0.03350707371556218,0.05137751303052867,0.08190618019359643,0.016381236038719285,0.034996276991809384,0.014892032762472078,0.012658227848101266,0.05137751303052867,0.005956813104988831,0.016381236038719285,0.004467609828741623,0.007446016381236039,0.00967982129560685,0.0022338049143708115,1.0,0.05462941583767408,0.07861154924006848,0.060858140390831886,0.0450091079981437,0.024371640663274047,0.023500373083613704,0.04651525975978873,0.0753439963892431,0.06668583501741038,0.015483798804825833,0.022644186016660135,0.010963917556951811,0.052772930962198525,0.03683420772364752,0.0732095307342273,0.04596523152292779,0.07011866066954082,0.03293779956989313,-0.005879928942470762,0.0008796195317166422,-0.007897395792749246,-0.015770740153269566,0.012943065471521792,0.04683320726013032,0.06682169118881662,0.04475696252033708,0.03988430380394533,-0.01793829776153798,0.027291699995246166,-0.019908070155818133,0.03344502308790118,0.04015576212973481,-0.03637557097857048,0.02380888763784047,0.03611289451182105,0.06587473053214392,-0.0014182938407752053,0.010511068343478619,0.03692310477748487,0.002109603800626332,1.0,0.05467012330104046,0.0759670219694552,0.05333036538757105,0.03401846852128071,0.012352756818330892,0.013112738471172138,0.03862116080197183,0.06695169026102488,0.05284093518129129,-0.005227142476148064,0.0033180280403788025,-0.003271621532065566,0.04459779044011436,0.027234774377584703,0.05844218670189372,0.023375202815385434,0.04617134003112678,0.010976518322871885,-0.026451227552145375,-0.015229947802770608,-0.02154543198953097,-0.029516664958235864,0.003229581219981769,0.03703233908792841,0.05682310606172844,0.02776382596568755,0.025297692491677837,-0.037950326908811415,0.015532843446490228,-0.03279751534346635,0.02370635877041443,0.025366449273877885,-0.06151986557597889,0.00992644441061313,0.035949632307736776,0.07374483991479804,-0.004620961813254419,-0.007058762849172786,0.020184986018762376,-0.025048465189442926
3.4719295396586554,0.6232372464364289,0.8816083395383469,15.0,108.0,125.0,127.0,71.0,76.0,37.0,46.0,26.0,6.0,6.0,2.0,134.0,109.0,129.0,127.0,117.0,128.0,109.0,125.0,111.0,113.0,123.0,110.0,0.2124031007751938,0.35658914728682173,0.4310077519379845,0.2696864111498258,0.32613240418118467,0.40418118466898956,0.012658227848101266,0.0014892032762472078,0.021593447505584513,0.01340282948622487,0.012658227848101266,0.011169024571854059,0.0007446016381236039,0.008190618019359643,0.0052122114668652275,0.0052122114668652275,0.03425167535368578,0.011169024571854059,0.03127326880119136,0.006701414743112435,0.02531645569620253,0.03127326880119136,0.02084884586746091,0.0037230081906180195,0.005956813104988831,0.004467609828741623,0.0022338049143708115,0.021593447505584513,0.0022338049143708115,0.01563663440059568,0.012658227848101266,0.010424422933730455,0.026061057334326135,0.0379746835443038,0.0037230081906180195,0.0379746835443038,0.03276247207743857,0.01340282948622487,0.10945644080416977,0.005956813104988831,0.05137751303052867,0.02084884586746091,0.035740878629932984,0.05286671630677588,0.07297096053611318,0.006701414743112435,0.05063291139240506,0.014147431124348473,0.007446016381236039,0.04839910647803425,0.0014892032762472078,0.016381236038719285,0.0022338049143708115,0.00967982129560685,0.008190618019359643,0.0014892032762472078,1.0,0.032292977937006036,-0.017196571803727263,0.005262039728873894,-0.021164664841021096,0.019195908166110713,0.030676418964596483,0.009795713993895823,-0.029773280418531535,-0.027423472628494455,0.009201683881528366,-0.011637626626934846,-0.022871878096394647,-0.027006475813182267,-0.028581307681894694,0.0010579176253968027,0.012725273709028751,0.0050893317125394015,0.05201542493180645,-0.0034741350362221747,0.057136288612058855,-0.021004731761271867,-0.002514356311819458,-0.010825457516390802,0.04163084850723284,0.043112861796098384,-0.00127875428230577,0.030890182819257386,-0.0014746161989092925,-0.031371485749575746,0.013732641497091814,-0.03539697842035756,0.018830851657528038,-0.01104699488118406,0.013962884017429787,0.04251078836707447,-0.0034979596417834113,0.010784493413502103,0.02499682034324603,0.023932828531044816,0.0563583215215104,1.0,0.0323170412588667,-0.01828570777617265,0.006440386340165931,-0.021959946171327488,0.020944318268423308,0.02872198178209557,0.00890047938792197,-0.030320349522372045,-0.02492331257975175,0.01075313493480719,-0.01366971292634569,-0.02420098201547705,-0.027029005213163707,-0.024773373063697843,0.0033925980827474713,0.010739539486456824,0.003561092352607341,0.05455433312921345,-0.0039061207718452673,0.061146634132659736,-0.028738383919570756,0.0002136014776080771,-0.017177969565956446,0.04379049201243692,0.03556408633567062,-0.0035126789127841226,0.03410928360248127,0.0008405374904535337,-0.025965659788436908,0.012251927722003722,-0.03698626231541168,0.0277649213833106,-0.011957900892279362,0.01942317649187688,0.041585424582318516,-0.004198065308290787,0.01596730006370641,0.022636158554664835,0.03216559226452033,0.05107197580242968
3.52745660426777,0.6282388135692057,0.889054355919583,2.0,113.0,128.0,123.0,82.0,73.0,33.0,24.0,6.0,0.0,4.0,2.0,134.0,113.0,131.0,127.0,121.0,130.0,113.0,129.0,125.0,122.0,125.0,113.0,0.16779661016949152,0.3576271186440678,0.4745762711864407,0.26500337154416725,0.3337828725556305,0.4012137559002023,0.011913626209977662,0.011913626209977662,0.016381236038719285,0.018615040953090096,0.0193596425912137,0.018615040953090096,0.0007446016381236039,0.0022338049143708115,0.0052122114668652275,0.0037230081906180195,0.03425167535368578,0.014147431124348473,0.03425167535368578,0.011913626209977662,0.018615040953090096,0.02084884586746091,0.01563663440059568,0.0029784065524944155,0.007446016381236039,0.00967982129560685,0.006701414743112435,0.01712583767684289,0.0022338049143708115,0.017870439314966492,0.020104244229337303,0.00967982129560685,0.026061057334326135,0.04690990320178704,0.0052122114668652275,0.027550260610573342,0.029039463886820552,0.011913626209977662,0.10573343261355175,0.0014892032762472078,0.04765450483991065,0.028294862248696945,0.04318689501116903,0.06626954579300075,0.05286671630677588,0.00967982129560685,0.03276247207743857,0.027550260610573342,0.008190618019359643,0.03723008190618019,0.0037230081906180195,0.020104244229337303,0.0022338049143708115,0.007446016381236039,0.005956813104988831,0.0007446016381236039,1.0,-0.01914313519765651,0.03839019568279055,-0.039841261886962506,0.035429231571415455,0.0004117653684714936,-0.030656549970097497,0.01946839756784836,0.012003404591692609,0.024095419330040873,0.00169533462569538,0.0253548030347432,0.013816405287346406,-0.0582015103727508,0.03532940194880013,0.004807043630242881,-0.01960401016191773,0.021683593515769768,0.011436021010416447,0.0066393645936496425,0.04950202236837676,0.010413009781291055,-0.01443904999656915,0.02551591907814075,0.014356394564610844,-0.00389663119648533,0.016896291057515535,-0.013058612674195023,-5.311225095329435e-05,-0.012440314534748953,0.006167941770450319,-0.01166306196551743,-0.052758978962238544,0.0018280748682825876,-0.02645730723870803,0.009742679082703902,-0.027031484785035483,0.004164526095567913,0.0053570975974136905,-0.006094779329072092,-0.0138402727892261,1.0,-0.019157399828951347,0.03809442666764193,-0.038562266986192584,0.03279011253947366,0.004524002828182889,-0.03493295577198967,0.02113517028793351,0.014241846874518894,0.020490319303769083,0.005373979449984639,0.023900812141348586,0.014274899892994741,-0.060626603297272964,0.03530010440845736,0.010796879258376146,-0.02946915196859441,0.029093073856869853,0.011979010530595599,-0.002940559270156272,0.05706733062287044,0.01133931766815931,-0.02055368903154037,0.0298854065220964,0.017027254337307823,-0.008819354716013585,0.016998423095384723,-0.009438439967369431,-0.008269342111748621,-0.015215454785195148,0.00879655163236487,-0.014899865723360294,-0.060969556677268937,0.009944856190241566,-0.028979706860869744,-0.0028108316616927385,-0.011831062799744085,-0.0032140872345306393,0.0015088047247151723,-0.0006465346860338469,-0.01823457249920198
3.480802594152421,0.6309755830515418,0.885331347728965,3.0,108.0,120.0,115.0,104.0,88.0,13.0,66.0,26.0,14.0,6.0,3.0,134.0,111.0,128.0,125.0,113.0,130.0,77.0,128.0,119.0,115.0,125.0,110.0,0.23573573573573572,0.3888888888888889,0.37537537537537535,0.27703180212014133,0.3335689045936396,0.3893992932862191,0.011169024571854059,0.008935219657483246,0.011913626209977662,0.01563663440059568,0.011169024571854059,0.01340282948622487,0.0022338049143708115,0.006701414743112435,0.0037230081906180195,0.004467609828741623,0.0387192851824274,0.00967982129560685,0.0387192851824274,0.007446016381236039,0.02531645569620253,0.026061057334326135,0.01340282948622487,0.0037230081906180195,0.011913626209977662,0.006701414743112435,0.0007446016381236039,0.026061057334326135,0.0022338049143708115,0.03425167535368578,0.008190618019359643,0.007446016381236039,0.029784065524944156,0.04393149664929263,0.005956813104988831,0.029784065524944156,0.020104244229337303,0.005956813104988831,0.11392405063291139,0.0052122114668652275,0.05137751303052867,0.027550260610573342,0.04169769173492182,0.05956813104988831,0.06105733432613552,0.007446016381236039,0.0379746835443038,0.02084884586746091,0.011169024571854059,0.04244229337304542,0.0014892032762472078,0.01340282948622487,0.004467609828741623,0.005956813104988831,0.006701414743112435,0.0022338049143708115,1.0,0.007942942946991561,-0.08487024218209599,0.0015027040377639162,-0.011912783306034496,-0.015745503125375343,-0.008479589563998495,0.016234626266444653,-0.010657806768201307,0.022375150551498725,0.013046813636977012,0.024296938100772547,-0.020702200935121897,-0.0030191955087693766,0.03734833426613908,0.03518415819457563,-0.015099524686474255,-0.002768115457634267,0.002860314600562523,-0.01739592928265036,0.019592329826675907,0.006871448189336972,-0.03668123834097686,0.05119267321239714,-0.018565887964435875,-0.03493362007723264,0.022758915387681763,-0.050869899172540554,0.0031544843653847766,0.02338894197884546,0.07749937078896604,0.0027900059965106894,0.012210146893903883,0.03298417132398435,-0.05293269510516751,-0.022298617014317183,-0.01975212923296432,-0.0214893843412027,0.03545613125449426,-0.01898752573742202,-0.05928387091480827,1.0,0.007948861682421529,-0.0850653789316492,0.002936776825233763,-0.019358984196331766,-0.01526612372274339,-0.011019337010528553,0.013980715177994762,-0.012952520742996913,0.025093776210335955,0.010185888872775967,0.02890599331893438,-0.019611372995512168,0.0026870189163436978,0.03507793328448404,0.037447557270468286,-0.010328841049114404,0.0038185682273796586,0.00015970653652194264,-0.014746598099253569,0.020067877802210553,0.0034752109584212185,-0.035269955813839654,0.054226544026819784,-0.02976514805948658,-0.028085105286532346,0.019642896286970864,-0.05726515897383227,0.00745598070621191,0.012427967075683567,0.07746103748693274,0.005676956989518839,0.024510759428658088,0.03634831225035643,-0.05026826805971675,-0.013934964889521487,-0.022163042367277938,-0.028960256202092065,0.03570337480402261,-0.028331827485897285,-0.061417704603860444
3.5125094331119113,0.6438094158369069,0.8845867460908414,1.0,119.0,127.0,126.0,105.0,78.0,29.0,34.0,32.0,30.0,5.0,6.0,134.0,119.0,129.0,127.0,125.0,130.0,107.0,127.0,127.0,124.0,121.0,125.0,0.16329479768786126,0.4234104046242775,0.41329479768786126,0.26153846153846155,0.33645484949832777,0.4020066889632107,0.0193596425912137,0.005956813104988831,0.011913626209977662,0.017870439314966492,0.011913626209977662,0.01340282948622487,0.0037230081906180195,0.008935219657483246,0.0052122114668652275,0.0022338049143708115,0.05212211466865227,0.011169024571854059,0.03201787043931496,0.0029784065524944155,0.027550260610573342,0.029784065524944156,0.023827252419955324,0.0014892032762472078,0.005956813104988831,0.004467609828741623,0.006701414743112435,0.023827252419955324,0.0022338049143708115,0.027550260610573342,0.01340282948622487,0.008935219657483246,0.035740878629932984,0.03127326880119136,0.0022338049143708115,0.034996276991809384,0.027550260610573342,0.012658227848101266,0.09828741623231571,0.0052122114668652275,0.05584512285927029,0.021593447505584513,0.03648548026805659,0.05361131794489948,0.06329113924050633,0.00967982129560685,0.029784065524944156,0.0193596425912137,0.00967982129560685,0.03648548026805659,0.0029784065524944155,0.021593447505584513,0.0029784065524944155,0.00967982129560685,0.004467609828741623,0.0,1.0,-0.02473064297702712,-0.007734681468162193,0.049011321068661046,-0.05602104741502623,0.02978069993988624,-0.03452340518889618,-0.03765309156816394,-0.0032302559550878027,-0.002837000118300652,0.02330893375289511,-0.009489443315564604,-0.021154373507221446,0.002431923346189837,-0.06732976376802167,-0.01147509186905112,0.02747003405579722,-0.016595666552865717,-0.04231417412957472,-0.03426462296473858,-0.03151727678569863,0.022773286165121056,-0.016782339433568248,-0.010824145705897289,0.03720366157774832,-0.005794609581439568,0.016545937248577322,0.0174150044108982,-0.013974915868010482,0.0011378430349608627,-0.002708673434323922,-0.017371887945422944,-0.02629305586206262,0.047216520816917996,0.0015306812836540483,0.004169550430810133,0.006489656696428428,0.024790337137082688,0.03388913091456796,0.011380001420517573,0.035753542714476554,1.0,-0.024749071175966777,-0.008363856684632971,0.04875400618157011,-0.0539964162327466,0.02823001595995833,-0.0368714145704521,-0.03375711901942096,-0.011281319420597055,0.0028043611158153417,0.02228607560925136,-0.009819313847627851,-0.02155665073232366,-0.003043069972417417,-0.06759424524006048,-0.015454852026244935,0.02616623715639887,-0.007387058175462838,-0.051396079800086036,-0.03989041845080104,-0.03633218542321047,0.017264960333380146,-0.01733371997832809,-0.009146599397396454,0.032525772766025744,-0.006806756636019305,0.004743853067836359,0.013548832438877494,-0.010700654454649992,-0.00570894466205822,0.00030735707069755644,-0.01819430046199102,-0.03745183249310045,0.044720733974818676,-8.186060711673717e-05,0.008794473940899406,-0.0030307551972091995,0.023797051588590676,0.03291817060975354,0.015582324003814995,0.037593452219456015
3.474755033303911,0.6332614790924147,0.8838421444527178,12.0,76.0,119.0,120.0,85.0,87.0,6.0,50.0,10.0,11.0,11.0,5.0,134.0,85.0,129.0,125.0,114.0,130.0,43.0,125.0,108.0,110.0,121.0,93.0,0.2516891891891892,0.38175675675675674,0.36655405405405406,0.2953682611996963,0.3470007593014427,0.357630979498861,0.007446016381236039,0.005956813104988831,0.011169024571854059,0.011169024571854059,0.00967982129560685,0.01340282948622487,0.0029784065524944155,0.007446016381236039,0.0037230081906180195,0.0029784065524944155,0.035740878629932984,0.008935219657483246,0.04765450483991065,0.0037230081906180195,0.017870439314966492,0.021593447505584513,0.01712583767684289,0.0029784065524944155,0.008935219657483246,0.004467609828741623,0.0052122114668652275,0.03425167535368578,0.0007446016381236039,0.03276247207743857,0.01563663440059568,0.011169024571854059,0.03648548026805659,0.05137751303052867,0.004467609828741623,0.040208488458674606,0.021593447505584513,0.006701414743112435,0.08637379002233805,0.0014892032762472078,0.04616530156366344,0.02680565897244974,0.04095309009679821,0.0573343261355175,0.07520476545048399,0.008190618019359643,0.0379746835443038,0.010424422933730455,0.007446016381236039,0.049143708116157855,0.0029784065524944155,0.017870439314966492,0.0022338049143708115,0.01340282948622487,0.008190618019359643,0.0022338049143708115,1.0,0.021280417010495576,0.004680883397144388,-0.008071719030655473,0.03088024716410971,0.02561350961295776,0.03853973802944863,0.012082622143566413,0.020073596754106946,0.040914093491171234,0.02421646491907002,0.02773934903305857,-0.015424196032925112,0.02480040082065848,0.00765231399536495,0.03619447159621834,-0.013449895486976417,0.013819360090772836,0.09169270842732188,0.037350666970299075,0.01724054205087421,0.009878820525753961,-0.022066243913904913,0.04111772920860958,-0.01566429714531088,-0.03319295622864967,0.049167439338123196,-0.0076160084477699145,0.006137486915758194,0.011538318494124981,0.030155834538609594,-0.008766632408438486,-0.0009804183040877045,0.015737744802721186,-0.009105215548691934,-0.013610430612069662,-0.003550322706300079,0.0338090904894533,0.0028292655834693736,0.009922528370618243,-0.008179203626191362,1.0,0.021296274251188938,0.004236254557478128,-0.008283322939644969,0.03131696648267962,0.02449011951535244,0.03738057641890786,0.010941648060597988,0.01897331796414195,0.03963252154772103,0.02012569183070335,0.024895957164270177,-0.019071914259196316,0.021998036044064705,0.0027285534061054577,0.0301911438727993,-0.017606135363056996,0.010181264908787142,0.09096429985924205,0.028521952449830745,0.013403031126908353,0.008606609788727482,-0.029183191461272483,0.03587884927715967,-0.030358724853887742,-0.0398550128129709,0.0471311567410542,-0.01898463204092639,-0.0020589537153496563,0.007336535782903246,0.03038425788647277,-0.010100545855285225,-0.007071535443839193,0.013252306318880046,-0.01314741616458134,-0.015315105029175673,-0.015862866747120122,0.0276542754224673,-0.0026825305177612916,0.006072918610232809,-0.0015370588144608742
3.498828032993189,0.6215788148062606,0.8845867460908414,12.0,90.0,118.0,119.0,98.0,89.0,18.0,52.0,20.0,13.0,17.0,2.0,134.0,100.0,131.0,125.0,122.0,130.0,65.0,129.0,121.0,117.0,123.0,90.0,0.2361111111111111,0.38580246913580246,0.37808641975308643,0.28334534967555874,0.34967555875991346,0.36697909156452774,0.020104244229337303,0.006701414743112435,0.014147431124348473,0.01563663440059568,0.014892032762472078,0.017870439314966492,0.0014892032762472078,0.008935219657483246,0.0007446016381236039,0.0037230081906180195,0.03723008190618019,0.005956813104988831,0.04095309009679821,0.007446016381236039,0.02308265078183172,0.026061057334326135,0.02084884586746091,0.0052122114668652275,0.00967982129560685,0.0029784065524944155,0.004467609828741623,0.03127326880119136,0.004467609828741623,0.03201787043931496,0.00967982129560685,0.010424422933730455,0.029784065524944156,0.05658972449739389,0.0022338049143708115,0.03127326880119136,0.02680565897244974,0.010424422933730455,0.10498883097542815,0.0052122114668652275,0.04169769173492182,0.020104244229337303,0.03425167535368578,0.06403574087862993,0.05956813104988831,0.005956813104988831,0.027550260610573342,0.016381236038719285,0.008935219657483246,0.04244229337304542,0.0022338049143708115,0.011169024571854059,0.004467609828741623,0.011169024571854059,0.0052122114668652275,0.0014892032762472078,1.0,0.02974491933408632,-0.015651077167512985,-0.0018376789388419887,0.0013894535874471683,0.026172780923138985,0.04981835736055706,0.011062768904843099,-0.01625992208036874,0.011853198780324661,-0.011035952200549655,-0.00012490120820944474,-0.025608580129068872,-0.005061357671849124,-0.020699907720513736,-0.007902333107615591,-0.050863572147287824,0.017014304911214567,-0.023817249303326134,-0.04114941998373078,-0.02097663893987597,0.0017062288615207644,0.03007537231636056,0.06114429165806491,0.04121129625370107,-0.00740649916647025,0.015138523820536386,0.027224008346334174,-0.007817608367060849,-0.038596909392322125,0.020417815707999474,-0.00788057623782305,0.01225811111321911,-0.007018765947791722,0.05153669863065148,0.00896329803716627,-0.04345543080683429,-0.024538420723830643,-0.00013556376385329648,0.04538583771295838,0.014631476832539793,1.0,0.02976708395356029,-0.016575185780379795,-0.0008750983714670823,0.001217382710530025,0.026177900331932045,0.04858745997163455,0.009088594333391473,-0.015358688381587486,0.013271492071633363,-0.013170013017394025,-0.0016023250877430536,-0.02918142511068864,-0.0038288172255269513,-0.02081108297786392,-0.007325154947786837,-0.05126669491132932,0.022210865384085936,-0.024841552167150366,-0.03764888504578729,-0.01845791976687332,0.005872540366492283,0.03288116921820777,0.06193810389546005,0.041666001753042727,-0.0001398440193941574,0.016716404837177453,0.025150743890595604,-0.018771739461609618,-0.04751749225047293,0.014277380768343515,-0.013718446398013458,0.005982812768525434,-0.01066847439439632,0.05659966127467371,0.010498408002527495,-0.04227694636147598,-0.021563457905472615,0.004807088637198038,0.04867880467620337,0.012079085530271903
3.467564109788316,0.6507634197074507,0.8830975428145942,11.0,108.0,122.0,120.0,75.0,75.0,31.0,29.0,13.0,7.0,22.0,4.0,134.0,113.0,127.0,123.0,121.0,126.0,89.0,127.0,114.0,113.0,121.0,102.0,0.18638573743922204,0.34846029173419774,0.4651539708265802,0.274468085106383,0.33404255319148934,0.39148936170212767,0.00967982129560685,0.006701414743112435,0.01712583767684289,0.01712583767684289,0.011913626209977662,0.008935219657483246,0.0014892032762472078,0.010424422933730455,0.007446016381236039,0.0007446016381236039,0.044676098287416234,0.00967982129560685,0.03723008190618019,0.005956813104988831,0.017870439314966492,0.0193596425912137,0.017870439314966492,0.0022338049143708115,0.006701414743112435,0.005956813104988831,0.0014892032762472078,0.02531645569620253,0.0029784065524944155,0.022338049143708117,0.016381236038719285,0.018615040953090096,0.03276247207743857,0.0379746835443038,0.0052122114668652275,0.04244229337304542,0.023827252419955324,0.008190618019359643,0.10796723752792256,0.0022338049143708115,0.05361131794489948,0.022338049143708117,0.03723008190618019,0.06403574087862993,0.06180193596425912,0.005956813104988831,0.03648548026805659,0.017870439314966492,0.012658227848101266,0.05212211466865227,0.0037230081906180195,0.010424422933730455,0.0014892032762472078,0.005956813104988831,0.0052122114668652275,0.0022338049143708115,1.0,-0.042969548224314015,-0.033894894893074776,-0.01459823596711928,0.015332917404032635,-0.031231027774423437,-0.07590873015885322,0.0020718057309423864,-4.861638269601187e-05,-0.019393652173838948,-0.002253043266154053,0.033184714785540255,-0.030145257316372215,-0.03593485997562931,0.00947510546531478,0.005215856521630515,0.026878667910049527,0.012174218453499749,0.059651397216056216,0.008962820734061976,0.019312076760621705,0.031433288354702556,0.009794962430122333,0.006363892258545629,-0.042112291634414815,-0.012737910824957746,0.04568195147270182,0.029658146300978832,-0.005031885630285888,-0.02155102944744695,0.03883875901919544,0.0059992127087067386,-0.03427425580825398,0.023030750569215063,0.005350876042644574,-0.023563481500709568,-0.030148641754952635,0.05909256519834976,0.004141540918915596,-0.007350585609858273,0.015877152921809547,1.0,-0.043001567261738975,-0.03586089297496806,-0.01774062412628887,0.012754644469215527,-0.031333059228254884,-0.07867211458795871,-0.006837493008416827,-0.0070093102986073675,-0.02210951400178489,-0.0038368845660985175,0.026822849590385753,-0.035063450257931034,-0.03806045712468581,0.003120032144631937,-0.001984063799541248,0.028746081359102862,0.018682542618856154,0.056948149328210074,0.011573041974929033,0.027022176519744343,0.0385639987804082,0.017990443712223823,0.020375821103269534,-0.028445052959376247,-0.013504421865488543,0.050212277571564844,0.04153842075908732,0.007593997155290965,-0.01690835841083245,0.03841946968281267,0.012814903153741572,-0.02472327783764312,0.030172719541856328,0.0032101604069033046,-0.022335564511471312,-0.03121750634969542,0.04649729252977685,-0.0013925248086977071,0.00011820445643139547,0.020722100136571216
3.4434533827945266,0.5867394723081606,0.8830975428145942,16.0,101.0,125.0,102.0,74.0,99.0,6.0,41.0,23.0,25.0,21.0,1.0,134.0,109.0,130.0,119.0,111.0,128.0,41.0,129.0,115.0,122.0,127.0,86.0,0.24605678233438485,0.35331230283911674,0.40063091482649843,0.28941524796447077,0.3456698741672835,0.3649148778682457,0.014147431124348473,0.005956813104988831,0.011169024571854059,0.010424422933730455,0.00967982129560685,0.010424422933730455,0.0,0.00967982129560685,0.0014892032762472078,0.0029784065524944155,0.04393149664929263,0.00967982129560685,0.03425167535368578,0.007446016381236039,0.018615040953090096,0.024571854058078928,0.011169024571854059,0.0029784065524944155,0.02084884586746091,0.004467609828741623,0.0014892032762472078,0.026061057334326135,0.0029784065524944155,0.03127326880119136,0.014892032762472078,0.012658227848101266,0.020104244229337303,0.05212211466865227,0.0052122114668652275,0.04393149664929263,0.02084884586746091,0.01340282948622487,0.0967982129560685,0.06180193596425912,0.0,0.027550260610573342,0.04690990320178704,0.05956813104988831,0.06626954579300075,0.0052122114668652275,0.029039463886820552,0.014147431124348473,0.006701414743112435,0.049143708116157855,0.0014892032762472078,0.01712583767684289,0.0007446016381236039,0.007446016381236039,0.010424422933730455,0.0007446016381236039,1.0,0.0012002278060403353,-0.03212652945451929,-0.0022689036526586854,-0.029670213276243928,0.030823509329283127,0.016391445385232645,0.006616624339639155,-0.0358727530920863,0.010275094790868997,-0.039804745514708285,-0.012962360079132611,-0.03447978878395828,0.024286435072085232,-0.0041758673120956,-0.025779016796052087,0.011963120936771465,-0.010987357154574731,0.0002979452132797592,-0.006374219082435868,-0.00023658309939799904,0.03588924327519547,-0.01624323200362133,0.03632972007341453,0.0046441159155364104,-0.016293956313426283,0.04854668102880292,-0.03000494228356054,-0.021621818287723724,0.007124102836596187,0.021376254125923866,0.01333691516521803,-0.04157673871921281,-0.007474868495363673,0.021250627266952187,-0.03904140911730967,-0.023502586947971478,-0.020981981207383326,0.02107799213379525,0.008335026868118364,-0.024755572721456377,1.0,0.0012011221635709107,-0.032175932856042276,-0.0021977256232993824,-0.0308208057700756,0.030925076400325185,0.014426504227203532,0.008536275147017837,-0.03602454341935526,0.012928581722024178,-0.042713403014885735,-0.012716996211583799,-0.04064763908263637,0.026771123588741435,-0.009316706995255221,-0.022315588164512436,0.009947484977973401,-0.006950289816815856,-0.002968694893745585,-0.00839430883435299,-0.002480352025090756,0.037526486448749896,-0.020912281850661536,0.03928785941346838,0.0038319835177866306,-0.012664893091065405,0.04636709421017937,-0.03257241917397721,-0.01900326603254491,0.00402151949371241,0.021067292223488996,0.015947625052107162,-0.04426767479101737,0.00039412184634402263,0.023052142388940346,-0.04260362758765067,-0.023898820663763313,-0.02627093055946799,0.030232844205615814,-0.0019209872071178852,-0.025291565439677373
3.381098898896041,0.6029117410527992,0.8875651526433358,11.0,97.0,122.0,117.0,89.0,87.0,2.0,59.0,13.0,34.0,8.0,2.0,134.0,105.0,129.0,125.0,123.0,126.0,9.0,125.0,119.0,118.0,120.0,109.0,0.24492979719188768,0.39469578783151327,0.36037441497659906,0.28688524590163933,0.36140089418777943,0.35171385991058124,0.008190618019359643,0.0052122114668652275,0.005956813104988831,0.008935219657483246,0.010424422933730455,0.008190618019359643,0.0,0.012658227848101266,0.0007446016381236039,0.0022338049143708115,0.044676098287416234,0.006701414743112435,0.04988830975428146,0.006701414743112435,0.01563663440059568,0.03052866716306776,0.011913626209977662,0.0029784065524944155,0.01340282948622487,0.0022338049143708115,0.0007446016381236039,0.027550260610573342,0.0022338049143708115,0.034996276991809384,0.00967982129560685,0.01712583767684289,0.05137751303052867,0.04839910647803425,0.0037230081906180195,0.04690990320178704,0.020104244229337303,0.008190618019359643,0.11169024571854058,0.0014892032762472078,0.05584512285927029,0.01340282948622487,0.035740878629932984,0.06775874906924795,0.055100521221146684,0.00967982129560685,0.03350707371556218,0.01712583767684289,0.0052122114668652275,0.044676098287416234,0.0022338049143708115,0.01340282948622487,0.0014892032762472078,0.007446016381236039,0.004467609828741623,0.0014892032762472078,1.0,0.032016807494159236,-0.03699026027034248,0.021096004007154546,-0.014298331610941978,-0.03349471148690281,-0.041506078578637015,0.004118778560552913,0.021129655399860614,-0.002784495144093529,0.04021839515257159,0.013312160435990872,-0.023243365698185928,0.019550714550165955,0.0022430705374941696,0.012074577198961656,-0.0685531662289473,-0.004083866554422622,-0.021107479854419766,-0.0422442362564675,-0.029103532741372947,-0.00044209621749462897,0.020204443710185337,-0.012885415846217118,0.008608583613155333,-0.050282144035015165,-0.0370195086251278,-0.018630549779260267,-0.033506478303248495,0.03940675526551746,-0.004932160825799235,0.0014322693342278402,0.04182286790365083,-0.023248480987558988,-0.010712829075599947,-0.024593998148042952,0.011433678210904111,0.0012390107526081427,-0.004758169072343863,-0.0058707231275747125,0.01969032659098979,1.0,0.03204066502582401,-0.03811115773422778,0.02365514465362143,-0.017314849775518483,-0.030937556190604766,-0.041379536569026536,0.005162426880625575,0.01906107548394339,-0.002934510651508765,0.0399697949703859,0.007213928260562398,-0.021870468920622884,0.021888509477345938,0.001393805070626585,0.017216153688238773,-0.06895572476085059,0.0015024540096014105,-0.02994011125965528,-0.03635747543803945,-0.031017713202930154,-0.005428165428454165,0.015687843570401296,-0.017771245762763208,0.008290278507393209,-0.06012988716325527,-0.029310595328030778,-0.017704075215110783,-0.03416826534091003,0.047320906186768014,-0.01332066207650963,0.0034654299198427297,0.029642453055215838,-0.0233092487861321,-0.007185881383765029,-0.027733064802418564,0.016395722471868605,-0.0066246462687405295,0.0031123733985435114,-0.017827105223881177,0.019197098734235255
3.4956034731618266,0.6363460797495538,0.8875651526433358,3.0,107.0,125.0,104.0,94.0,69.0,24.0,40.0,6.0,33.0,11.0,6.0,134.0,107.0,129.0,117.0,117.0,124.0,107.0,121.0,113.0,119.0,117.0,107.0,0.18006430868167203,0.38102893890675243,0.43890675241157556,0.26841359773371104,0.330028328611898,0.40155807365439095,0.014892032762472078,0.0037230081906180195,0.01340282948622487,0.01563663440059568,0.01563663440059568,0.011169024571854059,0.0007446016381236039,0.006701414743112435,0.0037230081906180195,0.0037230081906180195,0.03127326880119136,0.007446016381236039,0.0379746835443038,0.0052122114668652275,0.022338049143708117,0.029039463886820552,0.010424422933730455,0.006701414743112435,0.011169024571854059,0.005956813104988831,0.0029784065524944155,0.016381236038719285,0.0029784065524944155,0.03127326880119136,0.014147431124348473,0.008190618019359643,0.03052866716306776,0.04095309009679821,0.0052122114668652275,0.03276247207743857,0.03276247207743857,0.01340282948622487,0.10796723752792256,0.0037230081906180195,0.05063291139240506,0.04169769173492182,0.03723008190618019,0.058823529411764705,0.06105733432613552,0.011169024571854059,0.03276247207743857,0.011913626209977662,0.008190618019359643,0.04169769173492182,0.0029784065524944155,0.01712583767684289,0.0014892032762472078,0.011913626209977662,0.011169024571854059,0.0,1.0,0.009755195487233822,0.0009954624001322736,0.04950191754078998,0.043290583017280664,0.00720845847639029,0.01593796954330861,0.0018866982108058903,-0.011721033404497498,0.008907638420188695,-0.0011423384422607282,-0.039551414615908366,0.07348733546452144,-0.003728650535592346,-0.0027572752261268295,-0.00394303543828274,-0.02775796189672444,-0.003947094039083572,-0.0017394321079635265,-0.06178057705280957,-0.0001569936291286951,-0.016383634928684603,-0.016949978930280576,-0.03168316396908544,-0.011489406868582248,-0.022319567804873913,0.0349271969162856,-0.018535392150237376,-0.031566798032631134,0.05455005999709513,0.06313326911050114,-0.026976310184603922,0.028210366646277785,0.011616995409204937,0.03306322000702861,0.033485909692065635,-0.0003716250470340358,0.042201396102974555,-0.006481056294247953,0.004771674376279356,0.012483288911887045,1.0,0.009762464634392728,0.0009017272809818864,0.049598983156721975,0.042562380115597154,0.006449230893609648,0.013466759705536941,-0.002581282052901439,-0.01436989711184635,0.0071629945974433845,-0.002567678767464088,-0.03893309975303577,0.07534183564221175,-0.005461629962291731,0.0015556598901236864,-0.007988734066852162,-0.034034259917083136,-0.0026904108341062297,-0.0032350508283841106,-0.06091241393762115,0.0070155170689541685,-0.017110033167746657,-0.011452457540040867,-0.020950607228745612,-0.016182342853202494,-0.017527075354863527,0.04044901002259387,-0.01946435340084413,-0.023157631541254574,0.05615704248757901,0.05880421909394359,-0.016287538045951542,0.023604378161405478,0.0020306440961194317,0.03231568978245421,0.030671908825552333,-0.006954036150121811,0.04777273378112255,-0.02463059672437094,-0.0002739132948600568,0.014950141612557545
3.4605224796657734,0.6193115587119098,0.8801191362620998,6.0,104.0,121.0,107.0,79.0,90.0,21.0,33.0,24.0,18.0,8.0,26.0,134.0,116.0,126.0,121.0,111.0,130.0,71.0,122.0,117.0,119.0,115.0,106.0,0.20251177394034536,0.3579277864992151,0.43956043956043955,0.2780979827089337,0.3371757925072046,0.38472622478386165,0.018615040953090096,0.010424422933730455,0.011169024571854059,0.012658227848101266,0.010424422933730455,0.01712583767684289,0.0014892032762472078,0.008190618019359643,0.006701414743112435,0.0007446016381236039,0.03723008190618019,0.004467609828741623,0.044676098287416234,0.004467609828741623,0.020104244229337303,0.022338049143708117,0.010424422933730455,0.0029784065524944155,0.008190618019359643,0.0052122114668652275,0.004467609828741623,0.03276247207743857,0.0014892032762472078,0.02531645569620253,0.02308265078183172,0.01712583767684289,0.02531645569620253,0.044676098287416234,0.0037230081906180195,0.0387192851824274,0.020104244229337303,0.014147431124348473,0.10424422933730454,0.0022338049143708115,0.04765450483991065,0.018615040953090096,0.0379746835443038,0.05137751303052867,0.08339538346984364,0.006701414743112435,0.04095309009679821,0.016381236038719285,0.0037230081906180195,0.04095309009679821,0.0029784065524944155,0.01340282948622487,0.0014892032762472078,0.011169024571854059,0.008190618019359643,0.0,1.0,0.05600129329841048,-0.008343045435951582,0.020977703947023797,0.03406861409573884,0.02713373443737392,0.013314211872335883,-0.01934978436880778,0.011663469624649946,-0.02312671369902556,-0.04093360465896604,-0.001497056727756624,-0.02452879207553981,0.0012404426930316022,0.044278794076648136,0.034471406772578504,-0.031086881403121033,-0.0017466054068729102,-0.010922111626737637,0.018545762098981754,0.005891543781383307,-0.07329960471437125,-0.03606358691964336,-0.02563317555492886,0.020768684243921084,0.039410659679623504,-0.06188976431709647,0.005650574729582136,-0.01635653047178609,-0.0007581381336531397,-0.024241666364180767,0.006271604435689548,-0.023752659949189545,-0.011036440005402454,-0.04622258689820976,-0.008023308746289037,0.006416281139536621,0.01800147379035255,0.005432100260166083,-0.017060795783474636,-0.004806157805774838,1.0,0.05604302302516041,-0.011532530493917243,0.022217380377888438,0.03174062915844533,0.024080321819253913,0.010829967782220945,-0.02170097970406854,0.012249273516391835,-0.027378247358769276,-0.03900508885429496,0.0025921083668040594,-0.024806477519542958,0.007213839376971388,0.047238336658607015,0.03446669644180848,-0.03315001092552381,0.000643748745113138,-0.015428889277745968,0.013756175885728606,0.0021599254389352653,-0.07363915339485785,-0.029506368937504992,-0.02468207738557148,0.03177067517141269,0.04456187523218012,-0.060804684141884016,0.018530861968267358,-0.028256090337050566,0.0007022149286937207,-0.027149643156183786,0.00793751158754779,-0.026852649577500734,-0.01564487678088019,-0.042383953465974025,0.004043139458622277,0.015079364368281263,0.023022783601006583,0.0015455491898987094,-0.02699603633256124,-0.0003727789659194656
3.4072066155592133,0.5972749573894589,0.8838421444527178,7.0,86.0,126.0,121.0,85.0,102.0,11.0,51.0,36.0,9.0,15.0,0.0,134.0,98.0,131.0,127.0,122.0,130.0,35.0,127.0,119.0,125.0,127.0,83.0,0.2465331278890601,0.386748844375963,0.3667180277349769,0.28792341678939615,0.3630338733431517,0.3490427098674521,0.01340282948622487,0.0037230081906180195,0.011169024571854059,0.011169024571854059,0.011169024571854059,0.00967982129560685,0.0014892032762472078,0.011913626209977662,0.0037230081906180195,0.004467609828741623,0.039463886820551006,0.005956813104988831,0.03127326880119136,0.006701414743112435,0.020104244229337303,0.03201787043931496,0.012658227848101266,0.0022338049143708115,0.01340282948622487,0.0029784065524944155,0.0014892032762472078,0.035740878629932984,0.0007446016381236039,0.028294862248696945,0.01340282948622487,0.01340282948622487,0.040208488458674606,0.039463886820551006,0.0029784065524944155,0.044676098287416234,0.020104244229337303,0.00967982129560685,0.11615785554728221,0.0029784065524944155,0.058078927773641105,0.021593447505584513,0.040208488458674606,0.06850335070737155,0.05361131794489948,0.008935219657483246,0.04318689501116903,0.007446016381236039,0.005956813104988831,0.049143708116157855,0.0014892032762472078,0.011913626209977662,0.004467609828741623,0.0022338049143708115,0.0052122114668652275,0.0,1.0,0.02432420061505428,0.017590848591781075,-0.018179981328561724,-0.03888271521201966,0.016245440621630337,-0.00579717691864049,-0.0022854009353834547,-0.0056608720669102785,-0.008815415914686153,0.005780105879655388,-0.03410551535757164,-0.0031762813480534207,-0.04333376587230569,-0.0402988888854735,-0.021057246786639394,-0.04941200642796506,-0.008310013130599009,-0.03835159661233232,0.0018092998103944717,-0.02881760758792958,-0.010223338044250782,0.008914128579171786,0.03305877329047686,0.04099321286307407,-0.04190399985441557,0.03185747208612815,-0.009981015213733294,0.017915464271227418,0.001141311710031167,0.03596058862497895,0.01345918956226794,0.026372416884698005,0.025434734168635734,0.016261141867726203,-0.062401819546652644,0.004018254302419239,-0.038597362010915466,0.0049610666702064495,0.04975490000096155,0.002450173167035671,1.0,0.02434232595083299,0.017034629027857472,-0.01907371454005557,-0.03844872203533694,0.018861199916112195,-0.005624877819587594,-0.004095910509730628,-0.006216821222680422,-0.007326879738097872,0.0055856773995558015,-0.034740351458712904,-0.0024279427886723204,-0.04278770970598447,-0.0393709303439366,-0.021201597435992297,-0.048764898423252295,-0.01099025521768086,-0.04024256462287882,0.0004961214605891992,-0.033806022802755985,-0.011086504499118055,0.00419036915497394,0.03255283571168871,0.03345616417833105,-0.049628983843405076,0.03224033824683827,-0.014497168450330148,0.0142501297875915,-0.011950798388529906,0.03646528866427042,0.0034508749199500767,0.021635372337603688,0.02154040498167447,0.013046437735869536,-0.06373825567486335,0.004809212506519269,-0.029652741531767533,0.0028621500844530855,0.052842320156237146,0.005052740103746419
3.2554746829398375,0.5475365459717532,0.8845867460908414,3.0,88.0,127.0,112.0,72.0,102.0,0.0,68.0,24.0,21.0,10.0,4.0,134.0,108.0,129.0,123.0,122.0,130.0,0.0,128.0,125.0,125.0,127.0,93.0,0.27416798732171155,0.3629160063391442,0.3629160063391442,0.2916666666666667,0.36830357142857145,0.3400297619047619,0.004467609828741623,0.0037230081906180195,0.006701414743112435,0.0037230081906180195,0.005956813104988831,0.004467609828741623,0.0014892032762472078,0.011169024571854059,0.0022338049143708115,0.0022338049143708115,0.0379746835443038,0.0052122114668652275,0.049143708116157855,0.0022338049143708115,0.020104244229337303,0.012658227848101266,0.007446016381236039,0.0014892032762472078,0.022338049143708117,0.0029784065524944155,0.0007446016381236039,0.054355919583023084,0.0014892032762472078,0.044676098287416234,0.008935219657483246,0.02084884586746091,0.04318689501116903,0.06329113924050633,0.0022338049143708115,0.05584512285927029,0.014892032762472078,0.0037230081906180195,0.09233060312732688,0.0007446016381236039,0.06478034251675353,0.010424422933730455,0.05286671630677588,0.07073715562174236,0.06105733432613552,0.0014892032762472078,0.044676098287416234,0.008935219657483246,0.0022338049143708115,0.05063291139240506,0.0014892032762472078,0.007446016381236039,0.0007446016381236039,0.0029784065524944155,0.0029784065524944155,0.0014892032762472078,1.0,-0.03339038692157001,0.015441575501318947,-0.003464789092524639,-0.011058195282403795,-0.038361444630740336,-0.029000671017083736,0.018417640172115123,0.033664859648525725,-0.00405159764171017,-0.005483149014560273,0.006781185419852548,-0.01251438496778803,-0.01795819673805685,-0.03440933258868447,0.04036837056255609,0.009651575757058635,0.03551235559647092,-0.030890609747035426,-0.022431139968495814,-0.024024054098846014,-0.0585093768942741,0.0047702834538701526,-0.03085756974816093,-0.005579987469782908,0.054393833403229404,0.04463276870027606,-0.010903436472771614,0.02488805728732981,-0.016516463268749136,-0.028879141685939354,-0.021731127545571237,0.0003403867736678148,0.04705776698797114,0.011206980226051905,0.009746756856923085,-0.004291577773924065,0.016631895752201604,-0.029818798041158053,0.012643312913054719,-0.006889547471732456,1.0,-0.03341526798484986,0.014364063936352346,-0.0024865246553735115,-0.011524745424522394,-0.03921794836780741,-0.03147172404801841,0.017614252723389855,0.03578288181871793,-0.0033452791058410725,-0.009090927071434404,0.004671567730588905,-0.010697111231375244,-0.015448285046532617,-0.034453483634466535,0.03723475341887258,0.01233518929185978,0.035189294287773155,-0.032071137893849036,-0.029209387888309943,-0.022640802368219175,-0.05438748765300364,0.0049549098405948,-0.034104923585917046,-0.014694850981657874,0.05134794157593767,0.04665277898581979,-0.011051111452151822,0.02389143221351274,-0.009362088525971706,-0.027354608050116882,-0.01610956707828004,-0.0055257050738496075,0.0427689750605381,0.011841129172376829,0.00829819465291722,-0.004050069784744038,0.017046014154164547,-0.017737298561846637,0.015858908060364142,-0.008107864628747057
3.51547921201665,0.6369016000018014,0.8808637379002234,6.0,113.0,125.0,117.0,84.0,85.0,36.0,42.0,22.0,22.0,2.0,1.0,134.0,112.0,129.0,123.0,119.0,128.0,105.0,127.0,113.0,113.0,119.0,111.0,0.20305343511450383,0.37404580152671757,0.42290076335877863,0.27145847871598044,0.32658757850662945,0.4019539427773901,0.01563663440059568,0.007446016381236039,0.016381236038719285,0.011913626209977662,0.005956813104988831,0.017870439314966492,0.0007446016381236039,0.008190618019359643,0.010424422933730455,0.0022338049143708115,0.03648548026805659,0.0037230081906180195,0.03276247207743857,0.007446016381236039,0.020104244229337303,0.029784065524944156,0.018615040953090096,0.004467609828741623,0.00967982129560685,0.0052122114668652275,0.0029784065524944155,0.023827252419955324,0.0037230081906180195,0.023827252419955324,0.012658227848101266,0.01340282948622487,0.02680565897244974,0.044676098287416234,0.007446016381236039,0.03648548026805659,0.023827252419955324,0.01563663440059568,0.10647803425167536,0.0022338049143708115,0.058823529411764705,0.018615040953090096,0.035740878629932984,0.06254653760238273,0.06105733432613552,0.014892032762472078,0.027550260610573342,0.01712583767684289,0.005956813104988831,0.04169769173492182,0.004467609828741623,0.02084884586746091,0.0052122114668652275,0.008935219657483246,0.005956813104988831,0.0014892032762472078,1.0,0.05757306958889393,-0.006153347027230893,-0.00712695711114845,-0.0010706899703624177,0.014949648389355294,-0.018091377137268893,-0.029418624242449398,0.0014779546636635654,0.023645720508693648,0.032492247885878296,0.0375647956938482,0.00794742467672175,-0.02464038022451492,-0.004980231033654097,0.016119084258202472,-0.008524177381393912,-0.04004772986118742,-0.020132783776613348,-0.017277327209019585,0.024872213661223774,-0.05041542598489021,0.021690243643247547,0.03860751238783626,-0.010578768374173606,-0.004516588328667457,-0.005598492451078743,-0.03089862238116649,-0.02297764066311977,-0.06667790331663691,0.0038339583077734024,-0.013475963343537314,0.009589161579611209,0.04075973058854443,-0.011262643842205104,0.029690622396855316,0.002164576269683323,0.004697551403981629,0.01144058818926829,0.01004237275423013,0.004537674080975451,1.0,0.05761597053493633,-0.009513706038401537,-0.006257671297955306,-0.0003559236756953761,0.015036461927089174,-0.02004536668312995,-0.027248025003612394,0.004726068117005067,0.022929135997227023,0.029562841676290516,0.035359814144234746,0.005177819458518753,-0.02599081093513255,-0.003034905858369386,0.01671655235838955,-0.009624374346542983,-0.03699786496863567,-0.013695846143428921,-0.018320856813870835,0.022102228333181456,-0.05659597553033722,0.02986117023826898,0.03606519506489714,-0.016312451908582624,-0.004518473013905711,-0.002675489870811508,-0.029666050109537323,-0.018456382668979386,-0.06232820839177157,0.012854215692319926,-0.01767032909389764,0.012087014125957302,0.039106700502547144,-0.022334279301210624,0.02978629813569394,0.0012764254573067865,0.007373580969748624,0.011389795202294595,0.018490492093000962,0.008686494200322924
3.51028234469942,0.6726431297448284,0.8771407297096053,3.0,109.0,121.0,122.0,104.0,91.0,37.0,25.0,13.0,13.0,14.0,0.0,134.0,119.0,125.0,124.0,122.0,127.0,111.0,127.0,123.0,125.0,121.0,111.0,0.18251533742331288,0.38650306748466257,0.43098159509202455,0.26412525527569775,0.336283185840708,0.39959155888359427,0.0193596425912137,0.008935219657483246,0.01340282948622487,0.01340282948622487,0.017870439314966492,0.016381236038719285,0.0007446016381236039,0.006701414743112435,0.005956813104988831,0.005956813104988831,0.03276247207743857,0.01563663440059568,0.044676098287416234,0.00967982129560685,0.01563663440059568,0.020104244229337303,0.018615040953090096,0.0037230081906180195,0.005956813104988831,0.0037230081906180195,0.0037230081906180195,0.02308265078183172,0.0014892032762472078,0.029784065524944156,0.01563663440059568,0.007446016381236039,0.029784065524944156,0.04988830975428146,0.005956813104988831,0.03425167535368578,0.026061057334326135,0.01563663440059568,0.10275502606105734,0.0022338049143708115,0.04765450483991065,0.018615040953090096,0.03350707371556218,0.06180193596425912,0.06775874906924795,0.006701414743112435,0.027550260610573342,0.017870439314966492,0.007446016381236039,0.04690990320178704,0.0037230081906180195,0.014147431124348473,0.004467609828741623,0.006701414743112435,0.005956813104988831,0.0022338049143708115,1.0,0.007547468779070161,0.032410300986942156,0.03967401368272871,-0.019120080715085766,0.009066673961676538,-0.004242090971243884,0.02162616404978801,-0.04430986415736565,-0.007454641954625005,-0.018125423602609814,0.022969060737301688,-0.025075636753192347,0.03295899753899399,0.040727429150358374,-0.04456595580047281,-0.007813802225034317,-0.03854472307774006,-0.00979479734523841,-0.020436201522898947,-0.006090911307150992,0.002666047432507889,-0.02099673267184661,-0.01883001981194802,-0.012309696869436079,-0.013093431193157838,-0.027071842314598388,0.04474956310063986,0.01159927800306166,-0.031395542977332144,-0.024337766639672936,0.009737202633937384,-0.023329113559364158,0.0005154617531686645,0.03905979241863031,0.025254181382793787,0.02659875015891223,-0.019809025368176164,-0.03789174569051406,0.005626260577879711,-0.011887724729770406,1.0,0.007553092824360076,0.032403437877093606,0.03932440196106423,-0.020811780961587933,0.006826115273117052,-0.004650050901216904,0.022938315329347064,-0.04579900356478534,-0.007628223561943634,-0.017357593130077256,0.02870921940856469,-0.026438297954714966,0.03441300070485248,0.03884720794845959,-0.04269690425117147,-0.016060264792465365,-0.037410585380390576,-0.0069006271179270435,-0.01663650260555348,-0.005432438594584992,0.0048958523172719275,-0.014723169048782429,-0.02012260015461053,-0.012479719511453314,-0.015507904212588212,-0.02421255746669997,0.04075322183913268,0.015211893272960618,-0.03067269809377444,-0.029020094847785005,0.014351467068214623,-0.02412859993753546,0.0010791344718712901,0.03312046590102851,0.030353024441816027,0.027409598588921356,-0.025006101523598064,-0.04894890283014093,0.008051577875736782,-0.012019727747113072
3.470049047632053,0.6010238252793745,0.8845867460908414,1.0,116.0,125.0,121.0,89.0,102.0,44.0,58.0,14.0,13.0,10.0,0.0,134.0,123.0,129.0,125.0,120.0,130.0,105.0,126.0,124.0,121.0,127.0,116.0,0.23232323232323232,0.341991341991342,0.42568542568542567,0.2635135135135135,0.3310810810810811,0.40540540540540543,0.014147431124348473,0.005956813104988831,0.014892032762472078,0.010424422933730455,0.01340282948622487,0.014892032762472078,0.0007446016381236039,0.008190618019359643,0.008190618019359643,0.004467609828741623,0.026061057334326135,0.008935219657483246,0.04169769173492182,0.00967982129560685,0.017870439314966492,0.01712583767684289,0.012658227848101266,0.0014892032762472078,0.006701414743112435,0.005956813104988831,0.004467609828741623,0.029784065524944156,0.0022338049143708115,0.03648548026805659,0.016381236038719285,0.012658227848101266,0.028294862248696945,0.040208488458674606,0.0037230081906180195,0.03425167535368578,0.026061057334326135,0.011913626209977662,0.10945644080416977,0.0022338049143708115,0.0573343261355175,0.029039463886820552,0.026061057334326135,0.07073715562174236,0.06478034251675353,0.0029784065524944155,0.035740878629932984,0.0193596425912137,0.005956813104988831,0.03723008190618019,0.0007446016381236039,0.024571854058078928,0.0022338049143708115,0.016381236038719285,0.004467609828741623,0.0007446016381236039,1.0,0.03469751097549813,0.03475557002687421,-0.012542707450287816,0.010151024213618607,0.03757446647787283,0.014179486035863763,-0.04186423295959732,-0.02855985266345074,0.0036727072655907632,0.033633653051058636,-0.041263728848822685,0.005902415040251617,-0.004597970485242346,-0.02844247772916241,-0.011038087851579788,0.0004817070470937605,0.021639226794343148,-0.017599589643685194,-0.026521336621348857,-0.051807012758242815,-0.013476984586109339,0.017353900753244608,0.010986754735751865,-0.017474348326066536,0.040180491957391797,0.03341707883139749,0.02220946516013261,-0.021019831074128477,0.04457121879261583,0.007238855798692147,0.0007458476479145635,0.009193349871709921,0.012726033222713245,-0.027391719613335596,-0.013559963737969161,0.02508208723019998,0.030706819457656718,0.02836545359255621,-0.00711684783903279,-0.002900750966822632,1.0,0.034723366050740674,0.03364225605591044,-0.014941836091870078,0.009965362507533956,0.03807862324974827,0.010829657072741153,-0.04546233231149899,-0.025809433046418938,0.008365855128577664,0.03276021688007917,-0.04563034077936224,0.010239036646390805,0.0022162134993992375,-0.032835011534799355,-0.013422849839339005,0.005676106096206359,0.026031720951063576,-0.02201659346452152,-0.02734279742869822,-0.047471313586735044,-0.00889445472264631,0.014693019065573612,0.011587896465146621,-0.012582686712511823,0.04476637434915774,0.03078326231393587,0.008882275994009776,-0.026551141928100024,0.048720451831470696,0.00742554876030953,-0.011103625624565789,0.009227097736084454,0.01873177916093509,-0.033142564575624714,-0.022757510515027404,0.03682056665725209,0.03800139747145242,0.022497847209394607,-0.016514559540496198,0.004677997546816349
3.483681137301491,0.6122122697790681,0.8860759493670886,4.0,117.0,128.0,122.0,112.0,82.0,33.0,30.0,28.0,10.0,9.0,1.0,134.0,119.0,131.0,125.0,121.0,130.0,105.0,126.0,121.0,123.0,124.0,109.0,0.17159763313609466,0.40236686390532544,0.4260355029585799,0.2656675749318801,0.3337874659400545,0.40054495912806537,0.017870439314966492,0.0037230081906180195,0.011913626209977662,0.01563663440059568,0.016381236038719285,0.01712583767684289,0.0007446016381236039,0.008935219657483246,0.0037230081906180195,0.0007446016381236039,0.045420699925539834,0.006701414743112435,0.04095309009679821,0.0037230081906180195,0.022338049143708117,0.026061057334326135,0.01563663440059568,0.0014892032762472078,0.008190618019359643,0.0052122114668652275,0.0029784065524944155,0.02084884586746091,0.0037230081906180195,0.02308265078183172,0.01712583767684289,0.012658227848101266,0.027550260610573342,0.03350707371556218,0.00967982129560685,0.03052866716306776,0.027550260610573342,0.01340282948622487,0.0975428145941921,0.005956813104988831,0.06626954579300075,0.023827252419955324,0.03052866716306776,0.05658972449739389,0.07371556217423679,0.011169024571854059,0.03201787043931496,0.021593447505584513,0.007446016381236039,0.045420699925539834,0.0022338049143708115,0.017870439314966492,0.0014892032762472078,0.006701414743112435,0.0029784065524944155,0.0014892032762472078,1.0,0.010246987374419682,-0.03888178887039782,-0.007120093723217915,-0.029448052065042887,0.020274504255257148,-0.020432110256795966,-0.004673157764257156,-0.00609765153824262,-0.00599523066580991,0.008257775038661774,0.01580502696610643,-0.0275383804385809,0.025113667243753076,0.02854124323516052,-0.016149933008294495,-0.0020441880541724085,-0.030783105817311595,-0.000995603647157907,0.002654679005056601,-0.0336595634729395,0.013844027934308471,-0.009534338254399718,-0.0045473358922640305,0.00013076161202815097,0.011547331507722672,0.00575665678257687,-0.006682430189050331,0.009039216126796958,0.0210602768154278,-0.03778438072097953,-0.008545760892313809,0.0017575965288668678,0.024978420021935854,-0.025216343791199435,-0.04931122724556121,0.0111294038327908,0.03784151516722209,-0.0015555032223034547,0.031338507248747406,0.02304405794928962,1.0,0.010254622983491531,-0.03904904169957852,-0.006331013949744563,-0.030966472844482045,0.020502530809977392,-0.023460606529851442,-0.002982707195596988,-0.008521554984106016,-0.005212592990645159,0.006053693150929185,0.015951283212036368,-0.02851653552002218,0.027281762855515954,0.0266053957181373,-0.014869439282598616,-0.001340551004101268,-0.028743164094991343,-0.0010630194947553382,-0.0005011997897980612,-0.03324248889170884,0.01257502533321681,-0.010974442212329153,-0.00441996089207917,-0.004943840365653391,0.013892805155711048,0.003779990667759887,-0.007227314867280084,0.01010372566821064,0.02084088735689069,-0.037477562895110644,-0.00362508132207719,-0.0028475741154282887,0.028303622312214845,-0.029694751249315685,-0.048090235674537504,0.010370948868335908,0.0353766463085117,-0.005472700594692554,0.03200009063357413,0.02447698441201819
3.473632126399786,0.627299810073053,0.8719285182427401,0.0,107.0,122.0,111.0,100.0,81.0,32.0,20.0,11.0,8.0,1.0,0.0,134.0,111.0,126.0,117.0,118.0,125.0,111.0,121.0,111.0,111.0,111.0,109.0,0.1703204047217538,0.38785834738617203,0.4418212478920742,0.2704626334519573,0.32526690391459073,0.40427046263345195,0.02084884586746091,0.011169024571854059,0.014147431124348473,0.00967982129560685,0.01563663440059568,0.01712583767684289,0.0,0.005956813104988831,0.004467609828741623,0.0014892032762472078,0.04393149664929263,0.011169024571854059,0.029039463886820552,0.007446016381236039,0.022338049143708117,0.023827252419955324,0.0193596425912137,0.0022338049143708115,0.008935219657483246,0.0014892032762472078,0.0037230081906180195,0.026061057334326135,0.0022338049143708115,0.01563663440059568,0.011913626209977662,0.00967982129560685,0.023827252419955324,0.0387192851824274,0.0037230081906180195,0.03723008190618019,0.028294862248696945,0.01340282948622487,0.09828741623231571,0.0029784065524944155,0.04318689501116903,0.027550260610573342,0.03052866716306776,0.06924795234549516,0.07073715562174236,0.008190618019359643,0.04318689501116903,0.027550260610573342,0.004467609828741623,0.04690990320178704,0.0,0.018615040953090096,0.0014892032762472078,0.01340282948622487,0.008190618019359643,0.0007446016381236039,1.0,0.049822308038440045,0.055904942953741474,-0.012324019067661248,-0.03215439730051828,0.0015245255338259367,0.04215505606647244,0.023920872464034102,-0.022260781806702205,0.030940855114644405,-0.021822227787231262,-0.0050498438727979685,0.004590855176496106,0.07835837298733964,0.007564381473856113,0.018573483539337403,0.010680300886239336,-9.90169766817476e-05,0.0037410615594449413,0.006540750549093063,-0.018543779902329482,-0.013752138715502673,0.03737528147725492,0.024906112323851946,0.003725987667208879,-0.04297171814110976,1.2651522472689798e-05,-0.027271910167842597,-0.0299306390196631,-0.032047061214336925,-0.029863654110886036,-0.004383431674735198,0.0108608612491585,-0.055200569940144474,0.005046710699716597,0.016713937509618162,-0.006354092745731824,0.015787553713068617,-0.03652100477150621,0.000783392230467206,-0.002833464467467413,1.0,0.04985943345426599,0.05363569419719561,-0.017762805404069444,-0.03401296073783665,0.006401293543472172,0.04580385747329312,0.018631687198877023,-0.030816661487568148,0.03288294640627312,-0.01847185107018026,-0.006395975859962606,0.0045437414534371945,0.08021901892454188,-0.00038777100392789157,0.00719431580471003,0.011453802860773956,0.0064416668722206034,3.544938721504417e-05,0.0012349133039219436,-0.022083681739423378,-0.009931024467187338,0.03596750435648245,0.026544582261232852,-0.004276874389170653,-0.04859451344388696,0.00393013636059253,-0.019601522939778574,-0.03676594276118478,-0.03548230010991965,-0.023570873187987274,0.0006812246243572689,0.011834975188064312,-0.05754023032243633,0.01655916339915769,0.01921907353595295,-0.011387982569341894,0.010869040696907327,-0.03317303869937327,0.008006628333621578,0.0055878703893366445
3.4502668604270226,0.632406497758335,0.8786299329858526,3.0,98.0,124.0,113.0,85.0,82.0,34.0,26.0,22.0,4.0,8.0,7.0,134.0,101.0,131.0,120.0,117.0,124.0,89.0,125.0,103.0,103.0,105.0,101.0,0.18316831683168316,0.3696369636963696,0.4471947194719472,0.28307464892830747,0.32742054693274203,0.3895048041389505,0.010424422933730455,0.007446016381236039,0.016381236038719285,0.014892032762472078,0.012658227848101266,0.014892032762472078,0.0007446016381236039,0.004467609828741623,0.0022338049143708115,0.004467609828741623,0.04318689501116903,0.007446016381236039,0.027550260610573342,0.0052122114668652275,0.01563663440059568,0.022338049143708117,0.014892032762472078,0.0014892032762472078,0.011169024571854059,0.004467609828741623,0.0029784065524944155,0.02308265078183172,0.0029784065524944155,0.028294862248696945,0.020104244229337303,0.008935219657483246,0.021593447505584513,0.04244229337304542,0.006701414743112435,0.035740878629932984,0.026061057334326135,0.014892032762472078,0.10126582278481013,0.0029784065524944155,0.05658972449739389,0.026061057334326135,0.03723008190618019,0.0573343261355175,0.09009679821295608,0.007446016381236039,0.03201787043931496,0.016381236038719285,0.005956813104988831,0.05361131794489948,0.0029784065524944155,0.016381236038719285,0.0022338049143708115,0.011913626209977662,0.0029784065524944155,0.0007446016381236039,1.0,0.055695551994000024,0.05349933941837575,0.01622878204232515,0.05753214556046299,-0.021898311472267975,0.016986027414346277,0.05043356738635626,0.036478177729036734,0.005647378623390495,0.06471333216116426,0.06304496795886444,0.0710841137277085,0.004496530191620888,0.01233647252324689,0.036762719143943245,0.10241469098086432,0.054042140265038945,0.004722370447239287,0.04100069561316702,0.06833592984582999,0.0486849644064218,0.05795955105788682,0.02979299062418505,0.03431011211927074,-0.00041456995409235535,0.05439956371917595,0.0698128513379855,-0.001575102085894137,0.07133135281787324,0.0038958694045540254,0.013911223646105197,0.044115593565966095,-0.0033538351843467483,-0.006376624812882504,0.00599326742168703,0.02237701043353206,0.029547813757954875,-0.01191830506323045,0.03445864205141939,0.04210574564188776,1.0,0.05573705389563488,0.050629797958062286,0.010668419391225623,0.053886250613844874,-0.029418328902640786,0.01414429781829345,0.050714066111886766,0.027617799426199442,-6.407377437173451e-05,0.059065835642499676,0.052321813847966796,0.060095886514565,-0.008188145867445342,-0.004057151169542525,0.0311311326485076,0.09663881559211226,0.041047374896296576,-0.020106080951552557,0.025260290922555523,0.05500889350527718,0.038680173227515685,0.04000265639232941,0.0006137298912452597,0.014494964897035867,-0.006493048021684092,0.03778528033859799,0.04559290697946569,-0.03409906191316384,0.06204956239443411,-0.015420686264333362,-0.013792139935203332,0.024729366088414955,-0.036775303343457015,-0.019510100025727402,-0.0022043931599928126,-0.005037803057969294,0.00782445397107944,-0.03808294542391785,0.011406303762491354,0.032557838947256716
3.4566787365979654,0.6232771319422287,0.8808637379002234,2.0,116.0,121.0,112.0,83.0,80.0,42.0,44.0,12.0,13.0,14.0,0.0,134.0,117.0,126.0,123.0,113.0,124.0,107.0,119.0,113.0,116.0,117.0,109.0,0.19718309859154928,0.3442879499217527,0.458528951486698,0.26586741889985893,0.32792665726375175,0.40620592383638926,0.018615040953090096,0.006701414743112435,0.01563663440059568,0.016381236038719285,0.01563663440059568,0.016381236038719285,0.0014892032762472078,0.007446016381236039,0.0014892032762472078,0.0029784065524944155,0.034996276991809384,0.007446016381236039,0.03201787043931496,0.0052122114668652275,0.021593447505584513,0.029039463886820552,0.00967982129560685,0.0052122114668652275,0.006701414743112435,0.0029784065524944155,0.0022338049143708115,0.02531645569620253,0.0037230081906180195,0.03127326880119136,0.010424422933730455,0.010424422933730455,0.029784065524944156,0.04169769173492182,0.0007446016381236039,0.04616530156366344,0.023827252419955324,0.014892032762472078,0.11615785554728221,0.004467609828741623,0.04095309009679821,0.021593447505584513,0.03127326880119136,0.06329113924050633,0.06850335070737155,0.0052122114668652275,0.03723008190618019,0.020104244229337303,0.0037230081906180195,0.044676098287416234,0.0037230081906180195,0.021593447505584513,0.0052122114668652275,0.008190618019359643,0.005956813104988831,0.0,1.0,0.009187712254266784,0.010776000611365456,0.02007378808973005,-0.010593595836490733,0.023930622573835988,-0.0019376979967856197,-0.0014070537784940133,0.018269502160594406,0.005350827614970593,0.00232348365379374,0.02147449784223606,-0.006650444866318535,-0.0432382364307697,-0.04759339354024677,-0.016993459147359193,0.017107869403234704,-0.006255268915959905,-0.005867099925110141,-0.013037413844496363,-0.041939025752070334,0.00270090712531886,-0.01394097812574751,0.0035309990516276036,-0.003106655136690793,-0.027090041996432612,-0.009396236412961554,-0.04146963936983377,-0.0059238973844061,-0.013544402072189697,-0.011001409032420426,-0.002642101036040007,0.026129505526089607,-0.039243547093332234,0.044791638491335314,0.03157038010992466,-0.013259285706226953,0.018295347440151342,-0.006667193075413065,0.027933529542645066,0.019970617682546033,1.0,0.009194558537615713,0.010708437584256802,0.01992607358177795,-0.011107394729640889,0.023805782759033993,-0.0025611338994159464,-0.0014371627937508084,0.017400149593538482,0.0057023157580162985,0.0013080059443847999,0.02091004719601456,-0.006920210091669278,-0.04486821414939524,-0.048294929965001156,-0.014844510800139935,0.018959686121953433,-0.005065125383190344,-0.004594446773819352,-0.012887631274848774,-0.04157139944701578,0.004175969895911057,-0.010863732184975576,0.007077791118629437,-0.0017823502183050102,-0.02383126871796093,-0.011948677672922826,-0.04616189336392571,-0.006282158597354572,-0.012310597286263235,-0.006179370921820549,-0.001500391187954749,0.026642369072872644,-0.04462335499513806,0.0430130806266712,0.03241796266700166,-0.010166704625776714,0.014957480696173135,-0.005364841319701633,0.022981540604782625,0.010502041814102522
3.5106237522104813,0.6399749659182423,0.8897989575577067,6.0,111.0,126.0,124.0,78.0,85.0,22.0,46.0,14.0,6.0,3.0,9.0,134.0,111.0,129.0,125.0,117.0,130.0,109.0,128.0,119.0,121.0,127.0,113.0,0.21746031746031746,0.3523809523809524,0.4301587301587302,0.2679425837320574,0.32946001367054,0.4025974025974026,0.0193596425912137,0.0052122114668652275,0.017870439314966492,0.011913626209977662,0.011913626209977662,0.014147431124348473,0.0007446016381236039,0.0052122114668652275,0.005956813104988831,0.0052122114668652275,0.04765450483991065,0.01340282948622487,0.03350707371556218,0.007446016381236039,0.016381236038719285,0.020104244229337303,0.017870439314966492,0.0022338049143708115,0.007446016381236039,0.004467609828741623,0.0037230081906180195,0.027550260610573342,0.0014892032762472078,0.03127326880119136,0.005956813104988831,0.008935219657483246,0.023827252419955324,0.0379746835443038,0.0052122114668652275,0.04095309009679821,0.029784065524944156,0.01340282948622487,0.0953090096798213,0.0022338049143708115,0.05137751303052867,0.026061057334326135,0.03425167535368578,0.06403574087862993,0.06775874906924795,0.00967982129560685,0.029784065524944156,0.012658227848101266,0.010424422933730455,0.04318689501116903,0.0022338049143708115,0.024571854058078928,0.006701414743112435,0.011169024571854059,0.008190618019359643,0.0022338049143708115,1.0,-0.019518691136225508,0.02948381168433982,0.02292471113374997,-0.02194535840899101,-0.007061754735093728,-0.048115395532662766,0.008454368279289859,-0.018922909645547176,-0.0047759324090630014,0.07029313334940666,0.009631726765479987,0.032354377170906355,-0.022455881643149742,0.007811377580131273,-0.004697458555247574,-0.020491078853651347,0.04127758210722111,-0.0307390902163527,0.05040253598947517,-0.0033670800706409373,0.005010526018881131,0.00020344617414719116,-0.05689244605340767,-0.002811205476383899,-0.014205615763648488,0.00029282892046070535,0.007149535055985635,-0.012141527814619723,0.009273578390598171,0.009695975120496872,0.019590294214754812,0.05060521924407934,-0.009980626305071398,-0.029754548450877057,-0.0019821548405869307,-0.047276780462104526,0.010737244554668944,0.013423386145699776,0.002176859021607409,-0.0007695238581927529,1.0,-0.019533235615462635,0.02915736217686187,0.024135248261736023,-0.02200195730551578,-0.009355898214394417,-0.047990631139164325,0.00818455709278369,-0.015988396936579642,-0.004054730057610178,0.06948171127814509,0.01315743247967426,0.026539511390957053,-0.02554159901586723,0.0056721774067598355,-0.0030834332917962456,-0.012672413124732681,0.04100404764273741,-0.023776315808240453,0.04769343192917733,-0.005787398717317429,0.0020784657739174226,-0.007919353864111725,-0.05130380680497648,-0.008664332269002066,-0.004063313000642878,0.0033157161467384393,0.003546129480299215,-0.009809530388336579,-0.0053292945240961025,0.012824333027340918,0.013555780461532533,0.055027368401034144,-0.0022730301657166514,-0.03491031564092586,0.0036252276971891866,-0.05171705362818571,0.016834289178291478,0.018350961036936085,0.003196858810289183,-0.0015527108542467605
3.479724815744056,0.644381297747995,0.8860759493670886,6.0,102.0,116.0,112.0,90.0,102.0,9.0,45.0,12.0,10.0,18.0,5.0,134.0,112.0,123.0,123.0,115.0,128.0,73.0,117.0,119.0,113.0,116.0,97.0,0.24401913875598086,0.3572567783094099,0.39872408293460926,0.27664233576642333,0.34306569343065696,0.3802919708029197,0.008935219657483246,0.008190618019359643,0.02084884586746091,0.011169024571854059,0.010424422933730455,0.016381236038719285,0.0014892032762472078,0.008190618019359643,0.0022338049143708115,0.0052122114668652275,0.034996276991809384,0.014147431124348473,0.03052866716306776,0.0022338049143708115,0.014892032762472078,0.028294862248696945,0.014892032762472078,0.0014892032762472078,0.012658227848101266,0.0029784065524944155,0.004467609828741623,0.02680565897244974,0.0029784065524944155,0.03648548026805659,0.01563663440059568,0.01563663440059568,0.02680565897244974,0.05361131794489948,0.0037230081906180195,0.039463886820551006,0.0193596425912137,0.008190618019359643,0.10722263588979895,0.0014892032762472078,0.054355919583023084,0.02084884586746091,0.04318689501116903,0.04839910647803425,0.058078927773641105,0.010424422933730455,0.040208488458674606,0.0193596425912137,0.007446016381236039,0.04616530156366344,0.0,0.01340282948622487,0.0037230081906180195,0.014892032762472078,0.005956813104988831,0.0014892032762472078,1.0,0.03343541653904358,-0.03131434549346249,0.02294927953460043,-0.010489576950976747,-0.046422895492992326,0.07466861329926694,-0.004680917547437115,-0.029739542312870716,0.017868963285966575,-0.007590579449121243,-0.030537434886403196,-0.03710726953198005,-0.02774100540246179,-0.02143310293931322,0.01919500763599017,0.01280815665416826,0.018596834219748948,-0.03013715078421233,-0.032455550360841356,-0.02415123871521562,-0.010427975010450962,0.010065089918075323,0.005062797173734867,0.04682685029426512,0.026291153526594183,0.004519628564405754,0.0368824661556214,0.02257131632298172,-0.001664997500890113,0.025832232746339275,-0.03183765002296096,-0.014642311361615283,0.011309031321867221,-0.03277124394121504,-0.003542463290657062,-0.0029913970993645793,0.043215155845183345,0.006285731555245262,-0.0016070029433677463,-0.025820162589159455,1.0,0.03346033115643485,-0.032517048114887,0.025227050802270435,-0.013262901465501532,-0.044325323311940265,0.07723823897814235,-0.012831020273847991,-0.02265227589523925,0.015307041022725605,-0.011032241858567191,-0.021223069568352453,-0.0441979103597342,-0.027395347084092466,-0.01583617490686679,0.01665836665443572,0.00961194784922115,0.020566226263433043,-0.030383708190922697,-0.029324289327112937,-0.022423429766007936,-0.012209048101033338,0.009573327045389978,-0.002424042789710877,0.047892692527151594,0.023378752848483342,0.00444544138050813,0.04057108388556665,0.02059760062022745,0.004537687940812374,0.01949850476738873,-0.043351964632740214,-0.010916054336205645,0.003328519859219826,-0.035751561197599174,0.009840116871694862,-0.00639769578403884,0.0564385081159289,0.00977804087479735,-0.0054686969079090235,-0.02041507464806893
3.502680987351716,0.6418819534415703,0.8830975428145942,7.0,108.0,121.0,115.0,109.0,84.0,20.0,26.0,9.0,6.0,5.0,0.0,134.0,115.0,124.0,127.0,122.0,129.0,105.0,121.0,125.0,123.0,119.0,108.0,0.1918032786885246,0.3918032786885246,0.4163934426229508,0.2644628099173554,0.34228650137741046,0.39325068870523416,0.0193596425912137,0.007446016381236039,0.01712583767684289,0.011913626209977662,0.017870439314966492,0.010424422933730455,0.0022338049143708115,0.007446016381236039,0.0029784065524944155,0.004467609828741623,0.03350707371556218,0.00967982129560685,0.03350707371556218,0.0052122114668652275,0.021593447505584513,0.026061057334326135,0.01563663440059568,0.0037230081906180195,0.010424422933730455,0.0052122114668652275,0.004467609828741623,0.0193596425912137,0.0014892032762472078,0.026061057334326135,0.014892032762472078,0.007446016381236039,0.018615040953090096,0.039463886820551006,0.006701414743112435,0.029784065524944156,0.029039463886820552,0.014892032762472078,0.11392405063291139,0.006701414743112435,0.04690990320178704,0.0193596425912137,0.03425167535368578,0.06180193596425912,0.07520476545048399,0.012658227848101266,0.04095309009679821,0.01712583767684289,0.010424422933730455,0.045420699925539834,0.0022338049143708115,0.01340282948622487,0.0029784065524944155,0.008935219657483246,0.007446016381236039,0.0022338049143708115,1.0,-0.004768536886662289,-0.010827607035032043,-0.022675604890575688,-0.004267562566841853,0.029472335246754612,0.011711896486008667,-0.013559213882930616,0.03599010408436341,-0.028260843448464714,0.022769427374521624,-0.025080329815514727,-0.0024327581232964903,-0.02281877696477767,0.06896077199127428,0.003800958448648587,-0.03759450263915904,-0.03665593799563173,-0.06592124550315188,-0.03540369267721476,0.046389018925740155,0.0015987970634395766,-0.01731073988242195,-0.037521548587024126,0.04624880500864846,-0.043177551045281794,0.02027714328895267,0.031090332380611915,0.01838740093415769,-0.011298920029524394,-0.024767014742917128,-0.01588557007872696,-0.0026781438298829584,0.007055440075172377,-0.013107689117398335,-0.007971791254082905,-0.046864731925930214,0.011612865076837743,0.0009180003893548006,-0.017390265577258094,-0.005343708895972294,1.0,-0.004772090192837138,-0.010866775903595331,-0.022833754405343465,-0.0046266403900798786,0.02905961591766091,0.011464758452922434,-0.013107620940786154,0.037680838178701874,-0.027668336709836306,0.02218451233884007,-0.02494686661042893,-0.0024358576284130274,-0.024846402494965066,0.06958846762003759,0.0035222538660677027,-0.038882226969241714,-0.03145432973885995,-0.06940810964918934,-0.03999561188894306,0.040038893488858654,0.005195891490852906,-0.023035213479836815,-0.02887617579027365,0.04918640080327828,-0.04659730520581252,0.02333480883342456,0.037771299652146574,0.011948249005621433,-0.015356245702631456,-0.021080125783618026,-0.010831668330832005,-0.005961390229837207,0.017711807996781914,-0.033251966550845384,-0.013808138885860305,-0.053229301955176445,0.016663983529640148,-0.0052715723850213485,-0.01077096294315217,-0.007901247513209149
3.4987631483051573,0.6421536109083524,0.8830975428145942,23.0,104.0,125.0,99.0,81.0,83.0,7.0,42.0,20.0,12.0,28.0,18.0,134.0,109.0,129.0,119.0,121.0,130.0,63.0,126.0,115.0,121.0,121.0,96.0,0.23052959501557632,0.3302180685358255,0.4392523364485981,0.2817919075144509,0.3439306358381503,0.37427745664739887,0.01340282948622487,0.006701414743112435,0.01340282948622487,0.010424422933730455,0.018615040953090096,0.00967982129560685,0.0007446016381236039,0.01563663440059568,0.007446016381236039,0.0029784065524944155,0.035740878629932984,0.010424422933730455,0.03648548026805659,0.005956813104988831,0.0193596425912137,0.020104244229337303,0.020104244229337303,0.0029784065524944155,0.007446016381236039,0.0052122114668652275,0.0052122114668652275,0.024571854058078928,0.004467609828741623,0.029039463886820552,0.00967982129560685,0.011169024571854059,0.03201787043931496,0.04765450483991065,0.0037230081906180195,0.035740878629932984,0.02680565897244974,0.012658227848101266,0.09903201787043932,0.0014892032762472078,0.04839910647803425,0.020104244229337303,0.04393149664929263,0.06105733432613552,0.06478034251675353,0.00967982129560685,0.040208488458674606,0.014147431124348473,0.005956813104988831,0.049143708116157855,0.0014892032762472078,0.012658227848101266,0.0052122114668652275,0.00967982129560685,0.006701414743112435,0.0007446016381236039,1.0,-0.014265249843119623,-0.021925463639277738,-0.007139500355171978,-0.020024082245982122,-0.018295716092804656,0.008968200614627152,-0.02021012441914679,-0.00771933678090832,0.004065968955873983,-0.017391706410246562,-0.05233803886207208,-0.009682660241884813,0.00028607648253805814,0.0045963461040641794,-0.016015113223265088,0.00815769820784822,-0.014679408108918933,0.025732498480584523,-0.037093988314351366,-0.0248315481287563,-0.0061304501470202544,0.00912500261018914,0.0057535713176547045,-0.032170538732218514,0.0029445267368133437,0.07512205570742392,-0.06779664494944912,0.01074205358967925,-0.008048490420682461,-0.021941705141458077,-0.031066263180188347,0.026655759042031425,0.011958355795751656,-0.007113751173358248,-0.025827420875440602,0.012536246143358255,-0.03451765089067473,0.0041181076247572305,-0.05417981687508647,0.01680672689449887,1.0,-0.014275879686519862,-0.022166482095058542,-0.007797770889311889,-0.02080583148494567,-0.01932458620099967,0.0074784737378281035,-0.021266355002590973,-0.008755556480834486,0.002259875429743946,-0.01820597337552525,-0.05398945446422766,-0.01347412757664699,-0.002734065154474847,0.002156266752716932,-0.019828023690910284,0.005578051990094933,-0.015965712491032583,0.023334880866119814,-0.03968162095309928,-0.026544630064984857,-0.010508554584384149,0.0035081233604044534,0.003248587274405049,-0.0364380599286491,0.0016866407521796377,0.07342627871234318,-0.0700432224219152,0.009668249250179969,-0.010051350629252921,-0.024572721212055695,-0.03864359249752535,0.019389094275013674,0.017326445063604385,-0.012386815033210763,-0.03333141523729535,0.013350908419234215,-0.030425610155351886,-0.0043429216430081515,-0.06410207133748674,0.013470339383492187
3.467646523837047,0.6370469246395664,0.8816083395383469,3.0,102.0,120.0,118.0,78.0,56.0,35.0,22.0,19.0,9.0,6.0,1.0,134.0,107.0,123.0,125.0,116.0,124.0,97.0,124.0,108.0,106.0,114.0,99.0,0.14235500878734622,0.3936731107205624,0.46397188049209137,0.2774146695715323,0.33042846768336964,0.39215686274509803,0.011913626209977662,0.005956813104988831,0.012658227848101266,0.01340282948622487,0.012658227848101266,0.01563663440059568,0.0014892032762472078,0.008935219657483246,0.0022338049143708115,0.004467609828741623,0.040208488458674606,0.01340282948622487,0.023827252419955324,0.0037230081906180195,0.017870439314966492,0.020104244229337303,0.012658227848101266,0.0037230081906180195,0.010424422933730455,0.006701414743112435,0.0029784065524944155,0.01712583767684289,0.0014892032762472078,0.03201787043931496,0.014147431124348473,0.01340282948622487,0.01712583767684289,0.04244229337304542,0.006701414743112435,0.03648548026805659,0.026061057334326135,0.00967982129560685,0.10052122114668652,0.0022338049143708115,0.05658972449739389,0.03127326880119136,0.03350707371556218,0.06924795234549516,0.08265078183172003,0.012658227848101266,0.039463886820551006,0.012658227848101266,0.007446016381236039,0.05063291139240506,0.0029784065524944155,0.010424422933730455,0.0037230081906180195,0.014147431124348473,0.007446016381236039,0.0007446016381236039,1.0,0.014664464477010367,0.019648279791821096,0.0625415988236263,0.042618470800776326,0.060810243178108375,0.04648573581183831,0.05353003008030649,-0.022387212529913134,0.012573195539584428,0.029861855027982973,0.04370660228088864,-0.01486055005823652,-0.03658662910297614,0.053234070834709706,-0.018535542211518978,0.00988854640252308,0.030735008593099456,-0.025864379957794982,0.015410866877923583,0.04295629266026777,0.017986507060883797,-0.017944266928278177,0.02403514903386113,0.015732609441100734,-0.01882652786577902,-0.027340515118042967,0.059161003085131204,-0.05315324219920866,-0.00953735184421534,0.013620866841214784,-0.036616745813065184,-0.007489245223603813,-0.007968832120890433,0.009876981449893062,-0.009678155607020933,0.028734078951235552,-0.008770955298905352,0.027394612823838795,-0.025723102532771026,-0.056313793331789486,1.0,0.014675391797783098,0.01946640901407022,0.0621497163494446,0.040823974570132426,0.05800912537972081,0.04052426258195605,0.046582376092123914,-0.033715177171657035,0.0016641949520130957,0.018004150245019637,0.03834136359161256,-0.022797090655141718,-0.04271186046715177,0.04811001364481745,-0.020094770153690076,0.006785024708616998,0.025899688140694255,-0.02518891737399645,0.01764593011484777,0.040703490190274645,0.01008474969738318,-0.01926632217469187,0.02037171903873921,0.010668429217135981,-0.02645384628450803,-0.03697994564916983,0.05967397547458439,-0.05958862203065012,-0.0017151171195463318,0.007228110797281966,-0.03919691342455025,0.002398020313727643,-0.002673874695571471,0.0064087304173456126,0.002021595726169217,0.03790557187555537,-0.01158757524198158,0.028542777728902607,-0.026204831100203482,-0.06001174774306734
3.4703076740971692,0.6302660613915672,0.8808637379002234,0.0,112.0,122.0,110.0,99.0,102.0,17.0,26.0,12.0,7.0,6.0,2.0,134.0,113.0,131.0,126.0,123.0,130.0,95.0,127.0,113.0,119.0,119.0,109.0,0.208130081300813,0.37073170731707317,0.4211382113821138,0.2717164697706741,0.33425990271021544,0.3940236275191105,0.01712583767684289,0.008935219657483246,0.01712583767684289,0.010424422933730455,0.022338049143708117,0.008190618019359643,0.0029784065524944155,0.011913626209977662,0.0022338049143708115,0.004467609828741623,0.0379746835443038,0.008190618019359643,0.04095309009679821,0.0037230081906180195,0.023827252419955324,0.023827252419955324,0.02084884586746091,0.0022338049143708115,0.008935219657483246,0.007446016381236039,0.0029784065524944155,0.021593447505584513,0.0052122114668652275,0.026061057334326135,0.010424422933730455,0.0052122114668652275,0.024571854058078928,0.04318689501116903,0.0037230081906180195,0.04095309009679821,0.017870439314966492,0.008935219657483246,0.10945644080416977,0.0022338049143708115,0.05212211466865227,0.03052866716306776,0.0379746835443038,0.06478034251675353,0.07297096053611318,0.008190618019359643,0.03052866716306776,0.011913626209977662,0.007446016381236039,0.039463886820551006,0.0022338049143708115,0.01712583767684289,0.004467609828741623,0.005956813104988831,0.006701414743112435,0.0014892032762472078,1.0,0.012141694915947845,0.025621513169061635,-0.012629050817914352,0.007790508955212666,-0.004062399371906282,0.01630307674990533,0.0030005448230143324,0.00019206455923078905,-0.01983034198973786,0.01415048962098249,0.07226331746865322,0.002968535362575329,0.010526261218006623,0.032377431363949986,-0.006954524238465375,-0.02192523634370696,-0.014734191781467648,0.025996300032957234,-0.023299033755677725,-0.023192475566278316,-0.03631148949909883,0.01272994760638566,0.00555863446029321,0.011269953253906378,-0.041176508049878546,-0.0002151362059195648,-0.0026728026455935428,0.034570659674246135,-0.021097513439540923,-0.02970834870776681,0.01757098734196083,-0.016597928916371674,-0.012042484746125967,0.010361827775747645,0.01577708767874284,-0.01652478178937521,-0.006014003562589785,-0.017132435385303072,-0.054751557353514856,-0.024459248350684148,1.0,0.012150742378627412,0.02551585235054328,-0.013281797509839743,0.007477851204006443,-0.0036024322891403246,0.015926967456020773,0.0030170799575027526,-0.0008625064578117804,-0.019660436957214176,0.014606393288423983,0.07372406342368207,-0.00023693739763996707,0.007358520615885063,0.03415489095824673,-0.008569566037687253,-0.02343227667041153,-0.015766871725243898,0.02663482651810845,-0.023616390606008085,-0.02314698594800377,-0.03658871084296676,0.009791561338308547,0.008929743745261585,0.006487873118350273,-0.04752030471304653,0.002047513645747885,0.00575794390210978,0.033852790401621445,-0.025885511410233132,-0.0284963773567977,0.028047224238795482,-0.01339454238915086,-0.013771729748940167,0.011085757201913621,0.01868980613953636,-0.01437528692584611,-0.007903148845507454,-0.018136076407282275,-0.05722276024722213,-0.0208761427885512
3.4483278498561782,0.585091483616739,0.8786299329858526,1.0,104.0,119.0,111.0,98.0,94.0,27.0,37.0,28.0,14.0,4.0,9.0,134.0,109.0,124.0,112.0,112.0,124.0,97.0,116.0,109.0,109.0,111.0,103.0,0.2043343653250774,0.38854489164086686,0.4071207430340557,0.275,0.325,0.4,0.018615040953090096,0.0052122114668652275,0.010424422933730455,0.01563663440059568,0.01340282948622487,0.00967982129560685,0.0014892032762472078,0.008935219657483246,0.0014892032762472078,0.0037230081906180195,0.04169769173492182,0.01340282948622487,0.03127326880119136,0.007446016381236039,0.017870439314966492,0.02308265078183172,0.02084884586746091,0.0037230081906180195,0.008935219657483246,0.005956813104988831,0.0022338049143708115,0.02084884586746091,0.0014892032762472078,0.03052866716306776,0.016381236038719285,0.012658227848101266,0.02308265078183172,0.04393149664929263,0.0037230081906180195,0.04169769173492182,0.018615040953090096,0.00967982129560685,0.09084139985107967,0.0014892032762472078,0.06254653760238273,0.02084884586746091,0.040208488458674606,0.07073715562174236,0.0766939687267312,0.005956813104988831,0.04393149664929263,0.0193596425912137,0.008935219657483246,0.04095309009679821,0.0,0.014892032762472078,0.008935219657483246,0.0,0.004467609828741623,0.0014892032762472078,1.0,0.04518961341457949,0.007186474668271537,0.0005018913663960479,0.06321309145567862,0.04790327325060044,-0.00890998033480662,-0.012297014153305754,0.0365794155876584,0.04710969584181749,0.0020522398654019927,0.015401201302033936,0.005626699699668092,-0.022252121802965735,-0.0031180758455807097,0.01689185365432896,-0.01696094617893534,0.03309492981391903,-0.02904942243336149,0.05545600954202743,0.01803438610745546,0.0809863600524016,-0.016506088000482373,-0.027435464828655613,0.005755847375299052,0.03055266538842517,0.07226222416153198,-0.01558824060717303,-0.027077077715137125,-0.0058746039938554736,0.04006003043482506,0.021338104846623757,-0.013549684325115389,0.018409151500509244,0.013107631142763754,0.016792992095584814,0.029692783828782175,-0.0003453649759523714,0.02758739614709298,-0.01353767507511234,0.015496166482415598,1.0,0.045223286747973386,0.005162605366989852,-5.436799875459656e-05,0.06347608868015324,0.04263729324623118,-0.01377627892137613,-0.01187180429180241,0.03448942986687797,0.03919218674064907,-0.0028681343289757065,0.017820968134987132,0.0012915564871659926,-0.031983867213074384,-0.004040895995515235,0.01808065182383552,-0.0209722676160684,0.0354832712604268,-0.030743955336937176,0.055650432665626214,0.012361430542775283,0.08101694519585473,-0.02138709196756281,-0.0321889458877055,0.0031604342791367707,0.020972897676233098,0.06765439970607974,-0.016036390412871606,-0.029923554803996975,-0.015727071724504,0.02643099228871328,0.019311450993846947,-0.008063083669779342,0.026629657288517104,0.001314922222843245,0.009437017596423628,0.025115407644159652,0.005030050164667401,0.018421156234861243,-0.014980477177539383,0.004097786172921048
3.5105322027884216,0.6074018492290991,0.885331347728965,5.0,112.0,128.0,124.0,108.0,94.0,31.0,26.0,16.0,9.0,5.0,4.0,134.0,113.0,131.0,127.0,117.0,130.0,109.0,127.0,117.0,125.0,125.0,115.0,0.18882175226586104,0.38821752265861026,0.4229607250755287,0.26598639455782314,0.3306122448979592,0.4034013605442177,0.014147431124348473,0.006701414743112435,0.011913626209977662,0.012658227848101266,0.021593447505584513,0.01340282948622487,0.0014892032762472078,0.006701414743112435,0.006701414743112435,0.0022338049143708115,0.03276247207743857,0.010424422933730455,0.0387192851824274,0.005956813104988831,0.023827252419955324,0.020104244229337303,0.016381236038719285,0.0014892032762472078,0.010424422933730455,0.004467609828741623,0.004467609828741623,0.02084884586746091,0.0022338049143708115,0.024571854058078928,0.011913626209977662,0.01563663440059568,0.024571854058078928,0.04169769173492182,0.005956813104988831,0.035740878629932984,0.02084884586746091,0.014147431124348473,0.10052122114668652,0.0014892032762472078,0.05212211466865227,0.022338049143708117,0.04169769173492182,0.0573343261355175,0.06999255398361877,0.00967982129560685,0.04169769173492182,0.0193596425912137,0.0052122114668652275,0.04765450483991065,0.0029784065524944155,0.01563663440059568,0.007446016381236039,0.00967982129560685,0.008935219657483246,0.0014892032762472078,1.0,0.0100007860154115,0.01636669266012865,0.028352657488645863,-0.0034881791534172976,0.042087310193393346,0.038071788216825914,-0.022241709931198752,0.058245735720022965,0.005967758741912084,-0.03727798810983743,0.03825716921463802,-0.031778049102946945,-0.017625372801117836,-0.01740389772971146,-0.005572408618310434,0.00023010589508224008,-0.004550689850245605,0.0030400380522066558,-0.06768821531305173,-0.05252828981173022,-0.04239611651268867,-0.021825753058730503,0.03881889876267782,-0.0073099229310639785,-0.017251333026318795,-0.01379569736067753,-0.004208207927910152,0.0073368021752837345,0.020008276691098753,0.008976631122016562,0.028583709947429262,0.02079912262879442,0.01879605260334889,0.018633977144693854,0.009386460953668508,-0.031149605310032705,0.05552311794767592,0.020061670800046193,0.018484395200922512,-0.012217402183909192,1.0,0.010008238165944596,0.016292569454722555,0.028101974037794873,-0.0043141032645231435,0.04145131846501326,0.03687371804897489,-0.02421122719532737,0.055779190771703485,0.0039677586897022025,-0.039869198373169545,0.03330669288955546,-0.03123345900814997,-0.019503367336295634,-0.023486032705740293,0.0024865841359149716,-0.0015787104552662974,-0.006173259547569502,0.013275319827105156,-0.07166224996863475,-0.04994525266031182,-0.036421561815904425,-0.018150445248938944,0.044876431344857866,-0.0023137856802340623,-0.007512857992727661,-0.014766688090758982,0.005427425906950567,0.012287371754907298,0.016435745557872368,0.017066260357748466,0.022348696517933364,0.016888306133633953,0.016306127453668075,0.008792840511638828,0.0067661720093418025,-0.03773669621876867,0.05593601105557119,0.012815685774564598,0.007650939691735347,-0.027437095152228367
3.4637801844233786,0.6113319961120298,0.8868205510052122,12.0,95.0,118.0,119.0,84.0,91.0,27.0,29.0,23.0,18.0,16.0,6.0,133.0,102.0,126.0,119.0,120.0,122.0,77.0,121.0,111.0,110.0,110.0,107.0,0.20689655172413793,0.3824451410658307,0.4106583072100313,0.2768777614138439,0.3387334315169367,0.38438880706921946,0.018615040953090096,0.005956813104988831,0.01340282948622487,0.016381236038719285,0.012658227848101266,0.008190618019359643,0.0029784065524944155,0.008190618019359643,0.0037230081906180195,0.0029784065524944155,0.0379746835443038,0.010424422933730455,0.035740878629932984,0.004467609828741623,0.020104244229337303,0.03052866716306776,0.017870439314966492,0.0014892032762472078,0.014147431124348473,0.005956813104988831,0.0007446016381236039,0.02680565897244974,0.0037230081906180195,0.023827252419955324,0.012658227848101266,0.00967982129560685,0.02531645569620253,0.049143708116157855,0.005956813104988831,0.034996276991809384,0.0193596425912137,0.00967982129560685,0.10349962769918093,0.0029784065524944155,0.058078927773641105,0.020104244229337303,0.02680565897244974,0.06478034251675353,0.07073715562174236,0.008935219657483246,0.04690990320178704,0.01563663440059568,0.0052122114668652275,0.04839910647803425,0.0052122114668652275,0.011169024571854059,0.0022338049143708115,0.007446016381236039,0.008190618019359643,0.0,1.0,0.024758507973302164,0.014161155094324359,0.017162927284912803,0.01569392069104436,0.024358824700466675,0.0022900788580729452,0.010059894041586612,-0.01370134370082412,0.039680992479984356,0.020296065561572915,0.04085046430736712,-0.02392243786533021,-0.026505985448380776,0.005712608356534945,-0.029382317767953595,0.04609671219226348,-0.030750772557352504,0.04756824324989036,-0.002334448973894351,0.023166102190032685,0.011492921337304354,0.028938604930776074,0.07170987758980801,0.004870845769963289,0.008211040947131005,-0.04331839407933959,0.035707606976299246,0.01538559106325471,-0.014503404045119201,0.04450494626394651,0.025971582039814492,0.021021344400644498,0.011197374250841462,0.0577377179856247,0.009318138060049731,0.004629835270792219,-0.02967182537070521,0.07393774870150167,0.04241428748807213,0.017427095370010127,1.0,0.024776956936024445,0.013576712501435932,0.016531533279572602,0.014743626741077117,0.023284564710924178,0.00047400488393496254,0.008931224676922114,-0.01530915526716829,0.039721784760450976,0.018054395083391073,0.039560700222197695,-0.02798228141026363,-0.027764858668829284,0.0038724209138167164,-0.030379108766343563,0.04714747729400332,-0.030366296420142474,0.04970657125732475,-0.0052034237334458305,0.020237796630984132,0.007232242723760997,0.03101534858318814,0.07052507085896664,0.005342965427821643,-0.0011057401304414992,-0.045646584679936174,0.027805747651239214,0.013494202319208923,-0.019390951636800623,0.04505742876600721,0.028498634223499627,0.008177512517994541,0.010673790396163528,0.04667838137258384,0.0179373674042381,0.001376071259847511,-0.03164126237760753,0.07417138459364474,0.02984074185089291,0.017711377377955462
3.4701483750533786,0.6388732767063388,0.8793745346239762,14.0,102.0,124.0,118.0,96.0,103.0,50.0,40.0,11.0,31.0,15.0,1.0,133.0,112.0,127.0,126.0,121.0,125.0,95.0,123.0,112.0,120.0,121.0,103.0,0.2226950354609929,0.36312056737588655,0.41418439716312055,0.268688293370945,0.33779971791255287,0.3935119887165021,0.011913626209977662,0.00967982129560685,0.014892032762472078,0.011913626209977662,0.014892032762472078,0.010424422933730455,0.0007446016381236039,0.011169024571854059,0.0022338049143708115,0.0022338049143708115,0.0379746835443038,0.007446016381236039,0.028294862248696945,0.0052122114668652275,0.01712583767684289,0.022338049143708117,0.01712583767684289,0.004467609828741623,0.008190618019359643,0.0037230081906180195,0.0037230081906180195,0.03425167535368578,0.0022338049143708115,0.02680565897244974,0.01340282948622487,0.005956813104988831,0.03127326880119136,0.04244229337304542,0.0022338049143708115,0.04690990320178704,0.03127326880119136,0.011913626209977662,0.10349962769918093,0.0029784065524944155,0.0573343261355175,0.03201787043931496,0.034996276991809384,0.06329113924050633,0.06552494415487714,0.011169024571854059,0.03350707371556218,0.014892032762472078,0.007446016381236039,0.04244229337304542,0.0037230081906180195,0.011913626209977662,0.0022338049143708115,0.011169024571854059,0.006701414743112435,0.0007446016381236039,1.0,-0.0013726212865293583,0.03436590844212727,0.036982506806189565,0.002421744707475669,-0.04450899614146812,0.020288960886626146,-0.006367606021305321,-0.0056706671507838185,0.010891571107853472,-0.024957185699716132,-0.016622614330590483,-0.002250370085491706,0.02599270879272777,0.00906781156679965,-0.025729389615268917,0.04134089759002408,0.03500179296317676,-0.021983674779926014,0.00997294872880483,0.07079997452927658,-0.023753960019063186,-0.04251633680442649,0.03216666587968267,-0.005365677999272745,-0.016711487105865456,-0.01289072553663079,0.008403342459594412,-0.012278693819309672,0.03331443912071243,0.04006174053307478,0.01021433482420067,-0.005289412286933784,0.016107579102224934,-0.03318355756736783,-0.032292434925487834,0.02563946592577446,-0.04089101863017908,-0.03616604184727213,0.016428878868992528,0.0026771760694060728,1.0,-0.0013736441041795446,0.0344153406335373,0.037202360946940086,0.0013941045272082171,-0.04734484326937522,0.018718146339535318,-0.00322858242401012,-0.0036667236293144332,0.010019288138192084,-0.02671831895260848,-0.015519560069188181,-0.0020769031347768947,0.029252762840037944,0.011939061488879119,-0.0308236933337596,0.038763102297852965,0.037336917285521506,-0.0210833284101628,0.004803937828810415,0.0683631121175058,-0.019020793789770632,-0.04948949029006623,0.027980942228875504,0.004251272194299276,-0.01298180712024144,-0.020683434060511867,0.011339675041798856,-0.004343375057397234,0.028837580241470175,0.04219259950044484,0.013345866187619541,-0.01408236993803794,0.0036760803569322754,-0.0287172633570993,-0.024977870312311395,0.017828832846054972,-0.04422190227663869,-0.027161552773717394,0.01627294938810493,0.0011769466544588737
3.508835594248682,0.6561456922354838,0.889054355919583,1.0,109.0,121.0,117.0,93.0,96.0,38.0,23.0,3.0,0.0,7.0,0.0,134.0,109.0,127.0,124.0,119.0,128.0,111.0,127.0,121.0,119.0,125.0,117.0,0.19736842105263158,0.3503289473684211,0.45230263157894735,0.2662559890485969,0.33059548254620125,0.40314852840520193,0.011169024571854059,0.0052122114668652275,0.010424422933730455,0.01563663440059568,0.014147431124348473,0.01712583767684289,0.0022338049143708115,0.0037230081906180195,0.008190618019359643,0.005956813104988831,0.044676098287416234,0.008935219657483246,0.02680565897244974,0.011169024571854059,0.014147431124348473,0.02308265078183172,0.024571854058078928,0.0029784065524944155,0.011913626209977662,0.0052122114668652275,0.0014892032762472078,0.023827252419955324,0.0007446016381236039,0.03052866716306776,0.011913626209977662,0.008935219657483246,0.026061057334326135,0.03648548026805659,0.0029784065524944155,0.03201787043931496,0.027550260610573342,0.01340282948622487,0.10796723752792256,0.006701414743112435,0.0573343261355175,0.03350707371556218,0.029784065524944156,0.0573343261355175,0.05584512285927029,0.010424422933730455,0.03127326880119136,0.020104244229337303,0.008935219657483246,0.05286671630677588,0.0029784065524944155,0.022338049143708117,0.0037230081906180195,0.007446016381236039,0.007446016381236039,0.0007446016381236039,1.0,-0.007564860981384121,0.014563079086124463,-0.023371095012971316,-0.01657396259224582,-0.02486117356376946,0.04113603392082356,-0.028212291856649505,0.012125351294564357,-0.01902970422077334,-0.023608595627272994,0.08493883389939613,-0.0167845771201658,-0.023456492572896056,0.04768292178439888,0.0005974220928304143,0.01483846940349515,-0.03405075737360524,-0.013587959733738254,0.009998955848784435,-0.010715591689879327,0.01707145225712893,-0.01300978954187349,0.010955838067917483,0.03254498729719883,0.056755672659811206,-0.02545521501189857,0.02036191168189365,-0.032179954277902406,0.04094538557982201,-0.0326595910149045,0.023841990851716354,-0.004936369663542097,0.05486013009989899,-0.00749477626889876,-0.004419775198994521,-0.04797735671330279,0.01497953104129364,-0.0076501653671556666,0.016689338466835617,0.013269804149806634,1.0,-0.0075704979865863446,0.014528319029949504,-0.023210850844222742,-0.017189282010616147,-0.024553981027067833,0.040954772821804666,-0.027923187592958903,0.009256302096755702,-0.017276770245896172,-0.02483833265697481,0.08780483761375169,-0.01918849014798893,-0.02548871278490069,0.04982676507308854,0.004495307581353434,0.01733270854006028,-0.04255396279870917,-0.00784177839453782,0.013555854163550096,-0.014486588002421273,0.022932444092494543,-0.026944654498548874,0.017887948480756005,0.0411194258995466,0.04750631324882934,-0.02420884629962173,0.014963089928447346,-0.019563462512955997,0.04334763144881938,-0.0384225203554975,0.024234318475812238,-0.0005688306813807056,0.05749311216869292,6.001575121198778e-05,-0.022154890274296245,-0.04623821279323501,0.019751274397095217,-0.0050095404189791975,0.007299711528103704,0.006836282314458756
3.5223389415904296,0.6120770372995484,0.8845867460908414,9.0,111.0,125.0,113.0,85.0,71.0,46.0,40.0,34.0,10.0,22.0,12.0,134.0,111.0,128.0,122.0,116.0,126.0,109.0,122.0,111.0,113.0,113.0,111.0,0.17699115044247787,0.35693215339233036,0.46607669616519176,0.269774011299435,0.326271186440678,0.403954802259887,0.02084884586746091,0.011169024571854059,0.014147431124348473,0.020104244229337303,0.016381236038719285,0.016381236038719285,0.0022338049143708115,0.0037230081906180195,0.004467609828741623,0.0022338049143708115,0.03648548026805659,0.016381236038719285,0.03052866716306776,0.011169024571854059,0.018615040953090096,0.021593447505584513,0.021593447505584513,0.0014892032762472078,0.005956813104988831,0.0029784065524944155,0.0029784065524944155,0.026061057334326135,0.004467609828741623,0.023827252419955324,0.017870439314966492,0.01563663440059568,0.029039463886820552,0.05286671630677588,0.006701414743112435,0.03723008190618019,0.024571854058078928,0.011169024571854059,0.09977661950856292,0.0022338049143708115,0.049143708116157855,0.029039463886820552,0.03127326880119136,0.04839910647803425,0.07297096053611318,0.00967982129560685,0.03052866716306776,0.016381236038719285,0.006701414743112435,0.03723008190618019,0.004467609828741623,0.014892032762472078,0.0007446016381236039,0.008935219657483246,0.005956813104988831,0.0007446016381236039,1.0,-0.011162856006178183,0.011279867075425335,0.01972416590609472,0.011673804341890743,-0.01354208108087025,0.011681605079840554,-0.024775143728596724,0.0336016787188068,0.006981660465079997,0.050486376011170654,0.002765361603207663,0.033804497905501864,-0.012028737918607101,-0.006061173387002411,0.07544483708158792,0.0173059371416536,0.007898247174182678,0.005483918778716466,0.01887388546956542,0.0022895165882692503,0.016299641946128103,-0.01837073787180267,0.003131996286848736,0.027189472124062936,0.013019431638232977,-0.014630284024868753,-0.0024611328231650713,-0.032302855850163424,0.06765580023870257,-0.0010140959334753066,-0.019891881772015632,-0.009938140148058007,0.005050977822502008,0.0058115497726084885,-0.03667126910205705,0.03637094069098937,-0.0059948671144290245,-0.032653889057904874,-0.02292246846551684,0.015285546012652796,1.0,-0.011171174080698437,0.011173289385161525,0.02002292866294372,0.0120342554717515,-0.013784695945945117,0.010765644901311449,-0.02483884205657946,0.03346063236796446,0.008191616144283223,0.05098264300240723,0.0032348886738091274,0.03141049675865653,-0.012437917697367969,-0.009445844807109863,0.07825559914579193,0.01757755512472649,0.010648202342109354,-0.001880423858629517,0.01761216323255145,-0.001118216094500328,0.01493210499427929,-0.017872698601179255,-0.001029542696223641,0.02633013544711701,0.006244453082502137,-0.015747725262531945,-0.01256756888598292,-0.03275592895872889,0.0679219440820448,-0.003212578947468283,-0.025010128427194675,-0.013862885445776142,0.00019934599988582165,0.006611256122971905,-0.042083894699905235,0.0393598349638277,-0.006418050556430869,-0.02997052007072736,-0.035398244356133916,0.013918320034540832
3.4826993969185334,0.6316543227317388,0.8808637379002234,4.0,109.0,123.0,112.0,93.0,80.0,40.0,24.0,6.0,5.0,9.0,2.0,134.0,109.0,127.0,121.0,116.0,128.0,108.0,120.0,111.0,112.0,115.0,107.0,0.17792421746293247,0.35584843492586493,0.46622734761120266,0.2713068181818182,0.32670454545454547,0.40198863636363635,0.011913626209977662,0.008935219657483246,0.016381236038719285,0.00967982129560685,0.012658227848101266,0.014147431124348473,0.0029784065524944155,0.0052122114668652275,0.0037230081906180195,0.0052122114668652275,0.0387192851824274,0.011913626209977662,0.0387192851824274,0.004467609828741623,0.02308265078183172,0.02531645569620253,0.016381236038719285,0.0029784065524944155,0.0052122114668652275,0.0037230081906180195,0.0022338049143708115,0.0193596425912137,0.004467609828741623,0.03052866716306776,0.016381236038719285,0.00967982129560685,0.021593447505584513,0.055100521221146684,0.0029784065524944155,0.034996276991809384,0.023827252419955324,0.012658227848101266,0.10498883097542815,0.005956813104988831,0.04244229337304542,0.02308265078183172,0.03201787043931496,0.07222635889798958,0.06701414743112435,0.011169024571854059,0.0379746835443038,0.017870439314966492,0.0029784065524944155,0.04318689501116903,0.0022338049143708115,0.017870439314966492,0.0014892032762472078,0.008190618019359643,0.011169024571854059,0.0029784065524944155,1.0,0.011766108367117915,0.008609514127852528,0.040227795588169545,-0.008156571930785719,-0.00041865469522486674,-0.00901877023146235,0.014953607854783332,-0.00946831969192569,0.061835691898174255,0.027650234461607887,0.011507514331705783,0.022625174521345638,0.010305617003802784,-0.016297600087648738,-0.02064715153825092,0.0319016837699021,-0.04805546721024496,-0.03624209943106097,-0.006635192751593299,0.005668823748969564,0.01724115092421541,0.04746884876715148,0.003699056918857891,0.03134181788057488,0.02291695852649639,-0.03985030968983017,0.0016827184254099969,-0.02108834668953252,-0.009505901168548912,0.0353857895080005,-0.009154335005825753,0.0028830567112640994,-0.0010849080672789234,0.09352209078200278,-0.02430604954188736,-0.015065117904242241,0.026904033977510424,0.01197030138353627,-0.028713489096540923,0.009039113822260556,1.0,0.011774875959045715,0.008484883272254194,0.04012573538202504,-0.009196257566990518,-0.0008909398120863094,-0.010540519056633328,0.01600374794410357,-0.009775054933309508,0.06316436142662464,0.025194252482582443,0.011167645728926654,0.016902309901110083,0.009160989307513658,-0.017949909727420114,-0.020525033660273865,0.031391182061206106,-0.04720706210951267,-0.03836800377326585,-0.011705125934259137,0.008621833079993702,0.016807896062156637,0.04721086756882908,0.0008275536344197225,0.034498891133629035,0.016648619686119956,-0.03635034877737675,0.007020463701075852,-0.018931407565476642,-0.006482701990849205,0.03817963045749324,-0.015164068938784029,-0.0055401791482839555,-0.00695025210452481,0.09187434875695508,-0.027245872221811226,-0.01612596676044585,0.022795106670856716,0.02000650906206416,-0.02706687891865858,0.011738161305429894
3.5216455069503465,0.6216167671621853,0.8845867460908414,4.0,108.0,126.0,113.0,85.0,99.0,41.0,33.0,16.0,25.0,27.0,0.0,134.0,110.0,129.0,124.0,123.0,127.0,95.0,127.0,113.0,121.0,121.0,109.0,0.20088626292466766,0.35302806499261447,0.4460856720827179,0.27076064200976974,0.33565945568736916,0.3935799023028611,0.017870439314966492,0.008935219657483246,0.018615040953090096,0.018615040953090096,0.01340282948622487,0.008935219657483246,0.0014892032762472078,0.00967982129560685,0.0037230081906180195,0.0014892032762472078,0.029784065524944156,0.010424422933730455,0.029039463886820552,0.0052122114668652275,0.017870439314966492,0.023827252419955324,0.014892032762472078,0.0037230081906180195,0.011913626209977662,0.0029784065524944155,0.0022338049143708115,0.035740878629932984,0.0029784065524944155,0.028294862248696945,0.012658227848101266,0.012658227848101266,0.035740878629932984,0.04318689501116903,0.0022338049143708115,0.0379746835443038,0.022338049143708117,0.01563663440059568,0.09233060312732688,0.0029784065524944155,0.06180193596425912,0.01712583767684289,0.03648548026805659,0.05584512285927029,0.06552494415487714,0.010424422933730455,0.029039463886820552,0.020104244229337303,0.00967982129560685,0.04318689501116903,0.004467609828741623,0.023827252419955324,0.0029784065524944155,0.01340282948622487,0.005956813104988831,0.0007446016381236039,1.0,0.034078198733606166,0.02257964432491009,0.04869719863647934,0.017989272132332874,0.015408025109421606,0.02970797499179964,-0.003795708799020657,-0.005402247882320656,0.01950289510014065,-0.0035551197614843663,-0.020576386210536715,-0.010208259910856924,-0.008043205038317926,-0.06945708444861054,0.011991427506682594,-0.00459764722041234,-0.005240897932634925,-0.022485135498985332,-0.008672294146522957,-0.08683787226099111,-0.005678100495311262,-0.04835469894608215,-0.008539558830064811,-0.005870620272494956,-0.04280344029673378,0.01722954768016673,0.03872705319993191,6.757383757738372e-05,0.0024611670507871594,0.004483331816359112,-0.004169839417488918,0.0305036024888187,-0.022111045228869083,-0.0022936712865189446,-0.01346140211751964,-0.022961549669193067,-0.03287570287576629,-0.008284534830888153,0.004569036310132783,-0.01916028457488873,1.0,0.034103592324316756,0.021475242033775065,0.04739616284320181,0.014453611040547364,0.012433847247445878,0.02610096297201745,-0.007706954790197057,-0.007775337715022049,0.017307128219773822,-0.005030978792970138,-0.021262333820705616,-0.010984992131071876,-0.006334423096828794,-0.0678130303449807,0.017489675473061503,-0.0009561051207987228,0.002416600747750366,-0.021886925680048623,-0.005455945899138504,-0.0836628676521549,0.0006078606120091475,-0.04605650040941093,0.005461866253760847,-0.0018692736656072907,-0.03966200512264283,0.025347053574593957,0.04127772502974426,-0.002685218773122509,0.004889361679906945,-0.0006405102661082344,-0.006152713027352796,0.0241678506556771,-0.03017744301923296,-0.011749001902732169,-0.014041974876239035,-0.03183203707668579,-0.029966991954823618,-0.007683341883105306,0.005083657673963487,-0.02005108679961599
3.4601752565327866,0.624695406944417,0.8830975428145942,2.0,118.0,127.0,120.0,104.0,81.0,59.0,52.0,7.0,1.0,21.0,6.0,134.0,121.0,129.0,127.0,121.0,130.0,113.0,128.0,125.0,121.0,127.0,113.0,0.19340974212034384,0.332378223495702,0.47421203438395415,0.26326393552719946,0.33176628609805237,0.4049697783747482,0.011169024571854059,0.006701414743112435,0.00967982129560685,0.010424422933730455,0.016381236038719285,0.011169024571854059,0.0,0.008190618019359643,0.0,0.0014892032762472078,0.039463886820551006,0.012658227848101266,0.044676098287416234,0.006701414743112435,0.018615040953090096,0.028294862248696945,0.021593447505584513,0.006701414743112435,0.005956813104988831,0.0037230081906180195,0.005956813104988831,0.0193596425912137,0.004467609828741623,0.026061057334326135,0.014147431124348473,0.014147431124348473,0.026061057334326135,0.045420699925539834,0.0022338049143708115,0.034996276991809384,0.020104244229337303,0.011169024571854059,0.10722263588979895,0.004467609828741623,0.06403574087862993,0.029039463886820552,0.0387192851824274,0.058823529411764705,0.06552494415487714,0.008190618019359643,0.024571854058078928,0.020104244229337303,0.006701414743112435,0.049143708116157855,0.0007446016381236039,0.01340282948622487,0.0029784065524944155,0.008935219657483246,0.006701414743112435,0.0029784065524944155,1.0,-0.02449429269473703,-0.006592381611759933,-0.04241466166513516,-0.01904776592550704,0.011539233850782074,0.06914480312279056,-0.01756793712508796,-0.0005666649685431828,-0.011858229868065203,0.02654243600796075,0.055746441296404006,-0.0011840952756564918,0.003287101565950684,-0.026078143403133015,-0.024280218660191474,-0.0026591958885299302,0.04404480879201774,-0.03564443365451678,0.025884695394752105,-0.016176599585173264,0.01265672696274727,-0.010141764164880945,0.01768130388240985,0.033122290398665793,0.00015377944583432488,-0.007354080058171442,-0.027429509237923238,-0.023296091186997204,0.0499777088606616,-0.006957550100387146,0.01294587644712769,0.005470123429231073,-0.058071341797808464,0.006476481628133047,-0.0061516345352826424,-0.027270874853414697,0.02904068624845131,-0.04622321379576657,-0.01892164018827225,0.021856892518611046,1.0,-0.02451254477573161,-0.0072074091801860975,-0.04287728473720814,-0.02132604163254928,0.009948348353151533,0.06806980464185619,-0.01577060394489026,4.7497752252583165e-05,-0.006046888480070177,0.027743412904660862,0.055663446443883345,-0.003059293899266596,0.008061821058602231,-0.02078140376887209,-0.023223193431189938,-0.009130722424013547,0.036130686989050004,-0.03555052794338371,0.02376676740446906,-0.008888864633990416,0.011018483786897225,-0.013018308081498217,0.012609020803232306,0.041309931219520764,0.001286386924461167,-0.000552195948054488,-0.029186340426087972,-0.024652381100150354,0.04822404148399214,-0.015232987265149395,0.014230049544986148,0.009488415398510204,-0.05424409715606401,0.0010756787774955407,-0.013859560284582195,-0.033801506434790664,0.029501863389281888,-0.043216912792163935,-0.01272363511160385,0.013805102585991042
3.5205835984863283,0.6241572283245489,0.8823529411764706,0.0,113.0,118.0,112.0,100.0,78.0,59.0,41.0,23.0,25.0,9.0,4.0,134.0,117.0,126.0,123.0,118.0,124.0,117.0,125.0,119.0,119.0,123.0,113.0,0.1744868035190616,0.3812316715542522,0.4442815249266862,0.2626886145404664,0.32853223593964337,0.40877914951989025,0.011913626209977662,0.007446016381236039,0.01712583767684289,0.014892032762472078,0.014892032762472078,0.011913626209977662,0.0014892032762472078,0.00967982129560685,0.004467609828741623,0.007446016381236039,0.03201787043931496,0.008190618019359643,0.03648548026805659,0.005956813104988831,0.014147431124348473,0.02308265078183172,0.01340282948622487,0.0029784065524944155,0.006701414743112435,0.008935219657483246,0.0037230081906180195,0.020104244229337303,0.0022338049143708115,0.02531645569620253,0.018615040953090096,0.008935219657483246,0.021593447505584513,0.0387192851824274,0.008190618019359643,0.04393149664929263,0.03276247207743857,0.01340282948622487,0.0960536113179449,0.0029784065524944155,0.055100521221146684,0.029784065524944156,0.03350707371556218,0.06105733432613552,0.06999255398361877,0.012658227848101266,0.03648548026805659,0.016381236038719285,0.008935219657483246,0.04765450483991065,0.0022338049143708115,0.014892032762472078,0.0014892032762472078,0.00967982129560685,0.008190618019359643,0.0022338049143708115,1.0,0.008563800233697454,0.015994964357327415,-0.008248987339120618,0.001168481963823694,-0.0013673762626200108,-0.01034744020380701,0.013389907247241926,0.014723884764055272,0.02305417199114014,0.023251850246434495,0.013258847538383977,-0.010937380001829693,-0.011988372048355296,-0.03190407813328455,-0.026246962779511582,0.025938986374397146,-0.01721884813979649,0.06407316101199277,0.04340145269862918,0.0020971212252124125,-0.020259430381111776,0.040234133515340886,0.005796611609332737,0.03131001998385286,-0.017009917237058875,0.006201432621764024,0.039038615808846884,-0.017285462114640777,-0.02506411556710041,0.0023686293869587386,-0.03319002323793822,0.02592500905805466,-0.005713194421135656,-0.024807787050422223,0.0278920867740273,0.039448423775188625,-0.01684278897260037,-0.04614214764053122,-0.015961729535752162,0.002319585999857592,1.0,0.008570181604959525,0.015946542865152537,-0.008542014376970507,0.0010598549363468348,-0.0011228033857362627,-0.01048312403481035,0.013704835012197339,0.014900334493164417,0.022365381780684184,0.0228537006174028,0.01248490778427962,-0.011718148038172766,-0.01171250695020713,-0.03144422059959767,-0.025892216201852454,0.02722795435114393,-0.0185835209696999,0.062626150103372,0.04313061026243984,-0.0019544833083946223,-0.020379731316400394,0.044822602749416976,0.007471744326145168,0.03427344966864513,-0.017110741849912226,0.0018960267412963332,0.0356972081345513,-0.02302101412579535,-0.03243472081025866,0.005378602785617749,-0.03399150627686872,0.0283813513580548,0.0001344387439549447,-0.03102268061297644,0.0293445247995711,0.04191582508949552,-0.02267854810772449,-0.04850444864081573,-0.007765016582241688,-0.0010022675521020208
3.527250308135129,0.6324713574295775,0.8942665673864483,8.0,109.0,128.0,120.0,96.0,80.0,36.0,38.0,25.0,4.0,5.0,1.0,134.0,109.0,131.0,127.0,119.0,130.0,108.0,129.0,123.0,126.0,127.0,109.0,0.19384615384615383,0.3769230769230769,0.42923076923076925,0.2669836956521739,0.33627717391304346,0.3967391304347826,0.01563663440059568,0.005956813104988831,0.01340282948622487,0.010424422933730455,0.012658227848101266,0.018615040953090096,0.0022338049143708115,0.00967982129560685,0.0037230081906180195,0.0022338049143708115,0.0387192851824274,0.011913626209977662,0.02531645569620253,0.004467609828741623,0.0193596425912137,0.03127326880119136,0.014892032762472078,0.0052122114668652275,0.00967982129560685,0.006701414743112435,0.0029784065524944155,0.027550260610573342,0.0014892032762472078,0.040208488458674606,0.01563663440059568,0.01563663440059568,0.024571854058078928,0.045420699925539834,0.004467609828741623,0.03127326880119136,0.02084884586746091,0.012658227848101266,0.10796723752792256,0.004467609828741623,0.049143708116157855,0.016381236038719285,0.04318689501116903,0.055100521221146684,0.06180193596425912,0.008935219657483246,0.029039463886820552,0.020104244229337303,0.011169024571854059,0.04169769173492182,0.006701414743112435,0.017870439314966492,0.0029784065524944155,0.007446016381236039,0.008190618019359643,0.0029784065524944155,1.0,0.01592946229700508,0.03225323231250251,-0.006971385831750949,0.007200299411007071,0.056946241759002154,-0.009378293804492992,0.05303449874199919,0.018134928280811775,0.033621740411223386,0.0375163344992618,-0.0036782376403443375,-0.00873882586610731,-0.002248594413741381,-0.01871477613392443,-0.005342269289189772,-0.027720432929401226,-0.016224606044389894,-0.01674179644720455,-0.016454776285500478,-0.013890356639517305,-0.019278687268916024,-0.02691509927700621,-0.011048690485048262,-0.056165987831648834,-0.023187153887661176,-0.0210071672893819,-0.06804623831382628,-0.040633118171765716,-0.025567931235107054,-0.020589928525488663,-0.012086665285315473,-0.027456749370774015,-0.026130735192563703,-0.016407928696538888,0.013135566014238233,0.02318360953738827,0.03262126197138741,-0.0012330158527381547,0.046150491044875556,0.015654222279591862,1.0,0.01594133223910418,0.032055355595352886,-0.008006678505311681,0.0064282782165726495,0.05750792849414166,-0.011752873894066162,0.050286255211927346,0.01831163251222557,0.029325475798107757,0.033872668197651834,-0.00574044910056668,-0.016407828741342386,-0.002131375296974201,-0.024654913174333187,-0.010086571733458751,-0.02902414298759618,-0.01943360134312595,-0.016808147022465223,-0.014468161877560904,-0.01299286273099522,-0.012280557032761716,-0.022762200004672526,-0.003773317314059373,-0.05041121285453083,-0.016915847423315714,-0.011925075617943301,-0.06413466189642077,-0.03664804260716402,-0.012903437629213803,-0.018482743954883328,-0.00369370117327801,-0.017279904124782582,-0.020666586519060563,-0.004707099423634431,0.021723046326467637,0.02895475283431485,0.042139097409452625,-0.0004048960404497845,0.04869542198249158,0.013999659256942708
3.498820959645343,0.6097900737218036,0.8786299329858526,4.0,113.0,121.0,106.0,99.0,91.0,36.0,29.0,13.0,6.0,3.0,0.0,132.0,117.0,125.0,118.0,120.0,124.0,109.0,118.0,119.0,113.0,117.0,113.0,0.1996779388083736,0.3607085346215781,0.4396135265700483,0.2624561403508772,0.3298245614035088,0.40771929824561404,0.018615040953090096,0.005956813104988831,0.01340282948622487,0.014892032762472078,0.012658227848101266,0.012658227848101266,0.0,0.005956813104988831,0.006701414743112435,0.0037230081906180195,0.0387192851824274,0.012658227848101266,0.03276247207743857,0.005956813104988831,0.020104244229337303,0.02680565897244974,0.018615040953090096,0.0022338049143708115,0.008935219657483246,0.0037230081906180195,0.0022338049143708115,0.022338049143708117,0.0014892032762472078,0.03052866716306776,0.014147431124348473,0.011913626209977662,0.028294862248696945,0.04095309009679821,0.004467609828741623,0.028294862248696945,0.024571854058078928,0.016381236038719285,0.10349962769918093,0.0029784065524944155,0.04988830975428146,0.0193596425912137,0.03425167535368578,0.05956813104988831,0.07073715562174236,0.012658227848101266,0.034996276991809384,0.020104244229337303,0.008190618019359643,0.05212211466865227,0.007446016381236039,0.018615040953090096,0.0022338049143708115,0.004467609828741623,0.006701414743112435,0.0014892032762472078,1.0,-0.004681652629516894,-0.007094306349489976,-0.03588113827732089,0.05383370202619652,-0.021666673092673994,0.030127834014443883,-0.030535633509305025,0.010364862081036897,0.04292272687241801,-0.026665752380221334,0.018999292612247518,-0.021696893644581335,0.050898006878850655,-0.027239210595554644,0.045807934944020134,-0.009632630153092766,-0.008461447823721602,0.058182132415842455,-0.004192687997433599,-0.08966446249332767,-0.029886334136842406,-0.009960890714444661,-0.022561197595251485,-0.011085754672599878,0.0105173718741986,-0.0009928321911596336,0.002911658642406721,-0.006847061404075837,-0.03913448883748275,-0.0020424626620209035,-0.005617152353822017,0.003604990755169268,-0.03708523893151728,0.003834539792675133,-0.00033191999894092305,-0.018750281526533748,-0.02705741571698299,-0.0625107601810215,-0.01389812159745867,-0.01617786303620571,1.0,-0.004685141193324293,-0.0071269939598681345,-0.03603100581521081,0.05366851812867667,-0.021927524248547468,0.02976487937202501,-0.02721207129848719,0.006461407914093038,0.04744843494834177,-0.03263545290840142,0.02523845066907218,-0.022698375905382304,0.04762241680861474,-0.023024886683141097,0.04038452697240666,0.0006505758810881823,-0.019912209138391455,0.06952843081666372,-0.01445853433536224,-0.08663881507749173,-0.027065232760261702,-0.022780887187275983,-0.020213402619687,-0.01796155671175982,0.019884565515562506,-0.0035316253195642397,-0.0009907876834598906,-0.004035044170512863,-0.03656225196476052,-0.0008671254635996631,-0.012504931225734078,0.007402985367075425,-0.034288161539469016,0.00018250151302858005,0.01342226961767712,-0.02850802628962992,-0.020816933960871142,-0.056869350125477884,-0.01182021863223614,-0.027245765872826296
3.4069512730540996,0.6022577673800419,0.8868205510052122,16.0,66.0,112.0,115.0,66.0,80.0,11.0,45.0,29.0,8.0,14.0,1.0,134.0,84.0,120.0,122.0,110.0,124.0,29.0,124.0,101.0,98.0,113.0,57.0,0.25044404973357015,0.3872113676731794,0.3623445825932504,0.31414473684210525,0.35444078947368424,0.3314144736842105,0.012658227848101266,0.011169024571854059,0.005956813104988831,0.008190618019359643,0.011169024571854059,0.011913626209977662,0.0007446016381236039,0.0052122114668652275,0.0037230081906180195,0.0,0.045420699925539834,0.008190618019359643,0.04169769173492182,0.0052122114668652275,0.01712583767684289,0.018615040953090096,0.01340282948622487,0.0029784065524944155,0.012658227848101266,0.0052122114668652275,0.0007446016381236039,0.024571854058078928,0.0022338049143708115,0.02680565897244974,0.008935219657483246,0.008935219657483246,0.03723008190618019,0.04839910647803425,0.0037230081906180195,0.040208488458674606,0.017870439314966492,0.014147431124348473,0.08265078183172003,0.0007446016381236039,0.05956813104988831,0.022338049143708117,0.04318689501116903,0.06850335070737155,0.08488458674609084,0.010424422933730455,0.04169769173492182,0.01340282948622487,0.0029784065524944155,0.058823529411764705,0.0022338049143708115,0.01340282948622487,0.0029784065524944155,0.007446016381236039,0.006701414743112435,0.0029784065524944155,1.0,0.08876601712108757,0.051328469434360674,0.06456719711822456,0.030346722361423162,0.047763224432966794,0.03364561356125663,0.06352949974998721,0.05377455048699733,0.036163543046504015,0.019766372817110803,0.02198540513635136,0.033180882040972054,0.05943275115182015,0.020369758030912673,0.03767856425848625,0.04192724704785807,0.08997193392527751,0.014038191662777278,0.018830027174446623,0.035789385648345405,0.052588638973892085,0.033480045042970724,0.03409425371748369,0.029440238314586774,-0.012016370718579713,0.06686025219940868,0.02616941113688554,0.022130132913467996,0.05288543003996492,0.04483350571025492,0.03062620015842755,0.016270484441036313,0.03601142047509224,0.003292070213660044,-0.001104042912461746,0.016282817541982072,0.04638383715635271,0.05236304059827506,0.06830334779766128,0.05809048510820886,1.0,0.08883216169420312,0.04385997477964101,0.057008098543776684,0.018270798644490067,0.03903033834125185,0.02140864223366858,0.053917161232724026,0.037812112886410246,0.020277772860710083,0.002943535788964143,0.009314906365797166,0.02093701695412558,0.04750745010578263,0.0014671792066432777,0.023095071296763137,0.024992571536848182,0.0775047883977393,-0.011632284119678064,0.002356968162536958,0.015154304297433785,0.038338196204947,0.011813566190813522,0.01628413569587418,0.005441881010996936,-0.03275078284605672,0.05743383649405439,0.008376623651637683,0.004019713763805733,0.03169388107425653,0.023167343093907306,0.012540371314784094,-0.0026427574034579623,0.016805409517650152,-0.024381202484633248,-0.014466981956976918,0.0018580315353578958,0.03314329329151896,0.033681552680559945,0.04875987538721967,0.03790266840987225
3.467959013169003,0.6096266926115601,0.870439314966493,13.0,109.0,115.0,117.0,92.0,78.0,24.0,35.0,24.0,1.0,21.0,15.0,134.0,109.0,123.0,118.0,122.0,128.0,109.0,125.0,113.0,117.0,113.0,111.0,0.1956521739130435,0.36335403726708076,0.4409937888198758,0.2721518987341772,0.33052039381153303,0.39732770745428975,0.014147431124348473,0.00967982129560685,0.014892032762472078,0.016381236038719285,0.016381236038719285,0.010424422933730455,0.0,0.006701414743112435,0.0037230081906180195,0.0007446016381236039,0.03723008190618019,0.014892032762472078,0.04169769173492182,0.005956813104988831,0.016381236038719285,0.018615040953090096,0.02084884586746091,0.0029784065524944155,0.006701414743112435,0.0037230081906180195,0.0014892032762472078,0.02308265078183172,0.0014892032762472078,0.029039463886820552,0.014147431124348473,0.011913626209977662,0.026061057334326135,0.04393149664929263,0.0029784065524944155,0.029039463886820552,0.03052866716306776,0.022338049143708117,0.10647803425167536,0.0014892032762472078,0.05584512285927029,0.022338049143708117,0.03127326880119136,0.06775874906924795,0.05956813104988831,0.007446016381236039,0.04244229337304542,0.018615040953090096,0.008935219657483246,0.04318689501116903,0.0029784065524944155,0.016381236038719285,0.0029784065524944155,0.006701414743112435,0.006701414743112435,0.0007446016381236039,1.0,0.01086551181680161,0.00962770928352389,0.01977484400906728,-0.001027485620059848,0.004555626391723223,-0.01016427166370672,0.035072744613971994,-0.0185945335197505,0.021955048625204834,0.039989762663436124,-0.016520118173599357,0.011170388206346556,-0.03799021559293473,0.007187693078634918,0.045832723627113055,-0.03795860051458435,-0.015211678326570522,-0.04574856115237718,0.02777989980022918,0.030027910098679233,-0.03575636693656756,-0.03294826167728834,0.010154661627095213,-0.008645933458732758,-0.05043936921573563,0.00421181579001818,-0.01609778549592248,-0.048505266539406074,-0.02933262546961712,0.019929957352263338,0.018693226046276257,0.03258423376662926,-0.04003938594061872,0.015613927669200119,-0.025219359523363495,-0.04758024338672167,0.041409569963482974,-0.03258190439747356,-0.03167376105380101,-0.03960424769913949,1.0,0.010873608323371496,0.009524959112181215,0.019615798645661615,-0.0015443192499984405,0.004228732226875587,-0.010674440949810389,0.03547316926298257,-0.019493147723474425,0.022364921314947665,0.038759213114106995,-0.017067015739346072,0.009648437547116603,-0.0390302385218429,0.00698284669620523,0.048185450166165544,-0.039486829614894345,-0.018089184312838867,-0.04472172745186365,0.02757275837966067,0.03395667057564292,-0.03659423292494548,-0.03804157994880788,0.0185407722382015,-0.01216502641005417,-0.048706058906230344,0.005626546787147565,-0.015279722877222977,-0.03842785906992395,-0.036715191288071665,0.01836831727820176,0.02770367478535727,0.040623836130330805,-0.04340617424883531,0.010450863755254846,-0.0263938488457594,-0.04137001651814472,0.05036687826513524,-0.03659579757255746,-0.03723369454387347,-0.03912242310716212
3.4882063497359894,0.614465130597696,0.8920327624720774,11.0,110.0,122.0,121.0,104.0,87.0,39.0,33.0,7.0,11.0,16.0,2.0,134.0,111.0,131.0,126.0,125.0,129.0,103.0,129.0,124.0,123.0,127.0,120.0,0.1975867269984917,0.3665158371040724,0.4358974358974359,0.26450742240215924,0.3360323886639676,0.39946018893387314,0.011169024571854059,0.007446016381236039,0.014147431124348473,0.018615040953090096,0.010424422933730455,0.011169024571854059,0.0007446016381236039,0.00967982129560685,0.006701414743112435,0.0037230081906180195,0.0379746835443038,0.008190618019359643,0.03052866716306776,0.0029784065524944155,0.02084884586746091,0.024571854058078928,0.01712583767684289,0.0007446016381236039,0.00967982129560685,0.0037230081906180195,0.0014892032762472078,0.022338049143708117,0.0022338049143708115,0.02308265078183172,0.012658227848101266,0.0037230081906180195,0.03127326880119136,0.045420699925539834,0.0052122114668652275,0.04393149664929263,0.02308265078183172,0.012658227848101266,0.10201042442293373,0.0029784065524944155,0.055100521221146684,0.02680565897244974,0.0379746835443038,0.04839910647803425,0.06999255398361877,0.011913626209977662,0.0379746835443038,0.026061057334326135,0.00967982129560685,0.04244229337304542,0.006701414743112435,0.022338049143708117,0.0014892032762472078,0.008190618019359643,0.012658227848101266,0.0,1.0,-0.018305227308252535,-0.011639500987340515,0.03244093534435572,-0.029763043142859463,0.011153943893323812,0.006781059951129721,0.02210216275227299,-0.04851554983946329,-0.0026907247055596817,0.06439644506409285,-0.026904851020297195,-0.05774256116269205,0.013695000362718535,-0.04606328546943067,0.04775026988619061,0.026600319902743152,0.004315272800741519,-0.07047331523583496,0.0232319748474318,-0.04543516568196924,0.030874130389434495,-0.008816214203987777,0.018798385463734506,0.0024861087017729157,-0.024898016705870413,-0.010712676638078919,0.01271066464438697,0.0063196426868556855,-0.00892610133175012,-0.020000104606278837,-0.058740374841754206,-0.004996158636955725,-0.024449880074325393,0.01985796657849922,0.01626254492409858,-0.014074604737355919,0.01966617132812673,0.020604966083455675,-0.008094017820926055,-0.02188621947418774,1.0,-0.018318867567051523,-0.011996467116349961,0.03209308735932873,-0.02885024478414363,0.010927809073021617,0.005489336998840701,0.024628121821181164,-0.04958203977706109,-0.003535780056091,0.06269189731328483,-0.02090875306523959,-0.06168006439988143,0.008312672448838957,-0.04193322196597252,0.05068142801035934,0.020978441585233744,0.00810752894662122,-0.07017410953037886,0.025324153883587875,-0.057818445499359813,0.04145072656806641,-0.015704565422593377,0.026939430224540237,0.0007337419838825352,-0.02359491933436431,-0.029833300309568846,0.026864317813621186,0.00955153376096626,-0.005824013909732604,-0.02777690429050027,-0.06306755511340228,-0.017073437016509086,-0.015564296035908339,0.01523703825073399,0.031795649105565774,-0.01742950615760806,0.01802281871735323,0.009546448781223644,-0.0025205310962486856,-0.028893727763398522
3.4953846670212507,0.6431671069407539,0.889054355919583,3.0,121.0,124.0,118.0,98.0,83.0,50.0,42.0,27.0,10.0,5.0,1.0,134.0,121.0,127.0,125.0,122.0,130.0,120.0,125.0,121.0,119.0,123.0,121.0,0.187683284457478,0.3709677419354839,0.4413489736070381,0.2614247311827957,0.3272849462365591,0.4112903225806452,0.01340282948622487,0.011169024571854059,0.00967982129560685,0.018615040953090096,0.024571854058078928,0.00967982129560685,0.0037230081906180195,0.008190618019359643,0.0037230081906180195,0.0022338049143708115,0.040208488458674606,0.014147431124348473,0.04169769173492182,0.005956813104988831,0.018615040953090096,0.026061057334326135,0.01712583767684289,0.0037230081906180195,0.008935219657483246,0.0007446016381236039,0.0022338049143708115,0.026061057334326135,0.006701414743112435,0.018615040953090096,0.011169024571854059,0.007446016381236039,0.02084884586746091,0.04095309009679821,0.004467609828741623,0.03201787043931496,0.026061057334326135,0.008935219657483246,0.10424422933730454,0.0007446016381236039,0.05137751303052867,0.02084884586746091,0.0379746835443038,0.06403574087862993,0.06850335070737155,0.012658227848101266,0.024571854058078928,0.020104244229337303,0.008190618019359643,0.04616530156366344,0.0037230081906180195,0.029039463886820552,0.007446016381236039,0.004467609828741623,0.006701414743112435,0.0014892032762472078,1.0,-0.0660141017231147,-0.021075472851051946,-0.009940074365196139,0.021323336575957145,-0.014141238836589487,0.056767755431960394,0.003140528378677873,0.01920522910632006,0.043196629892762996,-0.03964258079250849,0.025356325379248364,-0.024270569984242214,0.005984826877294646,-0.0170396495768645,0.05264614596139805,0.01690216197945859,-0.0006743483753642558,-0.0271444147729772,0.05864220660314771,0.04116349163334484,-0.012769530190707316,0.003608551937033477,0.00519214552447751,0.023991577728356587,-0.039473090957910316,-0.0012157676819401638,0.02609650537343478,-0.006443698090347935,0.009263631136761747,0.06561252245214136,-0.02118567096869552,-0.0006237494145157856,0.027290699362653967,-0.010889712524781959,0.04585052312183594,0.007154422525606564,0.023074620839496542,0.008915534750985025,0.025644386917111933,-0.04787972002076489,1.0,-0.06606329255897396,-0.025582916971649362,-0.013148436657526054,0.0193818480611246,-0.012038115992753026,0.056418771441998306,0.010680701237595019,0.022514592605664595,0.0487686676977382,-0.03537212955040102,0.02457767081561828,-0.026439672545492024,0.0007734441295206427,-0.01770077559931106,0.04364636970153529,0.027873201801777592,-0.00046429757240100134,-0.022569016681111283,0.05729578171474679,0.048547052854172976,-0.0056815832850932325,0.001650147177342024,0.003658104171548464,0.020521934445034144,-0.04056609482358307,-0.01235386852197674,0.02612809753294785,-0.01368699425937194,0.014367825394729486,0.06577312707121424,-0.011566918502335051,0.003183963522233971,0.029539539796122352,-0.007305944922830942,0.037313103564509856,0.003435191422028253,0.030982436890071387,0.008069636643735289,0.012507332292776521,-0.03812271789624315
3.46844017714867,0.6442941473032973,0.8845867460908414,2.0,111.0,120.0,117.0,94.0,85.0,27.0,35.0,8.0,3.0,3.0,0.0,134.0,111.0,122.0,122.0,120.0,123.0,99.0,122.0,115.0,113.0,111.0,110.0,0.20165289256198346,0.3669421487603306,0.43140495867768597,0.2703281027104137,0.33523537803138376,0.39443651925820256,0.012658227848101266,0.005956813104988831,0.01563663440059568,0.008935219657483246,0.016381236038719285,0.014147431124348473,0.0029784065524944155,0.0052122114668652275,0.007446016381236039,0.0014892032762472078,0.029039463886820552,0.008935219657483246,0.03350707371556218,0.004467609828741623,0.022338049143708117,0.028294862248696945,0.011169024571854059,0.004467609828741623,0.005956813104988831,0.0052122114668652275,0.0037230081906180195,0.02531645569620253,0.004467609828741623,0.0193596425912137,0.01340282948622487,0.010424422933730455,0.028294862248696945,0.05137751303052867,0.0037230081906180195,0.03350707371556218,0.028294862248696945,0.014147431124348473,0.12137006701414743,0.0022338049143708115,0.06552494415487714,0.022338049143708117,0.03425167535368578,0.05137751303052867,0.06031273268801191,0.0052122114668652275,0.044676098287416234,0.022338049143708117,0.010424422933730455,0.04095309009679821,0.0037230081906180195,0.016381236038719285,0.0029784065524944155,0.005956813104988831,0.006701414743112435,0.0029784065524944155,1.0,0.030694147771260998,-0.05477083182553863,0.00674736991969376,-0.017006303181488318,-0.03996846492779913,-0.054338800618649784,0.05389396135100333,0.04842367632561218,0.09182984259476695,0.04254133512429803,-0.0019253827308486247,0.015346657739102806,-0.028253555224458486,-0.010611411670935805,0.0361337551112201,-0.02005081629937355,-0.0036557968882596267,0.049793547100846894,-0.006254374427314558,-0.022599141145918034,-0.019440904594393325,0.04713967661791904,-0.05342831521535823,-0.046190208773383416,0.024571526284223575,-0.006112748465101468,-0.009144409193533617,0.044824805997973574,0.058032087618046686,-0.01064933973143847,-0.033830563967214074,-0.00323456814805834,-0.04183782147075291,0.016198697521186696,-0.006180334183202623,0.009157623197019928,0.03006122560302048,0.01779029324375255,0.0012064852218582056,-0.04572824444531153,1.0,0.030717019714458657,-0.05584874894184765,0.010298798644660864,-0.020764926872334857,-0.0380980375342537,-0.05454092128610392,0.053985843253605545,0.03983668652189999,0.09635428703873868,0.03858710771091805,0.0038250155200684572,0.021093686042285176,-0.018319551359408246,0.0022916206667108353,0.042730253170659704,-0.030205894647375966,-0.010132908228276064,0.03575867776028278,-0.020831102027016494,-0.01684668729997598,-0.02038298224513549,0.04482656038989308,-0.056515415791482476,-0.040935275262470795,0.015336737189625723,-0.012673106863535389,-0.012983910157033868,0.05262171589479588,0.05064955319234123,-0.008546866501304871,-0.021928291608898327,0.0051325055551834815,-0.03569150675648194,0.02981334147880396,-0.005956914573553268,0.0019810219684371255,0.006748673859945096,0.01495675872797381,0.002691412117825839,-0.047289538732452
3.514571234215081,0.6382516678390256,0.8920327624720774,9.0,111.0,129.0,122.0,73.0,73.0,35.0,37.0,22.0,12.0,9.0,7.0,134.0,111.0,131.0,125.0,121.0,130.0,111.0,127.0,115.0,121.0,123.0,111.0,0.18622848200312989,0.35837245696400627,0.45539906103286387,0.2678082191780822,0.33013698630136984,0.40205479452054793,0.024571854058078928,0.005956813104988831,0.016381236038719285,0.02084884586746091,0.01563663440059568,0.012658227848101266,0.0022338049143708115,0.0029784065524944155,0.005956813104988831,0.005956813104988831,0.04169769173492182,0.008935219657483246,0.03201787043931496,0.007446016381236039,0.01563663440059568,0.028294862248696945,0.023827252419955324,0.0029784065524944155,0.005956813104988831,0.0052122114668652275,0.004467609828741623,0.024571854058078928,0.0037230081906180195,0.029039463886820552,0.01563663440059568,0.010424422933730455,0.02084884586746091,0.04095309009679821,0.004467609828741623,0.03052866716306776,0.02531645569620253,0.00967982129560685,0.0960536113179449,0.0052122114668652275,0.06180193596425912,0.01563663440059568,0.03201787043931496,0.05956813104988831,0.06775874906924795,0.008190618019359643,0.03127326880119136,0.016381236038719285,0.006701414743112435,0.04690990320178704,0.0014892032762472078,0.023827252419955324,0.005956813104988831,0.012658227848101266,0.0029784065524944155,0.0007446016381236039,1.0,0.0093539535694659,0.031245160847715354,-0.011732950087668564,-0.007749376142844276,-0.017149140000561475,0.02300230069034124,0.10587393183705962,-0.014626473440164552,-0.02111946143914274,0.03229013441597073,-0.018564839199297335,0.03502165663884882,-0.00394920444694313,0.022831288939523128,0.00878350233088495,-0.011694333408230801,0.03300978902530933,0.04440907191971626,0.014383556077364001,0.045160614210035095,0.0058585260293051765,-0.02775386541971206,-0.018190095527145612,-0.01455361940269578,-0.010445809952437839,-0.03736261064783638,0.07850785834181967,-0.011044815650328402,-0.007471183598984217,0.027660288864033145,-0.011364942094075712,-0.015275618078213699,-0.0688820905299026,-0.006114360584146496,0.009325177380426672,0.04069198822619745,-0.0065550562124356265,0.010163938862893592,0.005302694194611076,0.010805283212769318,1.0,0.009360923728608559,0.031206868308039162,-0.012348228211150662,-0.008536144241142045,-0.016326357942197254,0.02382195894068334,0.10707571309050636,-0.018680226642621846,-0.02806288911550754,0.03702459541205848,-0.015676543236099728,0.03637039450598409,-0.008764223839499789,0.009251999749790093,0.01609404714937584,-0.010401515605833906,0.02769527134016745,0.04898719317794274,0.005806504293871145,0.04441105041840875,0.0042740240556958875,-0.034366917832977635,-0.01085036008172655,-0.022952256335019093,-0.018023464501295695,-0.03905122564999887,0.07087316865585361,-0.010222781328052424,-0.006941653034122284,0.029168665766520545,-0.00982128974085667,-0.014677434620525582,-0.06882805121417507,-0.02144306859770248,0.01640632198625565,0.04655425626129199,-0.02509495174059535,0.011548846305381676,0.010188999009933431,0.02939721954453095
3.407178150611508,0.6063504788384142,0.8793745346239762,2.0,99.0,116.0,114.0,85.0,96.0,16.0,50.0,9.0,12.0,14.0,5.0,133.0,107.0,127.0,121.0,116.0,128.0,33.0,125.0,112.0,111.0,115.0,90.0,0.23948220064724918,0.3559870550161812,0.4045307443365696,0.2928679817905918,0.3490136570561457,0.3581183611532625,0.011913626209977662,0.004467609828741623,0.016381236038719285,0.0052122114668652275,0.011913626209977662,0.008935219657483246,0.0014892032762472078,0.00967982129560685,0.005956813104988831,0.0014892032762472078,0.03648548026805659,0.010424422933730455,0.0379746835443038,0.005956813104988831,0.02308265078183172,0.014892032762472078,0.011913626209977662,0.0,0.011169024571854059,0.0029784065524944155,0.0022338049143708115,0.03127326880119136,0.0007446016381236039,0.029784065524944156,0.011913626209977662,0.011169024571854059,0.029039463886820552,0.044676098287416234,0.007446016381236039,0.03425167535368578,0.022338049143708117,0.008935219657483246,0.11243484735666419,0.0014892032762472078,0.04988830975428146,0.02531645569620253,0.06329113924050633,0.06180193596425912,0.06254653760238273,0.011169024571854059,0.0387192851824274,0.012658227848101266,0.0052122114668652275,0.055100521221146684,0.0022338049143708115,0.014892032762472078,0.0007446016381236039,0.008935219657483246,0.007446016381236039,0.0,1.0,0.02042485660941887,0.035372874463684756,0.008229487717424532,-0.015223541800906936,-0.03499664481888522,-0.023061187427829102,0.010930873475065288,0.025330395481010598,0.03132080824347722,0.04329627584106438,0.020433103474033834,0.051641267947577,-0.0025637522683732345,-0.0005475190336855812,-0.014910634628366544,-0.03943206914085015,0.011230641588153864,-0.01922231672640853,-0.025245058054881152,0.030253729829028006,0.04682237308118522,0.03138196681424404,-0.0245593767060029,0.015372761655809789,0.01784268058627825,-0.013386306765746583,-0.01126102591204262,-0.010506542532005272,0.06338547740406687,-0.016717408861880244,0.0027405919514762326,0.016250208199521863,-0.026898862093388272,-0.00565288401342943,-0.052771995073949064,-0.030053979332127393,-0.009950052508494288,-0.005304858432658051,0.035574799595497586,-0.01750618727078999,1.0,0.020440076323732913,0.03502246597987903,0.006844558813076664,-0.01683399928899006,-0.035100023960437224,-0.0207980534939613,0.014620684682372828,0.02702409282462376,0.029084342643761436,0.03871096098173458,0.01543039000023328,0.049468557312195266,-0.0030538871102090298,-3.180872355919255e-05,-0.011913681123907036,-0.036737776986090376,0.015205544430276784,-0.018722803098384207,-0.030614137443154228,0.02582824736290374,0.04241625888178122,0.02459005699810843,-0.03097325235629925,0.011950874790724961,0.024885732923992522,-0.005710531310665647,-0.007002893991221502,-0.007146551200417013,0.06389705671039994,-0.019533718329165572,-0.00449037140489566,0.00859479493255869,-0.031325197652939514,-0.007838472520176755,-0.051239795363589774,-0.027963362143577277,-0.006750920572035712,-0.00458679142464104,0.033946453342352544,-0.0179128369038958
3.4862644427208407,0.6261910503207511,0.8860759493670886,4.0,110.0,126.0,121.0,101.0,92.0,25.0,47.0,31.0,29.0,21.0,4.0,134.0,115.0,129.0,127.0,122.0,130.0,93.0,127.0,121.0,123.0,127.0,107.0,0.2011251758087201,0.39662447257383965,0.4022503516174402,0.26872852233676975,0.33883161512027493,0.3924398625429553,0.018615040953090096,0.01340282948622487,0.00967982129560685,0.007446016381236039,0.01340282948622487,0.01712583767684289,0.0014892032762472078,0.010424422933730455,0.0052122114668652275,0.0052122114668652275,0.028294862248696945,0.011169024571854059,0.03350707371556218,0.005956813104988831,0.02084884586746091,0.026061057334326135,0.021593447505584513,0.0014892032762472078,0.011913626209977662,0.0022338049143708115,0.0022338049143708115,0.03127326880119136,0.0029784065524944155,0.03052866716306776,0.021593447505584513,0.01563663440059568,0.029784065524944156,0.03648548026805659,0.0022338049143708115,0.03350707371556218,0.023827252419955324,0.012658227848101266,0.12509307520476545,0.0022338049143708115,0.04988830975428146,0.018615040953090096,0.03276247207743857,0.054355919583023084,0.06180193596425912,0.00967982129560685,0.039463886820551006,0.017870439314966492,0.005956813104988831,0.0387192851824274,0.0029784065524944155,0.014892032762472078,0.0022338049143708115,0.007446016381236039,0.007446016381236039,0.0007446016381236039,1.0,-0.00392234122617634,0.020228387856749526,-0.0008460695391239545,0.01221377645711514,0.023419989778909547,0.006308679111843816,0.0003297304205200091,-0.011678168793355592,0.038753426813940055,-0.0005645613664125661,0.002664110817892633,0.013389446640046893,0.01817225219087591,-0.007363637209396782,-0.02715368635562182,-0.038489305633747396,0.006509011014892733,0.00235703549389582,0.024358350521144434,-0.015415714618074651,-0.007384004370602462,0.005473091510967232,-0.004061340018847076,0.016833057747320575,0.03698921931206682,0.04874321742512194,-0.023961026066549016,0.042176984690903946,0.02362409411674513,0.011985894699063731,0.005862310041852905,-0.014772324013400047,0.00039920893144213443,0.013120708210273495,0.02365117912320165,-0.04588356879971162,-0.008589774975032554,0.004805998624063772,0.009547189864666837,-0.040984216017639616,1.0,-0.003925263984169009,0.020243461173933133,-0.0006908861394930323,0.011839291788337009,0.023644236469592062,0.006045229428117112,-0.0005432436443726271,-0.012110420301376835,0.038412716197241334,-0.0004877973135100346,0.0008187731750815637,0.013917627851174614,0.018094266585120266,-0.009521530821742124,-0.028832134423923052,-0.03942908376760816,0.007241683219866175,0.001642995550270637,0.025406511567082735,-0.013016168169901242,-0.007261545222254214,0.004620656777877283,-0.004708950450983262,0.017069624784783567,0.041540330344693135,0.04980130926740446,-0.024028618877233784,0.040621133297403175,0.025950068035377572,0.00658907808368515,-0.0004098188048734093,-0.016799781077096662,-0.0005830049597482089,0.011804455906588256,0.020238037755386504,-0.04750068830351811,-0.014840682639283743,0.0021180623583203005,0.009131524204988703,-0.03971768533390315
3.502828744677984,0.6303501928821116,0.8823529411764706,3.0,115.0,119.0,113.0,99.0,72.0,50.0,30.0,8.0,2.0,5.0,2.0,133.0,115.0,125.0,116.0,123.0,127.0,113.0,122.0,113.0,119.0,115.0,113.0,0.16990291262135923,0.3592233009708738,0.470873786407767,0.26638772663877264,0.3284518828451883,0.405160390516039,0.0193596425912137,0.008935219657483246,0.01340282948622487,0.014147431124348473,0.011913626209977662,0.011913626209977662,0.0022338049143708115,0.0037230081906180195,0.006701414743112435,0.005956813104988831,0.0387192851824274,0.010424422933730455,0.026061057334326135,0.006701414743112435,0.02680565897244974,0.03127326880119136,0.018615040953090096,0.0022338049143708115,0.008935219657483246,0.0037230081906180195,0.0052122114668652275,0.023827252419955324,0.0052122114668652275,0.0193596425912137,0.01340282948622487,0.005956813104988831,0.026061057334326135,0.045420699925539834,0.006701414743112435,0.028294862248696945,0.03052866716306776,0.011169024571854059,0.09977661950856292,0.0037230081906180195,0.05286671630677588,0.023827252419955324,0.040208488458674606,0.058823529411764705,0.07371556217423679,0.006701414743112435,0.03127326880119136,0.020104244229337303,0.0052122114668652275,0.05063291139240506,0.0052122114668652275,0.014147431124348473,0.0,0.011913626209977662,0.007446016381236039,0.0014892032762472078,1.0,-0.002973941018579877,-0.015415798297452689,0.020139219477533516,0.005130453093345123,0.030404931839625494,0.03082850270354895,-0.054627581442073775,-0.019626680736859636,0.05204095641492965,0.02181158984255695,-0.016527685457577636,-0.01593296729309348,0.03817388538346178,0.014735781647151351,-0.035900459005656526,0.0061127953232901055,0.013332771217431571,-0.04350975320134685,0.030141224702161455,0.007302884580422669,0.0026153323930300757,0.04506655676373026,-0.009398047438034133,0.0082559970273901,-0.01753340885561378,-0.02847727370480954,-0.0006649307093212501,0.0019264372420422196,-0.005814900894338421,0.014240421601301,-0.03377221033457244,-0.029822985052225432,-0.017879014397255307,0.006586358063900796,-0.002015387548897936,0.017130181844275522,-0.006894291062723127,0.009713361068931533,-0.002942286024351436,0.02467838507087887,1.0,-0.0029761570700095065,-0.015447784133616691,0.020096647896086978,0.005026039409216098,0.03118857809020219,0.030946722320908348,-0.05408242686332046,-0.020488349791571717,0.049337825284495644,0.022800038063153616,-0.0158132173531755,-0.015244236582280002,0.041571090038670884,0.010561766812002223,-0.041767596940922566,0.00954067895166709,0.0188358594551542,-0.04795011808318034,0.02282711256735583,0.012947671859856916,0.012289469937265776,0.03667307989659397,-0.012539187085006419,0.017042693128743142,-0.02419651505740103,-0.03413006699474352,0.00011255580156167563,0.004388479421249273,-0.002983220771322931,0.011650822164963172,-0.030751124066526,-0.030378350971607532,-0.028892204765244456,0.010015466818735337,0.0016476514996275817,0.018195701823627713,0.0006879725454348668,0.010465172556656376,-0.0060454776724307765,0.027086937492741516
3.459617039359299,0.6258418080502781,0.8823529411764706,2.0,104.0,119.0,110.0,82.0,86.0,31.0,47.0,20.0,13.0,6.0,15.0,134.0,106.0,124.0,119.0,112.0,125.0,97.0,117.0,109.0,110.0,111.0,104.0,0.2125984251968504,0.3543307086614173,0.4330708661417323,0.27485380116959063,0.32894736842105265,0.3961988304093567,0.011913626209977662,0.0052122114668652275,0.01712583767684289,0.014147431124348473,0.014147431124348473,0.01340282948622487,0.0007446016381236039,0.008935219657483246,0.0029784065524944155,0.0022338049143708115,0.04095309009679821,0.01340282948622487,0.03425167535368578,0.008935219657483246,0.018615040953090096,0.024571854058078928,0.020104244229337303,0.0014892032762472078,0.011169024571854059,0.006701414743112435,0.0007446016381236039,0.023827252419955324,0.0022338049143708115,0.029784065524944156,0.01340282948622487,0.004467609828741623,0.029784065524944156,0.03276247207743857,0.0037230081906180195,0.04095309009679821,0.027550260610573342,0.011169024571854059,0.10126582278481013,0.0014892032762472078,0.05658972449739389,0.021593447505584513,0.034996276991809384,0.06775874906924795,0.06775874906924795,0.00967982129560685,0.04393149664929263,0.01563663440059568,0.006701414743112435,0.04988830975428146,0.0022338049143708115,0.00967982129560685,0.004467609828741623,0.008190618019359643,0.005956813104988831,0.0007446016381236039,1.0,-0.01521844088854522,0.025364862440436044,-0.007182136375532074,0.03992413109149439,0.012235723776234388,0.04974331634135474,0.04222610519017806,-0.008725690251395656,0.02718299158328908,0.0181317225472933,-0.03616970592572033,-0.04008013532566434,0.03727451525114255,0.025168228308440482,-0.014041544663522502,-0.000443462888805944,0.025556008057251688,-0.008831933307853533,0.03835717867514555,0.03387429257352055,0.036687522140916785,0.003064479526377169,0.024826162958203307,-0.047208718248517946,0.027831176643173892,0.04183429939888353,0.018488992384627694,-0.004680207604404635,0.026149274641567,0.042892448396414276,0.0608555658143108,-0.01396876126175375,-0.013846894334379951,0.05196645296456265,0.014519939820153727,-0.012424091064535526,0.05520198401952101,-0.021233036077535655,-0.004436523780662941,0.005848977205880805,1.0,-0.015229781008432359,0.025176585597442836,-0.006443222351418067,0.03923803948705367,0.013813184124103272,0.04847396923770397,0.044055464280278664,-0.011110521961445718,0.024874262498030878,0.016303777942059876,-0.04217842079509099,-0.045308887981415365,0.032470616793858646,0.025319355975217055,-0.015092923883414476,-0.0012740899302240193,0.028932647975369045,-0.003841658309585112,0.03658302930922707,0.032929716634698694,0.038678541919641665,0.0031540956393683404,0.012873260125910679,-0.05209469294487095,0.024997744904207246,0.037400125457458876,0.007097204275931633,-0.004962651242361332,0.025078778594022952,0.04335719914574339,0.06764944974625058,-0.01721546806644402,-0.022027052969184432,0.050933834094808075,0.004525692996263641,-0.030193741903385772,0.05734961514253821,-0.022841780455047735,-0.017032773177393403,-0.004363152453205873
3.5019356875899694,0.616486144308118,0.8756515264333582,10.0,105.0,120.0,117.0,79.0,99.0,50.0,31.0,18.0,15.0,9.0,8.0,134.0,108.0,125.0,125.0,119.0,128.0,97.0,122.0,121.0,119.0,117.0,109.0,0.2118003025718608,0.3464447806354009,0.44175491679273826,0.2696629213483146,0.3398876404494382,0.3904494382022472,0.016381236038719285,0.007446016381236039,0.021593447505584513,0.014147431124348473,0.01340282948622487,0.01563663440059568,0.0,0.007446016381236039,0.0037230081906180195,0.0052122114668652275,0.039463886820551006,0.007446016381236039,0.034996276991809384,0.0037230081906180195,0.0193596425912137,0.02680565897244974,0.014892032762472078,0.0037230081906180195,0.006701414743112435,0.0029784065524944155,0.0052122114668652275,0.026061057334326135,0.0029784065524944155,0.03350707371556218,0.016381236038719285,0.014147431124348473,0.03201787043931496,0.04318689501116903,0.0037230081906180195,0.0387192851824274,0.020104244229337303,0.008935219657483246,0.10275502606105734,0.0037230081906180195,0.054355919583023084,0.021593447505584513,0.03052866716306776,0.04616530156366344,0.06924795234549516,0.005956813104988831,0.03127326880119136,0.0193596425912137,0.005956813104988831,0.05212211466865227,0.004467609828741623,0.022338049143708117,0.0037230081906180195,0.007446016381236039,0.005956813104988831,0.0029784065524944155,1.0,-0.0031966401951923815,-0.010145263925877626,-0.006399972453818117,0.02540880179612454,-0.014509154569003268,0.016380533547005936,-0.00850895862856564,-0.015136788052347241,0.026329713451097976,-0.01013578483428069,-0.018677321224007094,0.03188826772838397,-0.01797263463205093,-0.020581705792495613,0.006941497801770078,0.023092326935176252,8.948992562028417e-05,-0.019126199395530664,-0.00012756641195888735,-0.03049217253378534,-0.028444544478659226,-0.011428793653825368,-0.004941312475631393,-0.010480455437295474,-0.01855840272400494,0.004428784494386897,-0.010376881984522033,0.05280330865739286,0.002535823857259716,0.003441959826887215,-0.03426564400186099,0.007205551077238642,-0.006061057177360162,-0.011966142587546892,-0.0044186926767950194,-0.007516985078413842,-0.003934560681562589,-0.040552611764785446,-0.007728895238609141,0.01982519034510126,1.0,-0.0031990221923571868,-0.01017073264678133,-0.00648040773096483,0.025343217359986098,-0.014542764067682207,0.016854864036782696,-0.008441350696182114,-0.015783025730743964,0.027251335937673638,-0.011606179578600825,-0.017647408903828352,0.032606322740756186,-0.02020738660248779,-0.01873144557946511,0.006615239114606712,0.02108693308725482,0.003224589487268835,-0.02089849244411143,0.00039665211267743547,-0.030173306866976134,-0.032215623013086586,-0.011058037204192362,-0.00439552791411402,-0.011013500090025585,-0.01948064225980845,0.005782568721775554,-0.010034738602757788,0.051405672238940714,0.004421630073205007,0.006715299403072728,-0.03563953688830899,0.003077116158831951,-0.0046800669286121395,-0.01490101703619669,-0.004149830490375699,-0.0065301688964643605,-0.0033863046957795474,-0.04403010399147014,-0.008296867390015932,0.018523938453579428
3.495502976793278,0.6573832835569218,0.8830975428145942,9.0,123.0,119.0,121.0,87.0,97.0,15.0,50.0,21.0,8.0,7.0,1.0,134.0,123.0,129.0,123.0,123.0,127.0,107.0,129.0,125.0,115.0,122.0,122.0,0.23708206686930092,0.3601823708206687,0.4027355623100304,0.26369168356997974,0.3286004056795132,0.4077079107505071,0.02308265078183172,0.00967982129560685,0.012658227848101266,0.02084884586746091,0.01712583767684289,0.016381236038719285,0.0029784065524944155,0.005956813104988831,0.0029784065524944155,0.0037230081906180195,0.04690990320178704,0.01340282948622487,0.02531645569620253,0.008190618019359643,0.014147431124348473,0.02531645569620253,0.018615040953090096,0.0022338049143708115,0.008190618019359643,0.0014892032762472078,0.0014892032762472078,0.029039463886820552,0.0014892032762472078,0.028294862248696945,0.01712583767684289,0.012658227848101266,0.023827252419955324,0.04318689501116903,0.005956813104988831,0.039463886820551006,0.029784065524944156,0.007446016381236039,0.10722263588979895,0.0037230081906180195,0.04988830975428146,0.029039463886820552,0.021593447505584513,0.05956813104988831,0.06850335070737155,0.010424422933730455,0.03127326880119136,0.0193596425912137,0.007446016381236039,0.04169769173492182,0.0052122114668652275,0.007446016381236039,0.004467609828741623,0.007446016381236039,0.005956813104988831,0.0007446016381236039,1.0,-0.023970185094539388,0.0023437038204931118,-0.0009944487606023818,0.012606602370796983,-0.002072197506004987,-0.030694688454827822,0.002579710638943544,-0.024244421015011067,-0.00920229750228006,-0.03200266056570513,0.0021553127473736603,0.013104671335410227,0.0029083729743188853,0.010183424998401976,0.027959615513497113,-0.014399297124989977,-0.00454685894296998,0.0062710301000530565,0.0114013878964571,0.021435437842456197,0.03833363312529072,-0.03148134873813737,-0.0343034907937042,-0.005036023193656918,-0.006761742660512857,0.007364216765500147,-0.002678527844929182,0.07499619960684821,0.01315743544288753,0.015053557173592795,0.013034465957624057,0.022976107850994486,-0.034424743778345264,-0.02723455529979212,0.053179460514021434,-0.03067247591873666,0.04031042537047765,-0.013056458135603367,-0.02741836010406887,-0.02409238690854362,1.0,-0.02398804663335797,0.0017727930079281086,-0.0008984642100536013,0.012602036098278004,-0.0014729959002762773,-0.03099239472606039,0.0011429134729240855,-0.024366746813234738,-0.010457263146117394,-0.031915117731923064,0.0004348730567865294,0.013072292925815208,0.00377174642974361,0.009704855472669804,0.028165531824045416,-0.016117556108370793,-0.005774603090584209,0.005101765145433596,0.010787722381682895,0.02312118515607411,0.04252110488455185,-0.029978205780539075,-0.03554508486597726,-0.006681998757306904,-0.006324781201527635,0.008370366594733288,0.0005701875678402494,0.07704691575845968,0.018518864392526653,0.015671797586925426,0.014679581013332105,0.018954557356634476,-0.039887904265055,-0.026607934271798455,0.05394901759546101,-0.024784907317029446,0.048994384593761035,-0.0019102431867701,-0.033652511751002034,-0.029661590570603937
3.461547475703217,0.6110420275055772,0.8808637379002234,8.0,100.0,117.0,108.0,77.0,91.0,19.0,33.0,20.0,21.0,24.0,7.0,134.0,108.0,126.0,121.0,110.0,128.0,75.0,122.0,109.0,106.0,123.0,91.0,0.2112,0.3616,0.4272,0.2838137472283814,0.3296378418329638,0.38654841093865483,0.017870439314966492,0.008935219657483246,0.01340282948622487,0.011169024571854059,0.00967982129560685,0.012658227848101266,0.0014892032762472078,0.005956813104988831,0.005956813104988831,0.0014892032762472078,0.0387192851824274,0.0052122114668652275,0.035740878629932984,0.00967982129560685,0.01340282948622487,0.029784065524944156,0.018615040953090096,0.0029784065524944155,0.008190618019359643,0.0014892032762472078,0.0014892032762472078,0.02680565897244974,0.004467609828741623,0.03350707371556218,0.00967982129560685,0.016381236038719285,0.03201787043931496,0.05137751303052867,0.008190618019359643,0.034996276991809384,0.022338049143708117,0.014892032762472078,0.08488458674609084,0.004467609828741623,0.05286671630677588,0.01712583767684289,0.04318689501116903,0.06701414743112435,0.0774385703648548,0.006701414743112435,0.034996276991809384,0.011913626209977662,0.007446016381236039,0.055100521221146684,0.0014892032762472078,0.011913626209977662,0.0014892032762472078,0.008935219657483246,0.0029784065524944155,0.0014892032762472078,1.0,0.04635454645651364,0.03644628408317766,0.0658295481085272,0.04830903703338285,0.020374645488809993,-0.019112966812689737,0.03932332619999588,-0.03803187371025701,0.04817396147944322,0.0447897096426322,0.019054417650121433,0.08731817374590382,0.01539334024383217,0.026925970585064997,0.02639716030416246,0.0018930943560289658,-0.008722228010811224,0.0131875840870133,-0.028634226874590864,0.04001180982217945,0.017402210693153477,0.0303679427911694,0.015846635662199432,0.016306835548711048,0.03663602961872496,0.02177796940436014,-0.026099038607470752,-0.02182209138718418,-0.021453558645527004,0.012360574489476904,-0.014280448981272169,0.021412698225744042,-0.01840383148159075,-0.02608197950266192,-0.030626542766167934,-0.030187701274438927,-0.004242545433596916,-0.03585659895750938,-0.009543069363459363,-0.027200775099051267,1.0,0.0463890878473158,0.03442276947770328,0.0629550536782733,0.041872136580730794,0.012452644839096692,-0.02778999540617212,0.0349978042700519,-0.04435477314446406,0.05179806780396811,0.04114221137783226,0.015582593703598687,0.08112839115856571,0.001037340226358772,0.011021895082286274,0.017524394617113852,-0.01366832673433858,-0.013226003464350461,0.015181388455117113,-0.04037955337521384,0.05041742953421435,0.007140225345608835,0.023402420908363634,0.008491965061870454,-0.0003415253341056818,0.024265065098128844,0.019583479529318555,-0.04408672018246995,-0.017646527726386578,-0.02504353117175643,0.013332758231100758,-0.004600634611875316,0.01761605845366967,-0.023655068040079684,-0.03082832566813298,-0.043691458223148766,-0.02909110820232293,0.00014708928386790654,-0.027844266226365502,0.006270350809660387,-0.020407660105977034
3.4896427837395976,0.6302067823306525,0.8883097542814594,0.0,107.0,115.0,114.0,87.0,71.0,32.0,30.0,15.0,25.0,4.0,1.0,134.0,107.0,122.0,114.0,119.0,117.0,99.0,117.0,109.0,110.0,111.0,107.0,0.16805324459234608,0.40099833610648916,0.43094841930116473,0.26939970717423134,0.3308931185944363,0.39970717423133234,0.014892032762472078,0.008190618019359643,0.017870439314966492,0.01340282948622487,0.014892032762472078,0.017870439314966492,0.0014892032762472078,0.008190618019359643,0.006701414743112435,0.0037230081906180195,0.04169769173492182,0.007446016381236039,0.040208488458674606,0.0029784065524944155,0.020104244229337303,0.018615040953090096,0.01340282948622487,0.0022338049143708115,0.0052122114668652275,0.0029784065524944155,0.0022338049143708115,0.027550260610573342,0.0022338049143708115,0.02531645569620253,0.014892032762472078,0.011913626209977662,0.03052866716306776,0.04169769173492182,0.008190618019359643,0.03648548026805659,0.029784065524944156,0.010424422933730455,0.08711839166046165,0.0022338049143708115,0.04393149664929263,0.018615040953090096,0.039463886820551006,0.06403574087862993,0.08190618019359643,0.007446016381236039,0.0387192851824274,0.012658227848101266,0.010424422933730455,0.05137751303052867,0.0037230081906180195,0.01712583767684289,0.0052122114668652275,0.0052122114668652275,0.005956813104988831,0.0014892032762472078,1.0,0.006857248021143519,-0.0032267402851759853,0.059409975065883844,-0.029681365298538757,0.005827610486666118,-0.025780935927384206,0.020070739772774897,-0.00843486065777719,0.01604776923465642,0.0114192583320682,0.004479290153326755,0.05310330309431672,-5.5452553860742456e-05,-0.010039085845472242,0.02028568843007418,0.017141832843485413,0.024470084982086655,0.0024294751301527613,-0.038140136212168475,-0.0030615813033570303,-0.01821295063995157,-0.007657175770822534,-0.016454628555235242,0.006510117662373933,0.037980668239272354,-0.011732912719594321,0.03403550582912287,0.04357602107041796,0.023943732322605094,0.040971301108615285,-0.010301148151546938,0.0009722749483898637,-0.028500179184995457,-0.012407344606275753,0.006758892257398814,-0.02448845926844887,-0.008857792552906482,0.020926104780076796,0.027709460346716754,-0.009516723175434082,1.0,0.00686235774396107,-0.003278799082941103,0.059591178417979465,-0.030723341631403833,0.006776013759474224,-0.029921426509581645,0.02448477080001979,-0.010914577485373741,0.020480293360442603,0.006565392349427348,0.007545375846685325,0.04992131115248044,0.0003886481550208613,-0.011080308853875735,0.016147819810954357,0.019859624228282555,0.025725038627360624,0.0018237680571586484,-0.04233282353725177,-0.004436611564988154,-0.01833358037365043,-0.003655746743373842,-0.01858315799113801,0.005725338801038861,0.03573840081117478,-0.009273243055856412,0.029720616160828908,0.039693979885837866,0.025783120038451842,0.039842995580204404,-0.00784933573765005,-0.001215667442019971,-0.030733053666068346,-0.00860085558749272,0.00808224477880052,-0.020062059749180038,-0.016414198918901026,0.020994631245988434,0.02583673507536313,-0.016373293615645566
3.4882406217237065,0.6411683670776485,0.8875651526433358,11.0,101.0,120.0,98.0,80.0,93.0,24.0,44.0,17.0,16.0,5.0,4.0,134.0,103.0,127.0,118.0,122.0,119.0,75.0,122.0,107.0,111.0,109.0,109.0,0.24143556280587275,0.3442088091353997,0.41435562805872755,0.27654867256637167,0.33775811209439527,0.38569321533923306,0.014892032762472078,0.008190618019359643,0.012658227848101266,0.014892032762472078,0.022338049143708117,0.014892032762472078,0.0,0.005956813104988831,0.0052122114668652275,0.0029784065524944155,0.03648548026805659,0.01340282948622487,0.03350707371556218,0.004467609828741623,0.017870439314966492,0.02531645569620253,0.020104244229337303,0.0022338049143708115,0.008935219657483246,0.0037230081906180195,0.0007446016381236039,0.02531645569620253,0.0022338049143708115,0.03127326880119136,0.012658227848101266,0.017870439314966492,0.026061057334326135,0.04244229337304542,0.004467609828741623,0.034996276991809384,0.026061057334326135,0.011169024571854059,0.09084139985107967,0.0022338049143708115,0.05212211466865227,0.02084884586746091,0.039463886820551006,0.058823529411764705,0.06850335070737155,0.007446016381236039,0.040208488458674606,0.011169024571854059,0.005956813104988831,0.06254653760238273,0.0037230081906180195,0.010424422933730455,0.0052122114668652275,0.008190618019359643,0.007446016381236039,0.0014892032762472078,1.0,0.048932799147495834,-0.0020674543820759206,-0.022347050308824567,0.024932384194258965,0.028450933756851534,-0.04599562900846118,0.009736698749145439,0.0032659222402287003,0.03183060443019359,0.018484457486352038,0.00585421503625878,-0.013511905256469683,0.01682131344933417,-0.011757273134462962,0.035915450140686596,0.05036236754704008,0.028188982953480716,-0.012522497638872454,0.031014893275924608,0.009972730633322312,0.02486331774486265,-0.04465585352543568,0.009461451486318329,-0.03538784937760915,-0.007445256086670352,0.0016308983180067151,-0.054849393355015416,0.013967128481581194,0.012026528415035959,0.037045688615119525,0.020355400161647472,0.014034599969628496,0.02866749093245015,0.011176331870259078,0.03224256950173514,-0.045386677813104556,0.00453843539604858,-0.001672519568781324,-0.042312938283262505,-0.03732269421872043,1.0,0.048969261740005154,-0.0044792676619316175,-0.0221293966905467,0.027262203929612323,0.02595178031719552,-0.04948815017244954,0.015932553312388846,0.0025260003958457607,0.028260721277505244,0.017962116255423426,0.006388823939733764,-0.01608296862351518,0.01909103310218358,-0.016106467009015482,0.03889585354368809,0.049826505770830205,0.02318118007339657,-0.016469514778895834,0.0358542219273684,0.0008365869240832959,0.02507509086434754,-0.04415602835046344,0.015568524798238526,-0.04374474900344089,-0.006925561054588634,-0.001828823691048029,-0.05327980750356955,0.013668899465447982,0.014554942440845615,0.027170805491920493,0.02235006926588723,0.010797060596689069,0.026238917404040267,0.008497654640954934,0.03295626095695714,-0.053010749990360734,0.014365116317699825,-0.0039078357960244245,-0.04722700313385986,-0.03348747943268151
3.435667979878905,0.6101297072682892,0.8838421444527178,20.0,81.0,116.0,119.0,97.0,78.0,20.0,34.0,12.0,7.0,7.0,0.0,134.0,88.0,125.0,125.0,123.0,130.0,49.0,125.0,111.0,109.0,108.0,81.0,0.2233502538071066,0.3976311336717428,0.3790186125211506,0.2974006116207951,0.3577981651376147,0.34480122324159024,0.012658227848101266,0.0052122114668652275,0.010424422933730455,0.008935219657483246,0.020104244229337303,0.00967982129560685,0.0029784065524944155,0.011913626209977662,0.005956813104988831,0.0014892032762472078,0.04765450483991065,0.008935219657483246,0.04169769173492182,0.0037230081906180195,0.022338049143708117,0.027550260610573342,0.016381236038719285,0.0037230081906180195,0.005956813104988831,0.0029784065524944155,0.0014892032762472078,0.029039463886820552,0.0052122114668652275,0.03127326880119136,0.014147431124348473,0.01340282948622487,0.020104244229337303,0.04318689501116903,0.005956813104988831,0.0387192851824274,0.01563663440059568,0.01340282948622487,0.09307520476545049,0.0022338049143708115,0.04765450483991065,0.026061057334326135,0.04616530156366344,0.058823529411764705,0.08041697691734921,0.0037230081906180195,0.045420699925539834,0.016381236038719285,0.0029784065524944155,0.05137751303052867,0.0014892032762472078,0.008935219657483246,0.0014892032762472078,0.005956813104988831,0.0052122114668652275,0.0007446016381236039,1.0,0.033336676991822675,-0.0018363092205525757,0.0451015098975033,-0.0028086292854006827,0.0376532773616936,0.06075386556100747,0.03921925134265929,0.04677791762204506,0.013232222812336677,0.020104087677915584,0.0028604002901466796,0.08022956654246155,-0.0064083516873747965,-0.004859083005835564,0.04824049947212053,0.009350544306011803,0.037419986007855614,0.03957972898047747,-0.0050994085881416636,-0.0043880755995839285,-0.01791338263636508,-0.0036030168625256647,0.04379012211174239,0.04052522022588004,0.0301213686626454,0.03742674652136442,0.018721136959553884,-0.038582310042632975,0.06651631439747874,0.034294339603853204,0.006043310822409098,-0.0010469460204017209,0.018342036534745074,0.014882240850880529,0.009853222679954938,5.259920124013485e-05,0.012827830058189098,0.035806374271627056,0.01158595483157183,-0.031987503433937324,1.0,0.0333615180328002,-0.002955328075429501,0.04541355347841143,-0.005877562166793782,0.03849661574851815,0.05661924339054198,0.0365957607347014,0.042263007973042964,0.006417809662697968,0.016487387234233698,-0.005724693992440947,0.07580492228480128,-0.020199908902060602,-0.009535027288650327,0.03749555162582791,0.004646437841793853,0.03212372350668731,0.025696702331921107,-0.009885952972892787,-0.01446100151061314,-0.024571910068993032,-0.00940482840656537,0.03678765093560459,0.028720179105995634,0.026890047586342187,0.035742879889522426,0.011859093322664549,-0.04227988110872864,0.06204684500617099,0.017888499079647978,0.0014040443443259338,-0.017600143678353074,0.013180422387170808,0.009460322378782252,-0.004880120622185402,-0.008414688447248604,0.006027812282761151,0.03094735428533351,0.0034321662933120976,-0.0341609733061784
3.5132657357296915,0.6272821763264723,0.8786299329858526,1.0,107.0,124.0,116.0,102.0,82.0,51.0,25.0,5.0,12.0,8.0,0.0,134.0,110.0,131.0,124.0,121.0,128.0,105.0,124.0,110.0,111.0,119.0,107.0,0.17061611374407584,0.3712480252764613,0.45813586097946285,0.2710674157303371,0.32724719101123595,0.40168539325842695,0.018615040953090096,0.006701414743112435,0.014892032762472078,0.011169024571854059,0.021593447505584513,0.008190618019359643,0.0007446016381236039,0.007446016381236039,0.006701414743112435,0.0029784065524944155,0.0379746835443038,0.010424422933730455,0.03350707371556218,0.008935219657483246,0.016381236038719285,0.029784065524944156,0.01340282948622487,0.0052122114668652275,0.007446016381236039,0.0029784065524944155,0.0037230081906180195,0.024571854058078928,0.0022338049143708115,0.02084884586746091,0.012658227848101266,0.008190618019359643,0.02531645569620253,0.04095309009679821,0.008935219657483246,0.034996276991809384,0.03425167535368578,0.011913626209977662,0.0967982129560685,0.0022338049143708115,0.04988830975428146,0.023827252419955324,0.03425167535368578,0.05212211466865227,0.07967237527922562,0.011169024571854059,0.035740878629932984,0.02531645569620253,0.006701414743112435,0.04690990320178704,0.0052122114668652275,0.017870439314966492,0.0037230081906180195,0.007446016381236039,0.0052122114668652275,0.0022338049143708115,1.0,-0.017643212793431593,-0.000270711405464993,-0.004222379158117011,0.0003773915423443297,-0.0049330999152125046,0.028940064814961523,0.008364082630126059,0.027883935080505275,-0.008863071607244297,0.03645641990946913,-0.011174392710733474,0.03646209354187453,-0.0235435496340824,0.02426580327927617,-0.036151835849450295,0.0321837820871417,0.03665115317189534,0.03613657196264614,-0.040280449334323246,0.030567655194218012,0.040806478962903334,-0.025245640273870062,-0.003451708784797776,0.031176841760182355,0.019250854816838487,-0.006401460884823371,-0.049490090957072484,-0.005758182190849394,-0.017359354548735318,-0.021100712885551313,-0.005711570071807606,0.00397278008389529,-0.03200319629780988,-0.001468686969489632,0.030806074772791108,0.021815443207916094,0.014403341977794337,-0.006868785002914555,-0.04654489979190707,-0.011097652040327716,1.0,-0.017656359747823123,-0.000583043952806915,-0.004248242197807485,0.0002286346933884507,-0.00494637811336135,0.028887689499475643,0.009436259066654006,0.028390813228272294,-0.007673906384119881,0.03659695533415076,-0.009527778933009556,0.03584496347757755,-0.02267378331337174,0.022236480395607078,-0.03567327119198775,0.02896502006818827,0.03865755573428309,0.0341609846752033,-0.03795417206749781,0.026197667296557252,0.04707738660942867,-0.029395603764030363,-0.0020525279895817947,0.023810704911245754,0.025743928380490236,-0.013296735853083413,-0.05020958008511644,-0.014723978444457643,-0.015437207566972342,-0.02868217276740084,-0.007322721693878519,0.001353347928866695,-0.03193653914062282,-0.006613388561424152,0.03321442673184788,0.029008892256051428,0.015923487116723888,-0.010855262041090991,-0.040027248882628916,-0.006882322890139606
3.467298142408088,0.6216372086516928,0.8808637379002234,3.0,112.0,120.0,114.0,96.0,75.0,23.0,25.0,35.0,7.0,4.0,0.0,134.0,113.0,124.0,117.0,118.0,126.0,109.0,122.0,113.0,113.0,113.0,109.0,0.16775244299674266,0.41042345276872966,0.4218241042345277,0.27072997873848337,0.3267186392629341,0.4025513819985826,0.017870439314966492,0.007446016381236039,0.020104244229337303,0.014892032762472078,0.012658227848101266,0.008935219657483246,0.0014892032762472078,0.005956813104988831,0.005956813104988831,0.0022338049143708115,0.03127326880119136,0.00967982129560685,0.03350707371556218,0.005956813104988831,0.017870439314966492,0.029784065524944156,0.023827252419955324,0.004467609828741623,0.0029784065524944155,0.0029784065524944155,0.0014892032762472078,0.017870439314966492,0.0022338049143708115,0.03350707371556218,0.017870439314966492,0.014147431124348473,0.024571854058078928,0.0379746835443038,0.0052122114668652275,0.03723008190618019,0.02531645569620253,0.012658227848101266,0.10275502606105734,0.0022338049143708115,0.06254653760238273,0.02531645569620253,0.03350707371556218,0.055100521221146684,0.08116157855547282,0.006701414743112435,0.03648548026805659,0.020104244229337303,0.0052122114668652275,0.03723008190618019,0.0,0.0193596425912137,0.0022338049143708115,0.008935219657483246,0.010424422933730455,0.0007446016381236039,1.0,-0.009556212120060406,0.055061846364898345,-0.0006633615276452472,0.017861048998304645,-0.01099425094530512,-0.06310822221365929,-0.00308025648609435,-0.018514877983807486,0.03997077012822519,-0.042713790704861164,0.0374103424169193,-0.045759307621329806,-0.04629031625898014,-0.012690069299311895,-0.026759629534669527,0.017610040208591256,-0.042019396605387276,0.026699513913257745,-0.02116679443672447,0.0027026377647383923,0.008492740255937608,0.012703793934313165,-0.010038219599053651,0.007891022034339196,0.039967191082695704,0.006931404886496403,0.04123550659498001,-0.04241193676674362,0.02675809544215421,-0.013501545843614692,0.00031778834993738056,-0.030684428193705406,0.004628087860524666,-0.005650716295299732,0.0020412433023337343,0.01748013733624283,0.0027689921327563186,-0.02082771265823125,-0.03797360209007736,0.016445032611267497,1.0,-0.009563332993473275,0.05505754501968953,0.0003611395996353951,0.01492216295960665,-0.010757574716239802,-0.06560807329933971,-0.0031307417854148346,-0.011985044831091791,0.04104429210561052,-0.03873184817515465,0.031657232700097515,-0.04556931605588838,-0.05387037726088065,-0.00854646191883423,-0.01912987442534905,0.016652814375157483,-0.034345927953558376,0.016267791585140155,-0.020078540298885887,-0.008584769236953838,0.01453419940685843,0.012583162697521957,-0.015131704965925283,0.011159016111557165,0.03223838664226216,0.00863894327843239,0.0319346349117955,-0.03851006083875497,0.016209880318735104,-0.009778699033220477,0.00216512155714524,-0.02926028721151407,0.008316850763897793,-0.008038675888457365,0.00782370263642875,0.012140856433178148,0.011750717468175171,-0.03001282597852742,-0.030215064374530077,0.015940107027396087
3.4814104959207337,0.6543043521414925,0.8912881608339538,0.0,108.0,127.0,121.0,104.0,72.0,41.0,42.0,20.0,11.0,12.0,4.0,134.0,108.0,131.0,127.0,124.0,130.0,101.0,129.0,117.0,125.0,126.0,105.0,0.17220543806646527,0.3867069486404834,0.44108761329305135,0.26973232669869596,0.3383665065202471,0.39190116678105696,0.02084884586746091,0.008190618019359643,0.01340282948622487,0.01340282948622487,0.011913626209977662,0.01563663440059568,0.0037230081906180195,0.007446016381236039,0.0022338049143708115,0.0022338049143708115,0.035740878629932984,0.011913626209977662,0.034996276991809384,0.007446016381236039,0.0193596425912137,0.026061057334326135,0.021593447505584513,0.0007446016381236039,0.012658227848101266,0.0029784065524944155,0.0037230081906180195,0.03052866716306776,0.0014892032762472078,0.028294862248696945,0.008935219657483246,0.008190618019359643,0.02680565897244974,0.04616530156366344,0.004467609828741623,0.028294862248696945,0.03276247207743857,0.016381236038719285,0.10722263588979895,0.0022338049143708115,0.05584512285927029,0.02531645569620253,0.021593447505584513,0.07222635889798958,0.0573343261355175,0.007446016381236039,0.028294862248696945,0.017870439314966492,0.0037230081906180195,0.049143708116157855,0.0029784065524944155,0.016381236038719285,0.005956813104988831,0.011913626209977662,0.0052122114668652275,0.0007446016381236039,1.0,0.027955425163674785,-0.027921043273567394,0.03942878949047003,0.009441316530418482,0.07518873068341289,0.010784814133003754,0.027486489899245976,0.0019873100653649382,0.003241994185193606,0.014944867558299118,-0.017128746577053124,-0.043767117041613006,-0.03138580625643563,-0.06275102206162789,-0.025045927674313215,0.025735149877461016,-0.030819916016325943,-0.017196354851268192,-0.008093252787651526,-0.04083196433187901,-0.04396826926247139,-0.040384371978413394,0.017959186283556167,0.008858195746815994,-0.03725099264719188,0.029667884808067223,-0.013544566793160276,-0.05194836069022741,-0.0053156299489932534,0.02048924799417624,0.01337940927427159,-0.00440937319099666,0.0003393722237786368,0.012511229250700407,0.0205507676246665,0.012875986734283269,-0.016392222654168863,0.012889988972740463,0.03438348517183447,-0.026951463022638966,1.0,0.02797625632996664,-0.028767872091377746,0.04119298115737,0.006316210870250234,0.07759390583194904,0.005218815924918426,0.03154817855431785,-0.005598672837169076,0.003673065997028502,0.006375706271598063,-0.019253022019076905,-0.04773376930784216,-0.03191561566128922,-0.06570473987853873,-0.022290770264387045,0.028581075622640652,-0.022314939685693834,-0.004699170549964254,0.0018277093573795405,-0.03391320981105816,-0.04144742042473099,-0.035735432493597154,0.02057569440283555,0.010327944017583208,-0.03246946215718682,0.03175435436931089,-0.014575708363933838,-0.05218537389409255,-0.009127396553251906,0.024665150328724555,0.008971126585441755,-0.006380555663045293,-0.001332317413079879,0.004422048550675312,0.013567986318194907,0.0070766934205706,-0.016674306768052715,0.016210126038393047,0.023120584809247998,-0.03701816783816099
3.4130318623997704,0.6000977008248736,0.8868205510052122,11.0,91.0,121.0,103.0,91.0,71.0,14.0,54.0,30.0,26.0,15.0,9.0,134.0,111.0,129.0,127.0,125.0,130.0,31.0,127.0,126.0,115.0,120.0,93.0,0.2138364779874214,0.39308176100628933,0.39308176100628933,0.2858187134502924,0.3603801169590643,0.3538011695906433,0.012658227848101266,0.0052122114668652275,0.01712583767684289,0.01340282948622487,0.014892032762472078,0.006701414743112435,0.0014892032762472078,0.005956813104988831,0.0037230081906180195,0.0022338049143708115,0.04169769173492182,0.005956813104988831,0.04095309009679821,0.008935219657483246,0.02084884586746091,0.022338049143708117,0.01340282948622487,0.0,0.011913626209977662,0.0029784065524944155,0.0037230081906180195,0.039463886820551006,0.0014892032762472078,0.04095309009679821,0.008935219657483246,0.017870439314966492,0.0379746835443038,0.04765450483991065,0.0022338049143708115,0.0387192851824274,0.01563663440059568,0.0052122114668652275,0.10052122114668652,0.0007446016381236039,0.058823529411764705,0.016381236038719285,0.045420699925539834,0.06254653760238273,0.06180193596425912,0.007446016381236039,0.04169769173492182,0.011169024571854059,0.008935219657483246,0.0387192851824274,0.0007446016381236039,0.014892032762472078,0.0007446016381236039,0.008190618019359643,0.008935219657483246,0.0,1.0,-0.009459490507891346,-0.06334946722009896,-0.015265796560648384,-0.038211007651300685,0.014621218543077918,0.0008259458290405928,-0.01913048469173793,-0.014521221049193983,0.02670539135367971,-0.016366515163992016,0.02023173914196435,0.0027482977146882064,-0.01657320299864237,-0.011209964009420086,0.006083983404591504,0.013571109363617983,0.03128422314464257,-0.00876673602971412,-0.01460542150498529,-0.03617726527617069,0.027533659385216236,-0.04897029499154603,-0.027362029085329,-0.02523562566889125,-0.027941604021402704,0.017639121776818704,-0.0022119963979662922,-0.009011890209938495,-0.037847473301822324,-0.015803319297964184,0.006316533654075968,-0.0013611454251492273,-0.050436489208781535,0.013264813898070622,0.024313495696062407,-0.0010109751242789232,0.0006264472599001018,-0.009164406130472046,0.027142788951440473,0.015783107017170155,1.0,-0.00946653930856786,-0.06353925761588805,-0.016608762468917383,-0.04288309748064244,0.0117892792083247,-0.004420415939004578,-0.0189506707135169,-0.016605881196313895,0.02520970676532423,-0.019013681391830205,0.02160185426641475,0.0009373124003406186,-0.012124025187226781,-0.013371340503799269,0.005864003313606939,0.01209055086558136,0.03170530739614886,-0.007525587944379774,-0.008108663771960165,-0.038475701693253955,0.02779546478568091,-0.05638155075918847,-0.026415679935591456,-0.03458818138186261,-0.030812571976622388,0.004660704551483316,-0.008648508846524215,-0.012458219117810641,-0.04041603651768772,-0.02159718077768583,0.003271044964560225,-0.010641268664833559,-0.05570416407626055,0.012022952800350302,0.018168949605753954,-0.0017896101991663263,-0.0016648328894225924,-0.007727555449840344,0.032939340735581885,0.015333096510210666
3.4911247122830886,0.6245230071171122,0.8838421444527178,7.0,111.0,121.0,120.0,92.0,74.0,53.0,55.0,19.0,10.0,12.0,0.0,134.0,113.0,125.0,122.0,119.0,128.0,106.0,126.0,117.0,113.0,115.0,107.0,0.20178041543026706,0.35756676557863504,0.4406528189910979,0.27228070175438596,0.33052631578947367,0.3971929824561404,0.020104244229337303,0.0052122114668652275,0.016381236038719285,0.010424422933730455,0.011913626209977662,0.014147431124348473,0.0014892032762472078,0.011913626209977662,0.0052122114668652275,0.0022338049143708115,0.03648548026805659,0.01340282948622487,0.03276247207743857,0.0052122114668652275,0.016381236038719285,0.03052866716306776,0.020104244229337303,0.0037230081906180195,0.005956813104988831,0.0029784065524944155,0.0029784065524944155,0.024571854058078928,0.0037230081906180195,0.029784065524944156,0.010424422933730455,0.007446016381236039,0.026061057334326135,0.04616530156366344,0.004467609828741623,0.04169769173492182,0.021593447505584513,0.011169024571854059,0.10722263588979895,0.0037230081906180195,0.05658972449739389,0.02531645569620253,0.04318689501116903,0.058078927773641105,0.06180193596425912,0.006701414743112435,0.034996276991809384,0.010424422933730455,0.007446016381236039,0.0387192851824274,0.004467609828741623,0.022338049143708117,0.0037230081906180195,0.005956813104988831,0.011169024571854059,0.0014892032762472078,1.0,0.003930387272776882,0.06921598036727537,0.010260237738754603,-0.011824562053479334,-0.002505818284946367,0.02931818780891688,0.02016885093743586,0.03859528681598001,0.034809325727477,0.0008807578493131634,-0.003420265936023251,-0.021701474046119128,0.02971136494890293,0.002473751777769682,0.04857834782968906,0.03128287589411012,-0.04522087530052196,-0.014636202087870673,-0.0007102844843420336,-0.011991895079423023,0.02916085790645459,-0.022278008189795383,0.005032325273832255,-0.06209656700185776,0.024183694068370114,-0.01221928040854471,-0.0248247431594645,-0.006584681583438183,-0.011142989960868975,-0.024740006353541497,0.01554148744547113,-0.003859243630636453,-0.04376687572136955,-0.010833674535204233,-0.0324696470094926,-0.016786914120466796,-0.04414302117308114,0.020103715840418274,-0.01956917471763241,-0.02727303997171054,1.0,0.003933316026333347,0.06930481200109888,0.009804094142668545,-0.016813396579053324,-0.0038390532799204894,0.03153322558262416,0.020949402612117557,0.0345003381318881,0.031499236917351875,-0.0038917338001841183,-0.008033332927485672,-0.02210331122602509,0.031326605721998045,0.0033580223694217926,0.04221163307975087,0.02756267457715907,-0.05420209733194732,-0.019328390509994825,0.00679295711539791,-0.0066477166914725855,0.02560766055151381,-0.02825976153864094,-0.0007144334046465033,-0.06454430227673151,0.029741422400793173,0.0009164815247885476,-0.026130270774564236,-0.009342847146134536,-0.013103877983278743,-0.021143390685418904,0.01809867802718122,0.006861731896961554,-0.03775748834973992,-0.01770141253037999,-0.025088223522740555,-0.015349303310213709,-0.037223964890884274,0.027973642473535194,-0.009686751747740759,-0.030590254557323802
3.4456516830550457,0.5844759444064499,0.8786299329858526,15.0,92.0,110.0,103.0,81.0,79.0,8.0,56.0,25.0,14.0,7.0,0.0,134.0,109.0,121.0,119.0,119.0,128.0,41.0,117.0,120.0,109.0,113.0,93.0,0.2542372881355932,0.37796610169491524,0.3677966101694915,0.28647014361300077,0.3529856386999244,0.36054421768707484,0.00967982129560685,0.008190618019359643,0.011913626209977662,0.011169024571854059,0.01340282948622487,0.01563663440059568,0.0007446016381236039,0.012658227848101266,0.0014892032762472078,0.0014892032762472078,0.04169769173492182,0.011169024571854059,0.0387192851824274,0.004467609828741623,0.022338049143708117,0.024571854058078928,0.008190618019359643,0.0022338049143708115,0.00967982129560685,0.004467609828741623,0.0037230081906180195,0.03723008190618019,0.0029784065524944155,0.03276247207743857,0.01340282948622487,0.011169024571854059,0.027550260610573342,0.049143708116157855,0.0029784065524944155,0.04765450483991065,0.018615040953090096,0.011169024571854059,0.09903201787043932,0.0052122114668652275,0.05212211466865227,0.021593447505584513,0.03201787043931496,0.06626954579300075,0.06999255398361877,0.008190618019359643,0.040208488458674606,0.017870439314966492,0.008190618019359643,0.04244229337304542,0.0029784065524944155,0.004467609828741623,0.0014892032762472078,0.008190618019359643,0.007446016381236039,0.0,1.0,0.035442997034090484,-0.022630652380474715,-0.02244734499014641,0.004560914755403882,0.05119122050732742,-0.016015773558157018,0.0285799174371168,-0.04098957652627491,0.011400182825860887,0.013820325876880412,0.03301634347099147,-0.023385139709964878,0.06421032252029453,0.030340946891719206,-0.059448953106771334,-0.026131021125396874,0.0014490835238117567,0.08225158842378334,-0.028232943182003888,-0.024318764781314634,-0.011259216043200458,0.0011816281933288686,-0.009544458681676185,-0.010708050724119388,-0.021604413461802887,-0.03337903456472008,0.014724862225695357,0.009792074140910092,0.025685459479071675,-0.016701367874713647,-0.012669573493524383,0.0004598974941143108,-0.006091214985232708,-0.0101225274648219,0.0013304906826897278,0.031472250131288675,-0.04437132531763949,-0.02392079094137695,0.03186623128979244,0.01810309818928517,1.0,0.03546940761310248,-0.02395261744405686,-0.020863068804927297,0.0056073933064564,0.05013809432172357,-0.020055369482135824,0.03264882381937411,-0.04240137861664604,0.014935071288926755,0.009865658243599517,0.03324370450806016,-0.02858464688180519,0.07506910871533605,0.021251714579992986,-0.058813449416745205,-0.023697426000484422,0.006150470562765573,0.07112993822485848,-0.03175711927301303,-0.01963831943809296,-0.00413485842410893,0.002620116779833129,-0.023639595658286296,-0.010913881158818596,-0.021667280114947077,-0.02363102065952738,0.007535235855487564,0.01189232521962344,0.027981268562858673,-0.011237292469085669,-0.022891414108351354,-0.0006433069655877752,0.006261882797480188,-0.0123060356911159,0.0020656339008072256,0.02897038622394375,-0.039807256987482165,-0.019987809715390527,0.037021073847784136,0.009354979448008045
3.453766434887807,0.6137487689253447,0.8801191362620998,10.0,100.0,119.0,113.0,82.0,91.0,9.0,57.0,20.0,15.0,8.0,0.0,134.0,107.0,121.0,123.0,119.0,124.0,43.0,123.0,119.0,120.0,115.0,90.0,0.2532051282051282,0.3685897435897436,0.3782051282051282,0.28475336322869954,0.35949177877429,0.35575485799701045,0.00967982129560685,0.007446016381236039,0.007446016381236039,0.011913626209977662,0.010424422933730455,0.010424422933730455,0.0022338049143708115,0.007446016381236039,0.0037230081906180195,0.0007446016381236039,0.05137751303052867,0.008935219657483246,0.034996276991809384,0.010424422933730455,0.020104244229337303,0.023827252419955324,0.01563663440059568,0.0052122114668652275,0.011169024571854059,0.0022338049143708115,0.0022338049143708115,0.03201787043931496,0.0014892032762472078,0.0379746835443038,0.011913626209977662,0.011169024571854059,0.028294862248696945,0.040208488458674606,0.0037230081906180195,0.04095309009679821,0.023827252419955324,0.010424422933730455,0.0975428145941921,0.0014892032762472078,0.04988830975428146,0.01712583767684289,0.04616530156366344,0.06701414743112435,0.06626954579300075,0.007446016381236039,0.03201787043931496,0.014892032762472078,0.005956813104988831,0.05137751303052867,0.0052122114668652275,0.016381236038719285,0.0029784065524944155,0.012658227848101266,0.005956813104988831,0.0,1.0,-0.020820998115689777,0.02187327263875373,-0.003393017441404115,0.016307315397484857,0.030058345097467392,0.019075320892338616,-0.025827905395903544,0.023712848790525883,-0.03862067232301455,0.01577022460656619,0.010995158829654307,0.014510363039468193,-0.03762888088415786,-0.03797020321432307,0.006667378927369145,0.007082507013418072,-0.007563898630879008,0.015392309223829694,-0.0025634733526016195,-0.0073870930589757244,-0.01531929595422919,-0.008327306316247507,-0.011785275221273445,-0.008763390766239528,0.0059773520465717855,-0.022966102461471405,0.004836888392229675,0.007420112432623204,0.0033758183383395075,-0.02462487588337915,0.016264125565353917,-0.05025727966902223,-0.022981035613182748,-0.005835802674952104,-0.0750589855592864,0.0054299281670089055,-0.004632725472678332,-0.00926450218004488,-0.0045400472783133985,0.005608278926530854,1.0,-0.020836513017415327,0.02148106091789573,-0.002508631965205535,0.015779394169346254,0.030986709622584162,0.019760156516941258,-0.026424029010516367,0.021916423811328505,-0.03782976749272495,0.011700760985996754,0.013091311078570351,0.014904879980056258,-0.03724025491228985,-0.04018825862687971,0.008214163585217895,0.004800781560344802,-0.0056614691621485955,0.016911956007475696,0.0031985341931927394,-0.009430213357997602,-0.01597146711075191,-0.010323061305814087,-0.014924012625929071,-0.007720804942809145,0.010947659356933068,-0.02323337648977091,0.002729460125119001,0.008484702307496879,0.004711200542925644,-0.026913396907493316,0.017508199990792127,-0.04774408256224379,-0.02946494233800727,-0.003988756241329446,-0.07916820824910606,0.0029721972309492257,-0.00019223811516370118,-0.003801875469947628,-0.0074347749057481986,0.011980963682240933
3.487108084022308,0.6197033456682396,0.8838421444527178,4.0,116.0,128.0,114.0,93.0,80.0,37.0,55.0,19.0,22.0,6.0,4.0,134.0,117.0,131.0,123.0,124.0,128.0,111.0,126.0,113.0,121.0,113.0,117.0,0.20501474926253688,0.36578171091445427,0.42920353982300885,0.2661179698216735,0.3299039780521262,0.40397805212620025,0.014147431124348473,0.006701414743112435,0.01563663440059568,0.006701414743112435,0.014147431124348473,0.018615040953090096,0.0,0.008190618019359643,0.0029784065524944155,0.0037230081906180195,0.039463886820551006,0.0052122114668652275,0.03127326880119136,0.007446016381236039,0.018615040953090096,0.0193596425912137,0.02084884586746091,0.008190618019359643,0.011169024571854059,0.0029784065524944155,0.0029784065524944155,0.0193596425912137,0.0014892032762472078,0.02308265078183172,0.016381236038719285,0.01563663440059568,0.03052866716306776,0.04318689501116903,0.0029784065524944155,0.04169769173492182,0.020104244229337303,0.014147431124348473,0.1154132539091586,0.0052122114668652275,0.054355919583023084,0.029039463886820552,0.035740878629932984,0.05286671630677588,0.058078927773641105,0.011169024571854059,0.028294862248696945,0.014892032762472078,0.00967982129560685,0.055100521221146684,0.0029784065524944155,0.022338049143708117,0.0022338049143708115,0.006701414743112435,0.007446016381236039,0.0014892032762472078,1.0,0.029064395770430095,0.01812458632542701,0.047120895849764304,0.03497072399949909,0.007895639824767922,-0.03351262021306603,0.04096957243862049,-0.0032834338440899517,-0.04888746023096398,0.024570756308405117,-0.00142257557768482,-0.015155235902818198,-0.03527938728789642,-0.0013725254982223174,0.029036375481515837,0.016652780170439124,0.0017505718886829517,-0.03059654796832626,-0.014052571000452143,0.0011682793109842834,-0.05301592265740362,-0.005719466195456351,0.008889381855734292,0.04668908292492296,0.026974325543285597,-0.014845205881812118,0.01593068011977869,-0.03495744818116212,-0.03132088595996761,0.025149418985455415,-0.038308474716670406,0.007770143995488212,-0.02727415787296878,-0.019204175511818553,0.017837646844185425,0.006135215494418656,0.007510932030415294,-0.012085102582184861,-0.012398207800163166,0.06384976690923062,1.0,0.029086053293358886,0.01732027220213775,0.04625679560329498,0.032233192276906054,0.004530481106452938,-0.03742206038364082,0.039965354661776996,-0.006081370472204185,-0.04776214279118418,0.026440537460913367,-0.0030056572081209685,-0.013369057217553805,-0.0311375332049539,-0.001727706420702911,0.028919897237221295,0.025161811021845035,-0.00059953203104604,-0.03723500754944383,-0.01500587102718946,0.0031017728576656434,-0.0508181773032747,-0.0029394614644833498,0.012986765650573768,0.05310455262259866,0.029944513436793503,-0.020112705314427215,0.0045339992062175104,-0.035429627840642124,-0.029240611817850787,0.024281252408777716,-0.04109604924806462,0.011452546563397942,-0.019688010784027283,-0.02152885612589093,0.02079124580294875,0.01845512525050059,0.007179758753476127,-0.009410722995106984,-0.021684494727356615,0.056175914169595845
3.5227579193525256,0.6532128202543557,0.8897989575577067,2.0,108.0,120.0,114.0,98.0,96.0,39.0,16.0,13.0,14.0,7.0,2.0,134.0,109.0,125.0,121.0,120.0,120.0,107.0,123.0,109.0,110.0,116.0,109.0,0.18124006359300476,0.3799682034976153,0.43879173290937995,0.26870990734141126,0.32786885245901637,0.4034212401995723,0.016381236038719285,0.00967982129560685,0.011169024571854059,0.01563663440059568,0.014892032762472078,0.008935219657483246,0.0014892032762472078,0.006701414743112435,0.005956813104988831,0.0022338049143708115,0.039463886820551006,0.008190618019359643,0.03723008190618019,0.008190618019359643,0.018615040953090096,0.026061057334326135,0.020104244229337303,0.0052122114668652275,0.011169024571854059,0.0052122114668652275,0.0022338049143708115,0.018615040953090096,0.0014892032762472078,0.02680565897244974,0.0193596425912137,0.016381236038719285,0.02308265078183172,0.03648548026805659,0.0037230081906180195,0.03350707371556218,0.023827252419955324,0.017870439314966492,0.09977661950856292,0.0022338049143708115,0.054355919583023084,0.034996276991809384,0.03127326880119136,0.06105733432613552,0.06775874906924795,0.011169024571854059,0.04393149664929263,0.017870439314966492,0.008190618019359643,0.03350707371556218,0.004467609828741623,0.010424422933730455,0.004467609828741623,0.010424422933730455,0.006701414743112435,0.0014892032762472078,1.0,0.001362880751479527,-0.0008355469188803335,0.05421002032153379,0.009945789929075395,0.018503884164499433,0.01200969312072319,0.04500824409184081,0.057844203317988306,-0.001590885350833181,0.05040081352782773,0.05277654999723808,-0.011829362036099439,-0.027478112154339335,0.04520881142733359,-0.008376303291423207,0.04259246634677537,0.016049638008760365,-0.03477654678380722,0.04199369612706317,0.034130354570834964,0.04261979490149679,0.0158034570923644,-0.040392166744524345,-0.05180592495364542,-0.033518317162805775,-0.025418777309984066,0.00528727449692678,-0.013792225251280873,0.06730309243791716,-0.020085424239105757,-0.017430762719527496,-0.020506411157631122,-0.014762596672558762,-0.010223507598111857,-0.027355108113983756,0.012245551942424436,0.005958659082079339,-0.007728608913335519,0.015973208122895818,0.06218547498409333,1.0,0.001363896310906857,-0.0008386548470911536,0.054333811420714244,0.009853104394648812,0.018702493776757905,0.009131483153838745,0.044360343169717084,0.05638700869049621,-0.002798181510066034,0.04616032888529674,0.04667560632188306,-0.013764510682882328,-0.035611902404236576,0.03711080093927033,-0.014596025472870231,0.041576270184435986,0.008254347528709913,-0.04338620139439283,0.034259497477359555,0.03512449300744645,0.04215845550140217,0.007469599885890522,-0.04220200834713894,-0.06635782503783844,-0.040544267977449616,-0.02707697906954149,7.470841416910663e-05,-0.014752808369428312,0.07493470885249788,-0.026431958557128182,-0.01445593968316835,-0.019137307016291225,-0.006991546727866457,0.0058439313227033945,-0.022541143448602384,0.006050336422312283,0.000508373879137183,0.0013245633152226346,0.018911591027427312,0.07001093425080748
3.4808468198169344,0.626964867097368,0.8771407297096053,5.0,111.0,122.0,113.0,76.0,76.0,32.0,34.0,6.0,18.0,9.0,12.0,133.0,111.0,125.0,117.0,116.0,122.0,111.0,119.0,111.0,112.0,114.0,111.0,0.18729641693811075,0.3469055374592834,0.46579804560260585,0.26676176890156916,0.3252496433666191,0.4079885877318117,0.011913626209977662,0.008190618019359643,0.016381236038719285,0.014147431124348473,0.017870439314966492,0.011913626209977662,0.0,0.008935219657483246,0.004467609828741623,0.0029784065524944155,0.027550260610573342,0.008935219657483246,0.035740878629932984,0.00967982129560685,0.022338049143708117,0.028294862248696945,0.023827252419955324,0.0029784065524944155,0.005956813104988831,0.0052122114668652275,0.0014892032762472078,0.021593447505584513,0.0022338049143708115,0.017870439314966492,0.012658227848101266,0.014147431124348473,0.02084884586746091,0.0387192851824274,0.005956813104988831,0.03425167535368578,0.03350707371556218,0.008935219657483246,0.1169024571854058,0.0037230081906180195,0.04839910647803425,0.018615040953090096,0.03648548026805659,0.05361131794489948,0.0766939687267312,0.012658227848101266,0.03723008190618019,0.021593447505584513,0.006701414743112435,0.05063291139240506,0.0037230081906180195,0.011169024571854059,0.0052122114668652275,0.011169024571854059,0.0037230081906180195,0.0022338049143708115,1.0,0.03095965053234664,-0.023952534432199503,0.03132421901992342,0.017965461180561644,-0.04396264958409677,-0.027840017239098524,0.020751681983499536,-0.013089475178427795,0.010163782153391676,-0.010733693796084378,0.013523012047632304,0.015483652292887028,-0.0360169018599646,-0.01123468776188447,0.022300772196975047,0.004710318235310914,-0.017047806308178603,0.025810531369638755,0.003431990405688736,0.02876773255056786,0.030934844521915476,0.01821005284751067,-0.013905538357327133,0.022118865774444697,0.0027122214473119933,-0.053439956993451866,0.017719408259216703,0.023536911329849867,0.002592514893458111,-0.03284869022737017,0.008862898399575294,0.012397200574735819,-0.023447409217971216,0.0016045437207147144,0.0013454930012274304,-0.005131100796689715,-0.0015995955046299,0.04631860647321577,0.04443759737833975,-0.01131230953289482,1.0,0.030982720316647932,-0.02497215828044524,0.032982043155061494,0.015391342678878563,-0.04372530517577594,-0.02543329079278944,0.01947401176428071,-0.01332857672435358,0.015281122791650944,-0.014573185062634771,0.012932251084095427,0.014952878088884411,-0.03670399666964566,-0.008741998186236109,0.02047858431745481,0.004368887776935658,-0.011903251060372528,0.023175404857742492,-0.00261234824608425,0.034110754219866514,0.029405383931794697,0.016161416722477995,-0.015153434311556203,0.02358032847333633,0.0014842207343115721,-0.04986431614064049,0.02027339642337253,0.021409563432528537,0.006270675365594317,-0.03251747642330628,0.004572214739640196,0.009601800391709889,-0.018694657189629923,0.0059683851073334794,-0.0010209334459526198,-0.010376560214155024,0.004450840599033441,0.04749894482834976,0.036915738681592376,-0.015146135500964953
3.473712495707023,0.608806617795212,0.8771407297096053,10.0,81.0,127.0,100.0,65.0,99.0,16.0,35.0,14.0,11.0,30.0,13.0,134.0,96.0,131.0,127.0,116.0,128.0,47.0,127.0,115.0,115.0,122.0,65.0,0.23960066555740434,0.3161397670549085,0.4442595673876872,0.29402872260015117,0.35752078609221466,0.34845049130763417,0.017870439314966492,0.007446016381236039,0.014892032762472078,0.01712583767684289,0.011913626209977662,0.010424422933730455,0.0007446016381236039,0.016381236038719285,0.0029784065524944155,0.0014892032762472078,0.022338049143708117,0.017870439314966492,0.0379746835443038,0.005956813104988831,0.0193596425912137,0.0193596425912137,0.014892032762472078,0.0029784065524944155,0.00967982129560685,0.006701414743112435,0.0022338049143708115,0.03201787043931496,0.0022338049143708115,0.029039463886820552,0.01712583767684289,0.012658227848101266,0.03648548026805659,0.05956813104988831,0.0052122114668652275,0.029039463886820552,0.016381236038719285,0.006701414743112435,0.11020104244229337,0.0029784065524944155,0.058078927773641105,0.02531645569620253,0.0379746835443038,0.05137751303052867,0.06626954579300075,0.011913626209977662,0.022338049143708117,0.014147431124348473,0.0029784065524944155,0.05212211466865227,0.0037230081906180195,0.012658227848101266,0.0022338049143708115,0.006701414743112435,0.010424422933730455,0.0014892032762472078,1.0,-0.014234580539608766,-0.042159225062436294,-0.003201044615462797,0.0231292818388152,-0.031266929728199146,-0.009123906419667269,-2.5380251324420467e-05,-0.015256036316461564,0.012834429931819961,-0.052449546605404844,0.010213179100913808,-0.010474444829091366,0.026474995049785267,-0.026098323873225516,-0.0677013008707298,-0.03356931907425425,0.013819481788678218,-0.027395635608530738,0.027838505916397215,-0.017086310517444775,0.004300741119366006,0.02806001405342384,0.07894703743047016,-0.02960089864930887,0.008756153786469692,0.01107975521320562,-0.03538402072735284,-0.044080036625056926,0.026861418623700915,-0.0011746231583055955,0.00741780634414669,-0.043926050483662264,-0.021995248020515275,0.03937344634776463,-0.012966767806822287,-0.012669106013578372,-0.016017330589224516,0.020258941239449536,0.041561498447244334,0.060575167888182097,1.0,-0.014245187529578667,-0.042433638585062126,-0.004448581530964883,0.021335492146239476,-0.031117984320635703,-0.008253027863715887,-0.002715978390434058,-0.016923980759190632,0.013682349611158919,-0.05462856095468549,0.009320928096243408,-0.014246289272150084,0.025237164785459752,-0.023949075213066256,-0.07128917582158553,-0.03822041595864201,0.005319960766393228,-0.030965707932079617,0.03163067599093096,-0.02657492965156935,0.004240766606364997,0.0253802181404618,0.08066227591055354,-0.02652053361323034,0.0091209130326851,0.003468016844853077,-0.034092343419661914,-0.042490176929964506,0.026429717112758745,-0.015841413952029454,0.012553521685881915,-0.050560881001972806,-0.018935825887748427,0.03394893135616571,-0.013478550442049358,-0.014142175570576985,-0.009804773147586649,0.019982015018733378,0.05354302440665365,0.06385542008374016
3.4487053328278776,0.5876363861562208,0.8868205510052122,11.0,99.0,127.0,120.0,78.0,81.0,11.0,53.0,16.0,11.0,17.0,3.0,134.0,119.0,130.0,126.0,123.0,130.0,31.0,125.0,123.0,115.0,124.0,91.0,0.23125996810207336,0.3588516746411483,0.4098883572567783,0.28373450036469733,0.35521517140773157,0.3610503282275711,0.011169024571854059,0.0052122114668652275,0.011169024571854059,0.00967982129560685,0.014147431124348473,0.012658227848101266,0.0022338049143708115,0.00967982129560685,0.0052122114668652275,0.0037230081906180195,0.040208488458674606,0.011169024571854059,0.044676098287416234,0.007446016381236039,0.018615040953090096,0.02084884586746091,0.008190618019359643,0.0007446016381236039,0.014147431124348473,0.0037230081906180195,0.0029784065524944155,0.034996276991809384,0.0022338049143708115,0.044676098287416234,0.011913626209977662,0.012658227848101266,0.035740878629932984,0.055100521221146684,0.0022338049143708115,0.05361131794489948,0.022338049143708117,0.006701414743112435,0.10201042442293373,0.004467609828741623,0.05658972449739389,0.012658227848101266,0.04095309009679821,0.05584512285927029,0.054355919583023084,0.010424422933730455,0.03201787043931496,0.01563663440059568,0.004467609828741623,0.0379746835443038,0.0029784065524944155,0.01340282948622487,0.0022338049143708115,0.0029784065524944155,0.010424422933730455,0.0007446016381236039,1.0,-0.027916902517539904,-0.024252216367051847,-0.06249439500126808,0.004616959134242388,0.03519117263582066,0.03690998355244782,0.0004114093959557133,-0.03590725460855314,-0.0018165373299469222,-0.02095426451881859,0.02492314765636472,-0.0582493843371826,-0.05090894043585399,-0.026580266381570596,-0.0036204228262111757,0.0023477983690128115,0.009450218516049432,-0.04368246466381098,0.011289614752625843,0.015903339937757947,-0.023356634008932658,0.005436048207846776,0.05569190769277143,-0.014138713931931035,-0.013157579912250432,-0.031001241647409285,-0.008659295787262468,-0.001977908805465925,0.0033196940025730067,0.04464646190939535,-0.033260558932192624,0.010644469524557169,-0.02793194305014135,-0.028528075513881174,0.013349678052500142,0.002155002050057437,-0.018765335005680308,-0.027544087046188014,0.01049433713831419,-0.030621477071277717,1.0,-0.02793770497843225,-0.02508848401870243,-0.06412118435453584,0.00029248504470558677,0.03240645217187216,0.03546664727490075,0.0047143950772687345,-0.030172568616679902,0.00047077881269136834,-0.024079062518097206,0.01736142225153104,-0.06039556077676585,-0.05532486892336929,-0.028479314969585747,-0.013895582546023062,-0.006409342379606951,0.008646698342860566,-0.03908206723193472,0.01635909944906296,0.014830749394627163,-0.029277600242480877,0.0008207731174716232,0.05936665839482197,-0.015185031949147717,-0.01826802074195238,-0.035095679827774846,-0.01569833503333312,-0.013703567198088955,-0.00395311738746285,0.042404085557001044,-0.02991483736727084,0.016472991150416415,-0.022713737811311908,-0.041470223781017175,0.015547099930526834,-0.0022864439108369206,-0.021295850734455432,-0.02872220967621523,0.0014718974852139818,-0.03645719212175919
3.5185578167676828,0.6259077769919245,0.8875651526433358,7.0,109.0,125.0,119.0,105.0,87.0,30.0,38.0,25.0,5.0,13.0,0.0,134.0,111.0,129.0,125.0,119.0,130.0,105.0,128.0,111.0,122.0,123.0,115.0,0.19909502262443438,0.38310708898944196,0.4177978883861237,0.2699724517906336,0.3285123966942149,0.4015151515151515,0.014147431124348473,0.006701414743112435,0.014147431124348473,0.01563663440059568,0.01563663440059568,0.01340282948622487,0.0007446016381236039,0.006701414743112435,0.008935219657483246,0.004467609828741623,0.0379746835443038,0.011169024571854059,0.034996276991809384,0.004467609828741623,0.018615040953090096,0.028294862248696945,0.014892032762472078,0.0022338049143708115,0.006701414743112435,0.006701414743112435,0.0029784065524944155,0.029039463886820552,0.0029784065524944155,0.029784065524944156,0.012658227848101266,0.014147431124348473,0.02084884586746091,0.05361131794489948,0.0037230081906180195,0.034996276991809384,0.02680565897244974,0.014892032762472078,0.0953090096798213,0.0037230081906180195,0.06105733432613552,0.02531645569620253,0.03127326880119136,0.04690990320178704,0.055100521221146684,0.00967982129560685,0.034996276991809384,0.021593447505584513,0.005956813104988831,0.058078927773641105,0.005956813104988831,0.016381236038719285,0.0022338049143708115,0.005956813104988831,0.0052122114668652275,0.0022338049143708115,1.0,0.010539096962108025,0.046722873099756014,0.039287800733057925,0.022327680943996432,0.023315754982353054,-0.016106547837447756,0.016765019391607287,-0.03896521959445321,-0.029431571029705273,0.010143445797453788,-0.01456997475835587,-0.01569074480431664,-0.009226234122142882,0.009551440008393213,0.004510379119248391,-0.01549421500552052,-0.022892717388772355,-0.03696947564985901,-0.0440765533955946,0.05851839954501051,0.009011686410007403,0.019832607977119155,0.02209092956236343,-0.017862454244821288,0.00364047591723403,-0.04430647605387777,0.020296451557354534,-0.006558644894432286,0.007068475505629421,0.041834382254783975,-0.028671175413716176,0.028638261537152633,0.035064860328059354,-0.01856730278487954,-0.0017354099711261784,0.03840494243680619,0.034038399900701,-0.0029178088261289183,0.011073753369813312,-0.00404034157135674,1.0,0.010546950238532842,0.04668651189085452,0.03850107163995781,0.019570488110424954,0.019528102864276215,-0.020025612140150906,0.013622845475016273,-0.040093910846066796,-0.030070338461190265,0.013442160829680973,-0.00910300218987432,-0.013770884793644219,-0.005379833397624474,0.011295122408716213,0.006487389595544239,-0.015326466955687477,-0.02660757062866676,-0.03663608102992192,-0.0419551950273745,0.06483937980021352,0.015747531900408642,0.02077710967948297,0.020900755912170475,-0.024465233566760294,-0.0062150330045177915,-0.04765255383340237,0.014615150992474894,-0.00019807485355231605,0.014483738976060255,0.0426571981732047,-0.025990373673774103,0.025252555343319143,0.03760285704669474,-0.028965641022358737,-0.012603219453454132,0.03907487234905067,0.030656689429159906,0.002570663462105994,0.01599054843165172,-0.0093648076493838
3.4990634533781955,0.6381756575260709,0.8860759493670886,3.0,114.0,128.0,119.0,94.0,88.0,20.0,37.0,22.0,12.0,17.0,5.0,134.0,115.0,131.0,123.0,122.0,127.0,107.0,126.0,119.0,119.0,121.0,109.0,0.19423368740515934,0.37481031866464337,0.4309559939301973,0.2663454920853407,0.3324156916724019,0.4012388162422574,0.016381236038719285,0.010424422933730455,0.021593447505584513,0.012658227848101266,0.014892032762472078,0.017870439314966492,0.0014892032762472078,0.007446016381236039,0.0029784065524944155,0.0029784065524944155,0.03201787043931496,0.007446016381236039,0.03350707371556218,0.007446016381236039,0.021593447505584513,0.03052866716306776,0.017870439314966492,0.005956813104988831,0.008190618019359643,0.0022338049143708115,0.0037230081906180195,0.02531645569620253,0.0014892032762472078,0.029784065524944156,0.02084884586746091,0.011169024571854059,0.021593447505584513,0.044676098287416234,0.004467609828741623,0.03648548026805659,0.02531645569620253,0.011169024571854059,0.09828741623231571,0.0022338049143708115,0.05584512285927029,0.03276247207743857,0.03350707371556218,0.05286671630677588,0.0766939687267312,0.00967982129560685,0.02531645569620253,0.01563663440059568,0.006701414743112435,0.04393149664929263,0.0022338049143708115,0.014147431124348473,0.0,0.008935219657483246,0.008190618019359643,0.0014892032762472078,1.0,-0.013246340159859411,0.06752907887061764,0.015526427664761902,0.0581493111362918,-0.019829514141678283,0.05399887645191017,0.022313848537775863,-0.04750651852875311,0.0063110847745553676,0.007500023249588217,-0.030809722974731717,-0.006455159309536432,-0.01611624968491576,0.014924796759725837,-0.014022197063097291,0.04829679500921196,-0.006849351099131253,-0.008050293567223159,-0.02331362169945638,0.017612051850160616,0.008521115801160703,0.031859568713165115,0.013658430661988269,0.044611353224902395,-0.010357838016423527,-0.0060909188108723075,0.00889802296202112,-0.0009216023792772604,-0.0097708909204006,-0.010612853633894423,0.007955267395385433,-0.007865897964659127,-0.01634184169292108,0.00982089434076775,-0.025234068856079782,0.0390989918191237,0.027171396869077744,0.01801909831425302,-0.02644314720428366,-0.011204677092938646,1.0,-0.013256210756103727,0.06746592184926982,0.017373679449070905,0.05446047638689452,-0.020723138762342386,0.04637087715504846,0.024691135109586267,-0.056607440148362005,0.0026039445682427367,0.007731238155798367,-0.03073383578761398,-0.004359836504596397,-0.01791362110218079,0.020851351217622535,-0.005825675861959086,0.0431298300569252,2.6128482106900365e-05,-0.013968226797838023,-0.024621654042141127,0.012197924336237564,0.013734751274343487,0.0298536721968071,0.011908423898544577,0.04471003208416723,-0.009958546674262844,-0.018706651340848816,0.007516450847804241,-0.005387435738515687,-0.008663584877756286,-0.01604266920437341,0.00885231175811255,-0.0009240419886960417,-0.01595257156702238,0.011649851056644775,-0.017094528257806055,0.04009558449015507,0.031483537690895264,0.008000615454880206,-0.026087136168393206,-0.024750581852658115
3.4661581719135506,0.6348330797489462,0.8823529411764706,3.0,96.0,119.0,115.0,86.0,98.0,21.0,49.0,18.0,11.0,6.0,0.0,134.0,104.0,128.0,122.0,113.0,122.0,69.0,121.0,111.0,110.0,113.0,89.0,0.24115755627009647,0.36977491961414793,0.3890675241157556,0.28218562874251496,0.3413173652694611,0.37649700598802394,0.011169024571854059,0.00967982129560685,0.00967982129560685,0.01340282948622487,0.016381236038719285,0.011913626209977662,0.0007446016381236039,0.010424422933730455,0.004467609828741623,0.0022338049143708115,0.03201787043931496,0.007446016381236039,0.03425167535368578,0.006701414743112435,0.022338049143708117,0.022338049143708117,0.01563663440059568,0.0029784065524944155,0.01712583767684289,0.0014892032762472078,0.004467609828741623,0.022338049143708117,0.004467609828741623,0.02680565897244974,0.016381236038719285,0.017870439314966492,0.03127326880119136,0.04988830975428146,0.0007446016381236039,0.03276247207743857,0.018615040953090096,0.012658227848101266,0.11243484735666419,0.0037230081906180195,0.054355919583023084,0.017870439314966492,0.04616530156366344,0.06031273268801191,0.06999255398361877,0.0052122114668652275,0.03052866716306776,0.022338049143708117,0.008190618019359643,0.04095309009679821,0.0022338049143708115,0.01563663440059568,0.0014892032762472078,0.00967982129560685,0.008190618019359643,0.0,1.0,-0.038631608584580555,-0.007835685472236162,0.02964288832117057,-0.044612359707927714,0.0010413360659415477,0.024544448721761564,0.01591002268092015,0.032194419968876745,0.013300290371265113,0.03260621707941652,-0.014200405080229838,0.043814595474003036,0.04511471100245766,-0.030812744473809522,-0.004270703331620459,0.020142310021603986,0.02014757728888659,-0.015725168151761833,-0.0032792433537135067,0.04413289636041875,-0.014681954202460563,-0.01887072912634156,-0.030366298802924362,0.001260551675310919,0.008163871146946795,0.0196092141332309,0.01259403950325864,0.026108082675230345,0.03769825527153796,0.0284077597697218,-0.02464946336234266,0.03257293113374135,0.003036697942414914,0.0082080785932869,0.03925609845571337,-0.03195875761416009,0.002103745317674168,0.07647104953536986,0.000704359262444632,-0.013679346993663877,1.0,-0.03866039517816073,-0.00935598165425747,0.029087343153624653,-0.04263785458130281,-0.0018193351635225963,0.023190914459297565,0.02037476926846701,0.03239266596847772,0.014856412783632696,0.035727250915810624,-0.01170539380792857,0.045543256787426725,0.047727222008827036,-0.025162293314060565,-0.01125196211766232,0.017699223582029154,0.026147831933430163,-0.020374101877433454,-0.010335845399906493,0.04102831677832685,-0.011079422446374106,-0.024631736419907072,-0.0385600160242994,0.002883602754245632,0.0023726233409205426,0.017918025829819658,0.013875159278551668,0.02692049993050429,0.038844793316405196,0.035071619707253775,-0.014021067076585148,0.02974626446940936,0.0033654924504982185,0.015246267843216019,0.04015373221022913,-0.03397648382030493,-0.008918212451190451,0.07364473123658488,0.00951622425928407,-0.024091718320127794
3.496382371253254,0.6721711821133753,0.8771407297096053,12.0,102.0,123.0,116.0,94.0,88.0,33.0,51.0,11.0,7.0,13.0,9.0,134.0,114.0,129.0,124.0,117.0,127.0,93.0,125.0,117.0,107.0,119.0,111.0,0.2291350531107739,0.34597875569044007,0.424886191198786,0.27240649258997884,0.32815808045165845,0.39943542695836276,0.014147431124348473,0.007446016381236039,0.011913626209977662,0.01712583767684289,0.011913626209977662,0.014147431124348473,0.0007446016381236039,0.006701414743112435,0.0029784065524944155,0.0014892032762472078,0.04244229337304542,0.007446016381236039,0.04095309009679821,0.0037230081906180195,0.020104244229337303,0.02308265078183172,0.011913626209977662,0.0014892032762472078,0.011169024571854059,0.0052122114668652275,0.005956813104988831,0.03052866716306776,0.0037230081906180195,0.029039463886820552,0.010424422933730455,0.011913626209977662,0.03648548026805659,0.0387192851824274,0.006701414743112435,0.029039463886820552,0.026061057334326135,0.014147431124348473,0.0975428145941921,0.0029784065524944155,0.054355919583023084,0.0193596425912137,0.044676098287416234,0.05286671630677588,0.06999255398361877,0.005956813104988831,0.03127326880119136,0.022338049143708117,0.006701414743112435,0.04690990320178704,0.0029784065524944155,0.02084884586746091,0.0052122114668652275,0.006701414743112435,0.008935219657483246,0.0014892032762472078,1.0,0.0003591149720390152,-0.0037086892879019057,-0.023086449173262854,-0.013700270044812467,-0.004670638416708503,-0.04100896571903797,0.0045376302663160855,0.027157915760877817,-0.03445094605035929,-0.004055141794798639,0.024384183849273412,-0.009040064967018837,0.02542640511122576,0.013436172999050516,0.020499411812212372,0.015521944518947084,-0.00520894041702706,0.0063455295803030816,0.005558304924463821,-0.004935964842571679,-0.013000660517663158,-0.01673449861894625,0.017479116825102812,0.017434041546621558,0.011513205960156503,-0.004995953436660373,0.032702274099443714,0.025565623664263324,-0.03325405740138529,0.02051720411194316,0.007696246642625703,-0.026904387598555304,-0.012243864360303267,0.03657572853103708,-0.009731321248197797,-0.050191477120391056,-0.03348570221954378,0.04036560505653508,0.02357105606611607,0.011375945575234097,1.0,0.0003593825688885356,-0.0037143501528257307,-0.023135782775204766,-0.013747839343424587,-0.004860179755771376,-0.0418635434871725,0.003881097400890434,0.026634638762681535,-0.03684843311180372,-0.004848793583115862,0.02549429320575813,-0.011957907883109641,0.025354988076524376,0.016654370424066724,0.017811549279130194,0.016330077885789798,0.0003047167302148353,0.006043311803744839,0.007731535888528423,-0.0011594895913539314,-0.013299911798606751,-0.015202870138353508,0.01824024704985424,0.016764185391835586,0.012362238095681209,-0.006677538537850953,0.03273638485403288,0.026245754037970255,-0.03349383236512986,0.02337638763932029,0.00808897400150574,-0.02919935494072097,-0.00820140267553537,0.0408872112960365,-0.016133415165291654,-0.050517517639265076,-0.02859792070928908,0.03337867688102113,0.019980453318976098,0.014351650336037492
3.5436044581317003,0.6275428560489613,0.8868205510052122,3.0,111.0,120.0,119.0,86.0,90.0,35.0,51.0,29.0,7.0,17.0,6.0,134.0,111.0,126.0,125.0,119.0,129.0,110.0,125.0,123.0,119.0,124.0,119.0,0.21364985163204747,0.35756676557863504,0.4287833827893175,0.2650273224043716,0.3319672131147541,0.4030054644808743,0.021593447505584513,0.00967982129560685,0.017870439314966492,0.01563663440059568,0.0193596425912137,0.016381236038719285,0.0014892032762472078,0.008190618019359643,0.0037230081906180195,0.0037230081906180195,0.029039463886820552,0.011913626209977662,0.034996276991809384,0.005956813104988831,0.01712583767684289,0.02308265078183172,0.01712583767684289,0.0037230081906180195,0.011169024571854059,0.008190618019359643,0.0022338049143708115,0.02531645569620253,0.0029784065524944155,0.024571854058078928,0.012658227848101266,0.010424422933730455,0.027550260610573342,0.04988830975428146,0.004467609828741623,0.029039463886820552,0.029039463886820552,0.012658227848101266,0.09381980640357408,0.0022338049143708115,0.05286671630677588,0.02680565897244974,0.04169769173492182,0.05658972449739389,0.06478034251675353,0.008935219657483246,0.03127326880119136,0.022338049143708117,0.006701414743112435,0.03723008190618019,0.0029784065524944155,0.01712583767684289,0.0022338049143708115,0.00967982129560685,0.011169024571854059,0.0007446016381236039,1.0,0.06625917463866365,-0.021185487004862523,-0.03705644733829888,-0.009078797595371243,0.025826703364983855,-0.03163713978825886,0.0029613830820461088,-0.031191074492205165,-0.035781925495015056,-0.03381635344627429,0.028955115173456617,0.06247204561357948,0.012304434158458116,0.028205284266566145,-0.0641752502711048,-0.006821011022785143,0.01428404937210132,0.006344452685046473,-0.023985629174018197,-0.0480442465461357,-0.0038923255364820197,0.05269492422852439,-0.018839900810716813,-0.007807504849804238,-0.012678062804138513,-0.02021057058674564,-0.013185544831623194,0.03484947984241757,0.046916573388725374,-0.010303246127009712,-0.0033229451519467047,-0.044686053731224355,-0.04548250846198535,0.007351920536342561,-0.0197567524405089,0.02453763091986216,0.018942435018534407,0.02231473953365306,0.04172732157888588,0.008433653716360573,1.0,0.0663085480921947,-0.02572702429157932,-0.034163140993893795,-0.0048740905680571545,0.02542355723271516,-0.037039414771483356,0.008259622822650366,-0.0320579378950513,-0.03381860408712538,-0.031909192176402396,0.03216377002517512,0.05359135803741658,0.005245988757161606,0.03146394351681344,-0.06521758753598102,-0.00011879180099348752,0.011755304784344306,0.0010991611264013735,-0.02800730700046468,-0.0351236143101501,0.002454420736845732,0.05639981847926703,-0.03389201846755483,-0.007729022656736336,-0.016042984410228812,-0.022272860575937442,-0.007745657147235496,0.037442419513645145,0.03819426067091393,-0.019030166385455172,0.008399810824725623,-0.03748782905522341,-0.04844053528288479,0.004916838434493876,-0.0282368394436224,0.022612165574910126,0.03585004694016344,0.0243900360063614,0.03857786746447816,-0.0035597476739926697
3.470189369739708,0.6071372669480058,0.8808637379002234,20.0,71.0,113.0,104.0,92.0,112.0,12.0,39.0,16.0,20.0,18.0,2.0,134.0,72.0,126.0,121.0,117.0,130.0,47.0,129.0,105.0,125.0,121.0,71.0,0.2762520193861066,0.37479806138933763,0.34894991922455576,0.30277349768875195,0.3605546995377504,0.3366718027734977,0.018615040953090096,0.005956813104988831,0.014147431124348473,0.008190618019359643,0.014147431124348473,0.011913626209977662,0.0022338049143708115,0.01340282948622487,0.004467609828741623,0.004467609828741623,0.04765450483991065,0.011913626209977662,0.0387192851824274,0.005956813104988831,0.017870439314966492,0.03425167535368578,0.01563663440059568,0.0022338049143708115,0.007446016381236039,0.0029784065524944155,0.0022338049143708115,0.03648548026805659,0.0037230081906180195,0.029784065524944156,0.01340282948622487,0.00967982129560685,0.034996276991809384,0.04690990320178704,0.004467609828741623,0.03723008190618019,0.02308265078183172,0.008935219657483246,0.08786299329858525,0.0007446016381236039,0.05584512285927029,0.016381236038719285,0.04393149664929263,0.06403574087862993,0.06478034251675353,0.007446016381236039,0.026061057334326135,0.014147431124348473,0.006701414743112435,0.04839910647803425,0.0022338049143708115,0.012658227848101266,0.0022338049143708115,0.006701414743112435,0.006701414743112435,0.0,1.0,-0.0121076256825927,-0.04737323264488145,0.023853813831342746,-0.0007532230257952069,-0.05822092626189335,-0.003327511263156281,-0.01624745983149473,-0.01582361833911953,0.03243047466194825,-0.04975103120138583,-0.01172094950984238,0.04651712446705809,0.04562310984897283,0.029251829903751136,0.01594337934939928,0.03341573054342552,-0.07331392748086053,0.01470334606301616,0.005269389744215479,-0.017791978398947535,-0.0063429014684252055,0.03595860968062791,0.02021800902780065,0.003750009175902157,0.027648886443119552,-0.00974337581161123,-0.011520184358278462,0.04471106451374041,0.042099881124551944,-0.03408984244050282,0.002278242826138303,-0.012682703495720744,-0.002088615984474238,0.00903026382429786,0.011073080411711036,0.03495973994875125,-0.003000135791847617,0.039670002683605814,0.01840762480463124,0.001687258623419172,1.0,-0.012116647758362128,-0.04759768735515311,0.02278322417628886,-0.0024535665415831003,-0.05642925510192071,-0.005404655765648672,-0.021854483231292448,-0.014355409417350399,0.030666412758647878,-0.053723076388170046,-0.01008139254216017,0.03868539620876233,0.04669251564248272,0.038632747073888085,0.01341550670597987,0.03517268376197323,-0.07018106179089985,0.019122552037795823,0.006635519762975327,-0.010884356408759998,-0.004022010929612951,0.03022282277903125,0.028236375213704677,0.00895202008928894,0.022982302744987713,-0.006993860874314412,-0.01933645958645506,0.04183108299673819,0.049882367516110845,-0.023649054889996624,0.003745965738916881,-0.016515563854834606,0.01262163813333781,0.005043909526758347,0.012438548898864709,0.03695853690657605,-0.015231514949693666,0.04154329409657848,0.02997261182193935,0.004591084521965474
3.4597899685474847,0.6359955050630014,0.8860759493670886,5.0,105.0,120.0,113.0,76.0,90.0,44.0,44.0,7.0,27.0,2.0,7.0,134.0,111.0,123.0,121.0,116.0,122.0,103.0,123.0,113.0,119.0,113.0,108.0,0.2171875,0.3484375,0.434375,0.26955903271692744,0.3335704125177809,0.3968705547652916,0.01340282948622487,0.005956813104988831,0.011169024571854059,0.012658227848101266,0.012658227848101266,0.016381236038719285,0.0014892032762472078,0.011169024571854059,0.0029784065524944155,0.0007446016381236039,0.0387192851824274,0.008190618019359643,0.034996276991809384,0.006701414743112435,0.024571854058078928,0.02084884586746091,0.021593447505584513,0.0037230081906180195,0.005956813104988831,0.0029784065524944155,0.0014892032762472078,0.024571854058078928,0.0029784065524944155,0.028294862248696945,0.00967982129560685,0.006701414743112435,0.027550260610573342,0.03276247207743857,0.004467609828741623,0.03127326880119136,0.026061057334326135,0.010424422933730455,0.10349962769918093,0.004467609828741623,0.0573343261355175,0.027550260610573342,0.04393149664929263,0.06626954579300075,0.06775874906924795,0.008190618019359643,0.039463886820551006,0.021593447505584513,0.004467609828741623,0.049143708116157855,0.0014892032762472078,0.021593447505584513,0.0037230081906180195,0.007446016381236039,0.008190618019359643,0.0007446016381236039,1.0,0.028160849836392766,0.016927430174012954,-0.04224971896140246,0.021294344186240457,0.04618012174194075,0.03799992600539358,0.0449102635281126,0.01125653633988903,0.027505888585634176,-0.009021548829456135,0.03677781401550375,-0.01660519835510423,-0.028742617208746973,0.039469448535738604,0.0166803479061791,-0.00725427655403813,0.03195133252119658,0.017052275630069162,-0.04255276332539765,-0.029367831552333516,-0.009055370763061475,-0.08522816145966607,-0.01579343401900813,0.04561469571969467,0.019709024688056746,0.017038069703727492,0.004329270208100714,-0.05250560523466689,0.014121935688980083,-0.01763862983962764,0.0015865584346159824,0.009149844906710126,-0.008935733361781092,-0.006992003510212711,-0.022556044418909814,-0.005732384329390219,-0.03883787711395381,0.021159804835384287,-0.013044663173032305,-0.010512501729050733,1.0,0.02818183407621124,0.01617130388758453,-0.04331579708523713,0.02355688913724905,0.046686462883877546,0.03304940919345792,0.04369999516194238,0.01133675479117631,0.026876092843771803,-0.010716186499817029,0.032842176997568875,-0.02177601637158891,-0.03565937079896142,0.040920366276576775,0.010711267221268587,-0.01659684907638421,0.03762221815805608,0.016383139711841466,-0.04760820122257664,-0.027488792541886107,-0.0068754454605769386,-0.09658637141210169,-0.017224527469784687,0.055165394968575275,0.010073375097735008,0.021270075953512175,0.027305775594467827,-0.04939789327339749,0.01983231129475515,-0.01060580919263588,-0.008520359109297682,0.0005787826037800088,-0.0027307895594264617,-0.00583502247690814,-0.03037480050247658,0.0068189695118603365,-0.026899527240053563,0.013634071040059273,-0.0031160840678774856,-0.012324665598618018
3.5012567410227233,0.6584395320872243,0.8912881608339538,0.0,123.0,129.0,121.0,110.0,61.0,27.0,32.0,9.0,10.0,26.0,8.0,134.0,125.0,131.0,127.0,126.0,130.0,123.0,129.0,125.0,125.0,126.0,123.0,0.14176829268292682,0.38109756097560976,0.4771341463414634,0.2578740157480315,0.3300524934383202,0.4120734908136483,0.018615040953090096,0.011913626209977662,0.01340282948622487,0.020104244229337303,0.014147431124348473,0.008935219657483246,0.0014892032762472078,0.0037230081906180195,0.0022338049143708115,0.0029784065524944155,0.03723008190618019,0.011169024571854059,0.03425167535368578,0.008190618019359643,0.018615040953090096,0.027550260610573342,0.011169024571854059,0.0037230081906180195,0.006701414743112435,0.0052122114668652275,0.0022338049143708115,0.02084884586746091,0.0037230081906180195,0.02531645569620253,0.02308265078183172,0.010424422933730455,0.02680565897244974,0.035740878629932984,0.0037230081906180195,0.03723008190618019,0.03201787043931496,0.018615040953090096,0.1154132539091586,0.0029784065524944155,0.04690990320178704,0.026061057334326135,0.03350707371556218,0.058078927773641105,0.06254653760238273,0.007446016381236039,0.03425167535368578,0.0193596425912137,0.005956813104988831,0.04095309009679821,0.0037230081906180195,0.021593447505584513,0.0029784065524944155,0.008190618019359643,0.006701414743112435,0.0022338049143708115,1.0,-0.005632916733784915,-0.02729025901898784,-0.04614934279049297,-0.04866244039431964,0.015358267915294516,0.003218050249535468,-0.02539459246699469,-0.011306032348505381,-0.027839726257475016,-0.013970876166922478,-0.00655269440348707,0.021734850586498773,-0.014699048725936782,-0.008479937315055443,-0.03935623456030279,0.015774290040484893,0.008639154734160794,-0.0065764238702931965,-0.004700349734598569,-0.0011948879149676476,-0.014609280062210921,-0.00736825700693224,-0.03963213289370294,0.042734482482421565,-0.011172216224786593,0.025259686256501192,-0.06340053458867781,0.012897537680009286,0.022405289909497497,0.03091314673014746,0.00656239429892543,0.01026576277100657,-0.035105350500728695,-0.02177178732122287,-0.002459141392547129,-0.026760805925927996,0.01665571550529041,-0.06775429870745135,0.042879504591815706,-0.0195926450015996,1.0,-0.0056371141382065195,-0.027363606965393646,-0.046601571052467664,-0.05030101982942995,0.012113299359351019,-0.0014880036884214393,-0.029504327113741582,-0.013062559075164525,-0.028543158103017437,-0.018112251688465628,-0.012565986873665376,0.017744414497215588,-0.01923464197809265,-0.01047273935333585,-0.0407368859519286,0.013587843299989685,0.0019409618861559407,-0.011916759192410092,-0.007303963425662672,-0.00028848267815969843,-0.016404633399383372,-0.012611734585497997,-0.043201230134883827,0.03848189450896865,-0.016360099861557547,0.022967688334269085,-0.06555537250348596,0.014391369887403156,0.01702129329910859,0.025916056098218617,0.003328295207220865,0.01472144261702274,-0.030963445320666794,-0.02305562867268052,-0.002139315789656084,-0.03675255556607778,0.012949376228725159,-0.07733191136854019,0.05335885534473618,-0.032677148205699495
3.4855504312134427,0.6134473792301436,0.8860759493670886,6.0,119.0,127.0,119.0,101.0,89.0,55.0,38.0,11.0,4.0,20.0,4.0,134.0,119.0,131.0,125.0,119.0,126.0,111.0,124.0,119.0,119.0,127.0,117.0,0.1919191919191919,0.33910533910533913,0.468975468975469,0.2610469068660775,0.32766825288919105,0.4112848402447315,0.017870439314966492,0.00967982129560685,0.02308265078183172,0.014892032762472078,0.018615040953090096,0.011169024571854059,0.0,0.007446016381236039,0.005956813104988831,0.0029784065524944155,0.029039463886820552,0.008190618019359643,0.0387192851824274,0.0052122114668652275,0.01712583767684289,0.029039463886820552,0.018615040953090096,0.0029784065524944155,0.007446016381236039,0.0022338049143708115,0.0022338049143708115,0.02308265078183172,0.0014892032762472078,0.023827252419955324,0.011169024571854059,0.006701414743112435,0.02308265078183172,0.044676098287416234,0.004467609828741623,0.034996276991809384,0.026061057334326135,0.016381236038719285,0.0975428145941921,0.0029784065524944155,0.06701414743112435,0.02680565897244974,0.039463886820551006,0.06105733432613552,0.06180193596425912,0.008935219657483246,0.03648548026805659,0.01340282948622487,0.00967982129560685,0.045420699925539834,0.0037230081906180195,0.01563663440059568,0.008935219657483246,0.0,0.010424422933730455,0.0022338049143708115,1.0,0.00656790825661332,0.017830562296685806,-0.011677581271866263,0.022083477072296707,0.019677240379000805,0.009682759302344433,0.033851162983840055,0.021469969542189365,0.057044449370923414,0.016053343977165065,-0.03382742918495687,-0.00025237548751139236,0.03486934103335107,-0.03831846677065475,-0.020627269433148958,-0.02475700515525046,-0.03446406797833885,0.011950051388157317,-0.016539532716104546,0.010751663145797414,-0.003986625264999467,-0.01874714166658717,-0.022807509206389742,-0.03250928615690821,0.0497945046555753,0.0078423553285703,-0.04103274428478325,-0.02236265572215497,0.00251116288234779,0.010732034937673664,-0.002271542246120008,0.0009506392368308687,-0.006863839257291062,-0.0034450813824828193,-0.01205219027378664,-0.018002005345801767,0.010838130505944716,0.004632060202922512,-0.005087413177195993,-0.025407258525618922,1.0,0.006572802376029582,0.017814723126563257,-0.01194040351656294,0.021997544076896268,0.019892931854433495,0.008550234120578551,0.03378622735888765,0.020905574679042117,0.055539807190660005,0.015074037192352056,-0.03753989820014388,-0.0012728892514221903,0.03319608163944192,-0.04464366554296457,-0.023416905412663072,-0.02587328676513048,-0.0397438211540102,0.01175734450820345,-0.014978135741971385,0.013835007543725714,0.0024858988391333013,-0.020687023116247556,-0.01554846700986676,-0.022627066065162835,0.05308995181719398,0.01183852121802506,-0.04297698983984858,-0.021326732245751278,0.005255514732289112,0.009773304750082106,-0.001704332582555285,0.0031887767108204554,-0.009388581933112749,-0.008143932609907067,-0.012415815625275115,-0.010802951063282768,0.017117812745323584,-0.005972490829568829,-0.00847581614975245,-0.02149778479206542
3.4913365928398936,0.6003178465597602,0.8875651526433358,4.0,111.0,118.0,116.0,86.0,86.0,48.0,49.0,53.0,17.0,4.0,1.0,134.0,111.0,123.0,124.0,123.0,120.0,111.0,129.0,112.0,113.0,116.0,111.0,0.20057720057720058,0.3924963924963925,0.4069264069264069,0.26839523475823407,0.33076384022424665,0.4008409250175193,0.0193596425912137,0.008190618019359643,0.006701414743112435,0.014147431124348473,0.016381236038719285,0.014147431124348473,0.0,0.00967982129560685,0.0029784065524944155,0.0037230081906180195,0.02680565897244974,0.008935219657483246,0.03276247207743857,0.007446016381236039,0.011913626209977662,0.02680565897244974,0.018615040953090096,0.0007446016381236039,0.01340282948622487,0.004467609828741623,0.0037230081906180195,0.023827252419955324,0.0037230081906180195,0.029039463886820552,0.01563663440059568,0.01340282948622487,0.028294862248696945,0.045420699925539834,0.0037230081906180195,0.028294862248696945,0.026061057334326135,0.008935219657483246,0.0975428145941921,0.0029784065524944155,0.06180193596425912,0.027550260610573342,0.03723008190618019,0.06552494415487714,0.05658972449739389,0.00967982129560685,0.03648548026805659,0.023827252419955324,0.006701414743112435,0.058078927773641105,0.0022338049143708115,0.014147431124348473,0.0029784065524944155,0.011169024571854059,0.007446016381236039,0.0007446016381236039,1.0,-0.024255212491989645,0.053184672979461764,-0.012314579055922033,0.054131273528657736,-0.03278496286847007,0.05354767047762788,-0.01795404048511956,0.022053130037940606,0.01820369037041599,-0.0038982393218167004,0.010191701155523394,-0.005564493260525146,0.006660445864573358,-0.011859743641384854,0.036271244158623726,0.017504018618116342,-0.022031932666447127,-0.048618063412201325,0.015227701412492214,-0.04431757657272058,0.0635902350262612,-0.010526436339363749,0.04372011633436885,-0.009506314941200586,-0.037912780277411524,-0.025178966637389156,-0.004390034329302204,-0.01370645063138892,-0.009926587638412874,-0.0162687927555127,-0.019192862863343617,-0.007105293487556617,0.003764361166213408,-0.008579951892421177,-0.01282260556208535,-0.026506649841754208,0.028426434165264677,0.0011753683968760387,-0.038009059897914206,0.002018254159671424,1.0,-0.02427328642082122,0.05270585535118989,-0.009871276910767841,0.05115790206471516,-0.029573379254627035,0.04725572712992964,-0.01194056361835894,0.013499448542278969,0.02472303903616745,-0.011233296969098727,0.012955563400131579,-0.009427158301096828,0.005722009329520409,-0.01089902401070858,0.03264053965898223,0.022989271135921908,-0.028621703501645758,-0.049644773565344476,0.011319953493418028,-0.039545576442311006,0.06229075523293307,-0.0020787345286443237,0.036893538798843266,-0.000585742765762176,-0.05466516283918525,-0.015287948188509039,-0.012180565045743233,-0.006369057798439815,-0.008820000890793192,-0.019942558373323257,-0.016490451563493515,-0.009302415804315935,0.014478777937148243,-0.00504472902819293,-0.011184203336482457,-0.029294979945952593,0.026876021335858688,0.004335161599676128,-0.0375375590976434,0.00688467837583434
3.453073687373963,0.6070595026496737,0.8793745346239762,8.0,109.0,126.0,114.0,77.0,74.0,35.0,29.0,26.0,7.0,8.0,4.0,134.0,117.0,131.0,125.0,123.0,128.0,73.0,127.0,113.0,118.0,116.0,98.0,0.17990275526742303,0.36304700162074555,0.45705024311183146,0.27726300784034213,0.3414112615823236,0.38132573057733427,0.01712583767684289,0.0037230081906180195,0.008935219657483246,0.016381236038719285,0.010424422933730455,0.014892032762472078,0.0014892032762472078,0.00967982129560685,0.0037230081906180195,0.004467609828741623,0.0387192851824274,0.005956813104988831,0.040208488458674606,0.008190618019359643,0.011913626209977662,0.021593447505584513,0.0193596425912137,0.0022338049143708115,0.005956813104988831,0.006701414743112435,0.0007446016381236039,0.027550260610573342,0.0022338049143708115,0.03723008190618019,0.011169024571854059,0.010424422933730455,0.027550260610573342,0.055100521221146684,0.0037230081906180195,0.03425167535368578,0.028294862248696945,0.011169024571854059,0.10275502606105734,0.0029784065524944155,0.058078927773641105,0.018615040953090096,0.0387192851824274,0.055100521221146684,0.07297096053611318,0.006701414743112435,0.03648548026805659,0.017870439314966492,0.007446016381236039,0.04169769173492182,0.0022338049143708115,0.020104244229337303,0.0022338049143708115,0.008935219657483246,0.004467609828741623,0.0014892032762472078,1.0,0.04211998364571283,-0.0010344445138259636,0.02840583869516507,-0.010986019616136013,0.020122999859123043,-0.031732748449505126,0.003775548829168767,-0.02023202618148838,0.02478726978986853,0.021608495276689663,0.01612214195907364,-0.06673425603842281,0.042985104884164085,0.018199028223007643,-0.0029651088271475112,0.00334345837127988,0.004699679520168045,-0.027039846955961674,-0.06190566413355215,-0.015933745077205453,0.018763688128768465,-0.0016176339628622058,0.025149098237165678,-0.02317897578942979,-0.033341711727055426,-0.0005924906621569623,0.035355786106106665,-0.007930746570712324,0.020592053771081857,0.019554278610887873,0.02795891487037111,-0.002222243054485959,-0.0351561648812278,0.006676100939986194,-0.04848642857053682,0.0010278892915835086,0.05150292715024964,-0.031536852651379066,-0.012608555132194109,-0.0324532045930008,1.0,0.04215136962458445,-0.002817731641521843,0.028683186268491413,-0.013472866130214829,0.02144336531196404,-0.03466273059968522,0.007563001412545952,-0.02258101048578224,0.02953969320174433,0.017595162790776935,0.01778806257919481,-0.07273839861668951,0.05128567286981465,0.010153377466325603,0.0024009111612843755,-0.001969980760911374,0.010860834910002806,-0.035550852168833025,-0.05713369197483686,-0.01584488648238914,0.028058353290385973,-0.001049258211806022,0.027617368926748417,-0.0353778704485297,-0.027431026090541617,-0.003520029337752011,0.03909525505373531,-0.008758932492003543,0.03206049828273097,0.010253389044944262,0.022909475257874835,-0.008726156100237076,-0.02677823431026119,0.006038380832956741,-0.04072919448535442,-0.0011881217984284318,0.04913506755783068,-0.03795540322150962,-0.008079623964816773,-0.040126509257961
3.5174563477007528,0.6463313213304581,0.8838421444527178,3.0,107.0,120.0,117.0,99.0,79.0,27.0,42.0,18.0,17.0,8.0,0.0,134.0,111.0,121.0,122.0,114.0,124.0,85.0,119.0,113.0,113.0,119.0,106.0,0.1946624803767661,0.3940345368916798,0.41130298273155413,0.27299058653149894,0.33454018826937004,0.3924692251991311,0.011169024571854059,0.008935219657483246,0.012658227848101266,0.011169024571854059,0.014892032762472078,0.01712583767684289,0.0007446016381236039,0.007446016381236039,0.0052122114668652275,0.0029784065524944155,0.04393149664929263,0.01340282948622487,0.0379746835443038,0.0052122114668652275,0.018615040953090096,0.03201787043931496,0.01340282948622487,0.004467609828741623,0.007446016381236039,0.008190618019359643,0.0022338049143708115,0.022338049143708117,0.0052122114668652275,0.029039463886820552,0.014892032762472078,0.011169024571854059,0.028294862248696945,0.04095309009679821,0.0052122114668652275,0.03276247207743857,0.024571854058078928,0.01340282948622487,0.09307520476545049,0.0052122114668652275,0.05212211466865227,0.021593447505584513,0.034996276991809384,0.06180193596425912,0.07371556217423679,0.014147431124348473,0.035740878629932984,0.021593447505584513,0.006701414743112435,0.040208488458674606,0.0037230081906180195,0.01340282948622487,0.0014892032762472078,0.0029784065524944155,0.008190618019359643,0.0022338049143708115,1.0,0.045024588133894886,0.01131434401061727,0.029150594239771514,-0.00883802841347831,0.020278605148378454,0.0008508427348710858,-0.012826294739007399,0.021591913692979105,0.006248384409258531,0.04514610739661428,0.01455896168679107,0.06541690020866417,0.03372014829704617,-0.037610410753897254,-0.030897880042437438,-0.0033097991433058862,0.007195584947079633,0.005587569750490636,-0.009154180162912633,0.004731677519150891,-0.03369295945658457,0.014867485079376441,-0.014749714432335786,0.026912300624439306,0.03300572485309158,-0.04929455866016312,0.003994973681253068,0.017356619872747857,0.004043357861186202,-0.009055277926325971,0.008017883950750138,-0.00750148761714563,-0.009781209786245837,0.004809773838854403,-0.01620843816060937,-0.004683597043552096,-0.03664640446469925,-0.021444442636106134,0.024702906397025968,0.052608896042695405,1.0,0.045058138497631024,0.009319904257150785,0.02835012897715546,-0.0115632770248578,0.0207699628713147,-0.0016315069032572863,-0.012672621881428134,0.021655322581574866,0.005041748448190835,0.045092160081847646,0.009057943486665512,0.06526155677994144,0.02497325869810438,-0.04197690672890135,-0.03327817541035818,-0.0011277934533239706,0.009507462250413325,0.00323410475020885,-0.007738287546366636,0.0023812363464752366,-0.03882888964607794,0.013098105398750297,-0.018958501352275375,0.03095005113839667,0.02976972987135628,-0.04682581077508793,0.011741700589770762,0.016243625822627738,0.004152994569997905,-0.016254875428438988,0.01657877209185637,-0.008299772765204117,-0.007535933745019254,0.004852711212366494,-0.020375883580521816,-0.004135682067385062,-0.04487230789556039,-0.012219710390218219,0.03352371000331417,0.05250431973327652
3.496969816822937,0.6323734996847857,0.8897989575577067,0.0,111.0,128.0,117.0,96.0,96.0,52.0,28.0,22.0,3.0,24.0,12.0,134.0,111.0,131.0,121.0,115.0,130.0,107.0,129.0,117.0,117.0,125.0,111.0,0.1799709724238026,0.3454281567489115,0.4746008708272859,0.27140883977900554,0.324585635359116,0.40400552486187846,0.01712583767684289,0.004467609828741623,0.00967982129560685,0.012658227848101266,0.01563663440059568,0.011169024571854059,0.0022338049143708115,0.005956813104988831,0.008935219657483246,0.0037230081906180195,0.034996276991809384,0.008190618019359643,0.03723008190618019,0.010424422933730455,0.017870439314966492,0.026061057334326135,0.01712583767684289,0.0029784065524944155,0.00967982129560685,0.0029784065524944155,0.0022338049143708115,0.022338049143708117,0.0037230081906180195,0.02531645569620253,0.014147431124348473,0.010424422933730455,0.03276247207743857,0.049143708116157855,0.0029784065524944155,0.03350707371556218,0.0193596425912137,0.010424422933730455,0.11392405063291139,0.0037230081906180195,0.058823529411764705,0.029039463886820552,0.03201787043931496,0.04616530156366344,0.06999255398361877,0.007446016381236039,0.03201787043931496,0.0193596425912137,0.011913626209977662,0.045420699925539834,0.0029784065524944155,0.01340282948622487,0.005956813104988831,0.012658227848101266,0.008190618019359643,0.0014892032762472078,1.0,-0.011521666756327573,-0.01058609294070652,0.0025069377572794916,-0.028414778878147088,0.017571680573630614,-0.030740578366350194,-0.005886026068788336,-0.04258774704931499,-0.007104030518624642,0.010219851224007074,-0.010780595508696018,-0.01969169682667573,-0.002884491889686411,0.07780380193772114,-0.015171071390821762,0.001718852376606966,-0.011568477441131894,-0.03706200237545423,0.0001576227270684292,0.0019754898428322684,0.00034251700610022105,-0.009510027770804879,-0.026599323212693086,-0.05779863801125375,-0.00902979949819676,0.00755609913880229,0.02430892285447504,0.05283611823273489,0.057887104137916076,0.03672495822328662,0.015900741364287343,0.018271743889292244,0.04068352374313033,0.015041990004276008,-0.03626667055004073,0.020109340862055493,-0.045254117513234035,-0.04575450603729848,-0.019256565621585727,-0.00029017287727595826,1.0,-0.011530252201004435,-0.010736255362777928,0.002265766141979087,-0.028565098336176667,0.01704478275825247,-0.03114992375551519,-0.006093917048751754,-0.044673835836500954,-0.007147767509844654,0.007035493692356081,-0.009965970981800642,-0.023265583863877597,-0.003045256385571947,0.07642200622922335,-0.01563705006261776,0.0008650583657783385,-0.013207074270788599,-0.033985498716424305,-0.005695610199147348,0.004383807936863222,-0.0005262737885359982,-0.004604400992661079,-0.02774209883844073,-0.06457334345338765,-0.011319165579331592,0.005711633829680506,0.023374752232838136,0.047182725204294486,0.06307700231851329,0.03503459410201878,0.017950587666097938,0.022290612184669455,0.04479524502544793,0.021665053550385692,-0.03318763863772061,0.024913752907167876,-0.036423539297086964,-0.03628032607311978,-0.021867727757767928,0.0035923866289448362
3.452858874947363,0.6027004164403071,0.8816083395383469,10.0,92.0,128.0,119.0,71.0,94.0,14.0,49.0,23.0,18.0,7.0,4.0,134.0,109.0,131.0,127.0,111.0,130.0,61.0,127.0,124.0,116.0,125.0,89.0,0.24324324324324326,0.3672496025437202,0.38950715421303655,0.282514450867052,0.3453757225433526,0.37210982658959535,0.01563663440059568,0.005956813104988831,0.006701414743112435,0.005956813104988831,0.014147431124348473,0.017870439314966492,0.0029784065524944155,0.008190618019359643,0.0037230081906180195,0.0037230081906180195,0.03723008190618019,0.005956813104988831,0.0379746835443038,0.004467609828741623,0.021593447505584513,0.023827252419955324,0.01712583767684289,0.0014892032762472078,0.014147431124348473,0.0029784065524944155,0.0037230081906180195,0.029784065524944156,0.0007446016381236039,0.03127326880119136,0.011169024571854059,0.007446016381236039,0.035740878629932984,0.049143708116157855,0.0037230081906180195,0.034996276991809384,0.016381236038719285,0.01340282948622487,0.10871183916604617,0.0022338049143708115,0.05137751303052867,0.023827252419955324,0.03723008190618019,0.06999255398361877,0.06775874906924795,0.011913626209977662,0.03052866716306776,0.021593447505584513,0.00967982129560685,0.03648548026805659,0.0,0.01712583767684289,0.0022338049143708115,0.007446016381236039,0.010424422933730455,0.0022338049143708115,1.0,-0.033056857759087496,0.007403885903736907,-0.002454082497875775,0.04411103665429649,-0.01356505390264959,0.0362391193386773,-0.013402519332441722,-0.009383401325244938,-0.004848566684052153,0.0028184986291820958,-0.0038065470270475317,0.05991667541145629,0.01359714967176692,-0.031669768798088915,0.025287547889774945,-0.020103442012945182,-0.024024025764475244,-0.027136976715930468,-0.04571468541924521,0.0002620943815781439,-0.04203641906965919,-0.0030572905532749773,-0.014616077666480242,-6.804920812420843e-05,0.0053287368027552405,0.011490903913855485,0.0034761169639301657,0.019118423358872892,0.01958932630521275,-0.018389748552661924,-0.0489832538831431,0.029695715629841416,-0.008470464727022342,0.018694248098751098,0.05859990291220872,0.04158696771156571,-0.02904619951620346,0.03775100261838437,-0.025475713201764078,0.02394945632103442,1.0,-0.0330814902909497,0.006327467925278218,-0.002008788600918247,0.04409931060067288,-0.01072115884508665,0.03512942279066392,-0.01093720657094979,-0.012649115309240415,-0.004358457362804511,-0.0006219843645841624,-0.001843519953191033,0.05997333201172988,0.018747026439309877,-0.031422520909480604,0.02390380534648859,-0.024346896197906594,-0.02642221017582588,-0.030128685581975068,-0.05108645398253315,0.003920513302945945,-0.04229954546382409,-0.0026455762188353203,-0.009261608193215413,-0.004639363126955113,0.00911078144062559,0.013248879081816056,0.004968924177544785,0.01984993971344426,0.02639829463455602,-0.017062776868537712,-0.04646492243080777,0.02546134053173182,-0.005811441906623607,0.022188759841436374,0.06118688916502473,0.04607161680673696,-0.02880210661833104,0.026505592465696483,-0.033380354461889396,0.01095715595899135
3.5040059095189307,0.639805522630262,0.8830975428145942,1.0,109.0,125.0,121.0,92.0,75.0,44.0,49.0,11.0,29.0,6.0,1.0,134.0,118.0,129.0,127.0,121.0,127.0,113.0,122.0,121.0,115.0,113.0,107.0,0.1885369532428356,0.3815987933634992,0.4298642533936652,0.2646855563234278,0.3344851416724257,0.4008293020041465,0.012658227848101266,0.006701414743112435,0.016381236038719285,0.010424422933730455,0.014892032762472078,0.01712583767684289,0.0014892032762472078,0.008190618019359643,0.005956813104988831,0.0037230081906180195,0.040208488458674606,0.006701414743112435,0.03276247207743857,0.0029784065524944155,0.022338049143708117,0.021593447505584513,0.014147431124348473,0.0022338049143708115,0.0037230081906180195,0.006701414743112435,0.0014892032762472078,0.024571854058078928,0.0037230081906180195,0.02680565897244974,0.011169024571854059,0.017870439314966492,0.03127326880119136,0.03648548026805659,0.006701414743112435,0.023827252419955324,0.027550260610573342,0.008935219657483246,0.10796723752792256,0.0037230081906180195,0.05658972449739389,0.029784065524944156,0.03648548026805659,0.06626954579300075,0.058078927773641105,0.011913626209977662,0.03425167535368578,0.022338049143708117,0.008935219657483246,0.04690990320178704,0.0037230081906180195,0.01340282948622487,0.004467609828741623,0.00967982129560685,0.012658227848101266,0.0014892032762472078,1.0,0.012457107705083636,0.018093451638762026,-0.025282126991092183,-0.026515893757263178,-0.04543773820471606,0.004355214158732975,0.011745969206184514,-0.022438374979052832,-0.0074875342858787474,0.015776343736182592,-0.00965634009052243,0.020894481367910195,-0.02974471131385632,0.004685139341684962,-0.005427402326503793,-0.06953618834781744,-0.043467959904384706,0.004652399200690003,0.015513997221846964,-0.015730388494495012,-0.001619168627779239,-0.012010420835766276,0.019875593858373723,-0.013925384576406512,0.024458535729444095,-0.01672960108886326,0.0018839469640163902,-0.041769367147772275,0.019905223319608416,-0.007082746804006609,0.011038565037607305,-0.0022866662844362733,0.05879619006707503,0.04189299441431621,-0.019438952818276366,0.02661566369737013,0.02275134382365553,-0.05964841465712774,-0.0472355835795963,0.000992871940352064,1.0,0.012466390199647783,0.017967818162297037,-0.02579689632643061,-0.026312951736028822,-0.0441037060752014,0.00575405819614974,0.012037393101556654,-0.026046317802444482,-0.00957169024016946,0.015885803151893016,-0.009942010839046904,0.020163749731368055,-0.03229907303430456,0.004406928117145426,-0.0018212506457455251,-0.07283561625632667,-0.04288305608778009,0.006289366808498036,0.013526266113260394,-0.02173690458480016,-0.01159682959723957,-0.01461991012287696,0.025070680856749336,-0.018356482246925824,0.019411763152780447,-0.01698868418838548,0.002340424590179181,-0.03947761461098066,0.016358573555901458,-0.007730794156204841,0.008242784331820088,-0.00811941929579945,0.05084867953460877,0.044633832227887936,-0.023246927539144646,0.02940059558581907,0.024104208865021876,-0.0567103383920426,-0.04617754487702234,0.005530037534105196
3.4849745191399246,0.6211860694888808,0.8808637379002234,7.0,98.0,117.0,110.0,78.0,94.0,17.0,73.0,26.0,10.0,14.0,1.0,133.0,109.0,119.0,120.0,117.0,125.0,69.0,123.0,117.0,115.0,121.0,98.0,0.26976744186046514,0.34728682170542635,0.3829457364341085,0.27891654465592974,0.34333821376281115,0.37774524158125916,0.011913626209977662,0.006701414743112435,0.010424422933730455,0.00967982129560685,0.006701414743112435,0.018615040953090096,0.0007446016381236039,0.011169024571854059,0.0022338049143708115,0.0014892032762472078,0.03052866716306776,0.00967982129560685,0.03648548026805659,0.008190618019359643,0.02531645569620253,0.03276247207743857,0.01340282948622487,0.0037230081906180195,0.010424422933730455,0.004467609828741623,0.0014892032762472078,0.029039463886820552,0.004467609828741623,0.03276247207743857,0.012658227848101266,0.011169024571854059,0.029784065524944156,0.04169769173492182,0.0022338049143708115,0.03425167535368578,0.029784065524944156,0.014147431124348473,0.10201042442293373,0.0022338049143708115,0.049143708116157855,0.023827252419955324,0.04318689501116903,0.058823529411764705,0.06850335070737155,0.007446016381236039,0.028294862248696945,0.02308265078183172,0.0052122114668652275,0.04616530156366344,0.0022338049143708115,0.016381236038719285,0.0037230081906180195,0.011169024571854059,0.008935219657483246,0.0014892032762472078,1.0,0.03580707611496642,0.049307650842476757,0.014284832541589739,0.04219417845375372,0.04181487238161149,0.006788145952564885,-0.008488174589457156,0.030102557253532718,-0.007603515101944218,-0.003693615223843877,0.027444871314168364,0.011109146428376753,-0.019323642730580414,-0.014603852277244938,0.0269380457524712,-0.06476469536333386,-0.047674228977863636,0.03678568327405069,-0.015531433171811515,0.03299082133515153,-0.03760150775459493,-0.06467497839972094,-0.008102541396649154,0.02202670794355029,-0.001187656202092935,0.026921135800606795,0.041969216976785274,0.034216774712781145,0.005056264162470799,-0.002839023715274894,-0.009237312406552968,0.008043981652181538,0.004791976777666897,0.006288559387557267,-0.0421123880373194,-0.016205441215297003,-0.005512185963902917,-0.02114160171390783,-0.00517485693736248,-0.027062065039290213,1.0,0.03583375798986579,0.048158970181073485,0.010946211359949559,0.03923343835451862,0.038230334800325026,0.00020669822998818795,-0.013521759097961814,0.028368763053517272,-0.011853525985979241,-0.007524561696988032,0.029232894344135223,0.00876712895472828,-0.024431848015899392,-0.013937684153093557,0.029361786836907565,-0.07052466807283089,-0.04571677682402135,0.05113760354988865,-0.015869165367533536,0.03354423887470364,-0.029191158441171188,-0.06657475276035886,-0.008200574652447981,0.03376384968354812,0.003043213106880251,0.026267234992730065,0.05318422885554614,0.03122746485327599,-0.007947188205494664,-0.010554879502377372,-0.013636341660393882,-0.00016503769676143036,0.0019072398381358726,0.013744327428436691,-0.05126522515226539,-0.01474886538254487,0.003986337106207323,-0.04001072280270577,-0.006982900499036852,-0.011114311051046226
3.4720064304429092,0.6336271453684538,0.8816083395383469,4.0,106.0,127.0,117.0,89.0,82.0,30.0,40.0,36.0,22.0,18.0,6.0,134.0,109.0,131.0,124.0,115.0,128.0,91.0,125.0,110.0,111.0,120.0,104.0,0.1861152141802068,0.38995568685376664,0.4239290989660266,0.2760342368045649,0.3281027104136947,0.3958630527817404,0.012658227848101266,0.004467609828741623,0.012658227848101266,0.011169024571854059,0.012658227848101266,0.008190618019359643,0.0007446016381236039,0.010424422933730455,0.006701414743112435,0.0007446016381236039,0.03350707371556218,0.008190618019359643,0.0379746835443038,0.004467609828741623,0.018615040953090096,0.027550260610573342,0.020104244229337303,0.005956813104988831,0.006701414743112435,0.0052122114668652275,0.0022338049143708115,0.02680565897244974,0.0022338049143708115,0.028294862248696945,0.014147431124348473,0.014147431124348473,0.02531645569620253,0.04393149664929263,0.0029784065524944155,0.0387192851824274,0.021593447505584513,0.010424422933730455,0.10349962769918093,0.0052122114668652275,0.06775874906924795,0.02084884586746091,0.04244229337304542,0.058078927773641105,0.06329113924050633,0.008190618019359643,0.03425167535368578,0.01712583767684289,0.008935219657483246,0.04839910647803425,0.0029784065524944155,0.02084884586746091,0.0022338049143708115,0.00967982129560685,0.0052122114668652275,0.0014892032762472078,1.0,0.011992149198486304,0.034887974736052534,0.006743398693015469,-0.01448583175549744,0.0006217235000298821,-0.04271600267957107,0.06073904494990288,-0.046040152376708235,-0.009889154630125198,0.06055073427467433,0.04476716732109335,-0.044866406840409385,0.00831789395326231,0.01428399890585718,0.005910924268667708,-0.010647478163744922,-0.0041802531802698,0.048088478525620114,-0.005826305775965779,-0.013485434668431042,-0.010078380353799772,-0.05095381125841832,-0.009454530418691702,0.03806473114612683,0.05452286961183338,-0.05377009760322261,-0.013755271043144423,0.06866921827151043,0.0016338899650145226,0.03257805992169688,0.001992101628921674,-0.02885298035532189,-0.03977681258980651,-0.006586958745173486,-0.010751792076865406,-0.01227286268112407,0.016132412528201443,0.021373417693028533,0.06800632912337608,-0.03163911987334514,1.0,0.012001085226205003,0.034800993712643856,0.005944174962131275,-0.01591299460787739,0.000530069437652697,-0.04196263237867827,0.06239972326161718,-0.04549695171727123,-0.012348293791460498,0.06294290478388158,0.04692732142986067,-0.05483917568870576,0.010996871577336868,0.011752035414991546,0.01160005973323344,-0.009629793974441705,-0.00931796665997348,0.046722544219209176,0.006409591971803407,-0.026121845329919232,-0.017499853579135555,-0.04512203094052429,-0.0017453463499189517,0.04219872827363005,0.04775048663101233,-0.05824715771168179,-0.012362935362352525,0.06739776361283335,0.001588194372367253,0.0319314257714988,0.0003175440955472807,-0.03374121038630029,-0.026332780530169884,-0.006427124247194137,-0.02796491562265512,0.0017068488091596485,0.027829120790249722,0.009207837171667552,0.06354305681574678,-0.02999872591124936
3.442856012447389,0.6210577885128996,0.8830975428145942,16.0,99.0,123.0,113.0,74.0,91.0,15.0,43.0,19.0,18.0,10.0,0.0,134.0,103.0,129.0,121.0,112.0,130.0,51.0,122.0,99.0,104.0,113.0,83.0,0.24154589371980675,0.3607085346215781,0.3977455716586151,0.29669485011529595,0.33512682551883166,0.3681783243658724,0.011913626209977662,0.00967982129560685,0.011913626209977662,0.007446016381236039,0.00967982129560685,0.014147431124348473,0.0022338049143708115,0.005956813104988831,0.0037230081906180195,0.0029784065524944155,0.039463886820551006,0.006701414743112435,0.035740878629932984,0.0037230081906180195,0.022338049143708117,0.024571854058078928,0.014147431124348473,0.0014892032762472078,0.008935219657483246,0.007446016381236039,0.0014892032762472078,0.02308265078183172,0.0029784065524944155,0.029039463886820552,0.010424422933730455,0.007446016381236039,0.029039463886820552,0.039463886820551006,0.0037230081906180195,0.040208488458674606,0.02308265078183172,0.011913626209977662,0.09828741623231571,0.0007446016381236039,0.058823529411764705,0.0193596425912137,0.04169769173492182,0.06999255398361877,0.06999255398361877,0.012658227848101266,0.045420699925539834,0.014892032762472078,0.0037230081906180195,0.055100521221146684,0.005956813104988831,0.01563663440059568,0.0014892032762472078,0.010424422933730455,0.008190618019359643,0.0014892032762472078,1.0,0.09760856458190513,0.004822682695629007,0.03774092064012552,0.010116764648983792,0.036357984238003946,0.03736006803438712,0.04136544536429492,-0.015999681213127826,0.013621061604437984,0.002236314571135657,0.06399947212196641,0.04664403120663782,0.006212118643234019,0.048220194952157416,0.03444636610736923,0.06346798019469455,-0.007818914319228194,-0.014449540665662203,0.01564689916692581,0.03131704954273243,0.027099814982900955,0.10158298322785876,0.02484721733861757,0.01927382986219383,0.020877112726579446,0.014243203371099565,0.0409988123573514,0.03322671046957043,0.03178479352515596,0.008690212968686993,0.04561613472516856,0.04621510585197999,0.01902181259634507,-0.012218783635942322,-0.05338211919841104,-0.007091252344365185,0.024565656666344284,0.05469585023021346,0.03607156873073547,0.048579810682388,1.0,0.09768129823658615,-0.004757151673124729,0.03818123438185316,0.002769674973757334,0.03575824423427056,0.029473883272151155,0.03536523511823905,-0.026226240331391842,0.01563571552501831,-0.005146522940254321,0.06503577408971219,0.030507904578454058,-0.0012785313210568147,0.04372637113240825,0.024595038501547456,0.05468122649708415,-0.02788334600319,-0.020494236977426552,0.012183421182210052,0.02673061228760699,0.014949679019882452,0.09569293554162199,-0.001632977520091884,0.02177395314870983,0.0026547002511717556,0.0021073855641978705,0.023057151681705298,0.017433312217530417,0.022281033350551004,-0.0003799375768030123,0.037704922416938465,0.034361344093276895,0.00015901884888223827,-0.03140264491423143,-0.0639789640197386,-0.017102341994266287,0.01871707264357766,0.037712404811573765,0.028755455765155456,0.04761863005828638
3.515845601193,0.6303301090985337,0.8905435591958303,12.0,102.0,114.0,112.0,77.0,70.0,32.0,19.0,3.0,5.0,7.0,1.0,133.0,104.0,119.0,118.0,111.0,117.0,103.0,113.0,105.0,105.0,107.0,103.0,0.18231046931407943,0.3555956678700361,0.4620938628158845,0.2713004484304933,0.328101644245142,0.40059790732436473,0.023827252419955324,0.011913626209977662,0.00967982129560685,0.011169024571854059,0.011169024571854059,0.014147431124348473,0.0014892032762472078,0.0052122114668652275,0.005956813104988831,0.0022338049143708115,0.03648548026805659,0.01712583767684289,0.02308265078183172,0.007446016381236039,0.017870439314966492,0.02531645569620253,0.0193596425912137,0.0037230081906180195,0.010424422933730455,0.004467609828741623,0.0022338049143708115,0.023827252419955324,0.0022338049143708115,0.023827252419955324,0.016381236038719285,0.012658227848101266,0.02531645569620253,0.034996276991809384,0.006701414743112435,0.0387192851824274,0.02084884586746091,0.014892032762472078,0.09828741623231571,0.004467609828741623,0.04839910647803425,0.02531645569620253,0.03648548026805659,0.06403574087862993,0.06999255398361877,0.011169024571854059,0.035740878629932984,0.01563663440059568,0.00967982129560685,0.05956813104988831,0.0037230081906180195,0.012658227848101266,0.0022338049143708115,0.006701414743112435,0.010424422933730455,0.0007446016381236039,1.0,0.05171346104119916,0.033749608976436495,0.005907222498320958,0.004793648768339347,0.013776456529477264,0.051955819542432974,0.07451096545748753,-0.008666485224038727,0.009169280054968707,0.06009155529367213,0.07780250068548436,0.058263765390240786,0.037801161758270384,0.007241784818630524,0.014415718844862197,0.03887893533405411,0.0031335037793509633,0.04489653499428602,0.04718040841690687,0.03309825074842834,0.03458102891864471,0.027506589194086984,0.02263762927310539,0.002296143739134409,0.04622767195373716,0.04020607253892922,0.04286505182804267,0.03340653997723944,0.024813007020506737,-0.006524324603057874,0.008047763787104891,-0.02791095632296665,0.008665599220314141,0.031210604689135748,-0.06397809929119347,0.029243731606489475,-0.007687214020182246,0.06253412281437525,0.03727403547273347,-0.008342483056869413,1.0,0.051751995661945216,0.031205250966747797,0.002620446870501911,0.003337915050343887,0.01319668843875815,0.05075819823096102,0.06934213553158616,-0.019203109594241242,0.005562526212835092,0.06049895177423253,0.07201741614590139,0.04506413418973748,0.0224388000130196,-0.002318162920546513,0.013746205329245217,0.03143805094613049,-0.016452434598214657,0.030744189211504663,0.038069864080569976,0.02229031161307279,0.02177462809564793,0.008886536073556066,0.00621776120318336,-0.0075167783590405325,0.03420989058496568,0.02574556057103078,0.030268877097527874,0.01929995860425004,0.009363341294538204,-0.021818537220176373,-0.0067004207952723474,-0.04837642415882035,-0.002278617768866128,0.020983610534346917,-0.08218196489354034,0.02239565400971615,-0.020298918948816583,0.050965144899838874,0.025143123067232844,-0.02818902109850016
3.4763825928777883,0.6333571492573986,0.8816083395383469,3.0,105.0,121.0,118.0,83.0,94.0,23.0,37.0,17.0,14.0,9.0,0.0,134.0,107.0,126.0,122.0,111.0,129.0,97.0,125.0,106.0,108.0,125.0,106.0,0.21474358974358973,0.3717948717948718,0.41346153846153844,0.27793696275071633,0.3202005730659026,0.40186246418338106,0.01563663440059568,0.005956813104988831,0.012658227848101266,0.012658227848101266,0.020104244229337303,0.011169024571854059,0.0007446016381236039,0.0029784065524944155,0.004467609828741623,0.004467609828741623,0.04244229337304542,0.00967982129560685,0.04616530156366344,0.005956813104988831,0.017870439314966492,0.024571854058078928,0.014147431124348473,0.0007446016381236039,0.008935219657483246,0.0052122114668652275,0.0029784065524944155,0.020104244229337303,0.0037230081906180195,0.035740878629932984,0.014892032762472078,0.01340282948622487,0.022338049143708117,0.034996276991809384,0.0052122114668652275,0.034996276991809384,0.02084884586746091,0.011169024571854059,0.0960536113179449,0.0014892032762472078,0.058078927773641105,0.020104244229337303,0.0387192851824274,0.06180193596425912,0.07222635889798958,0.011169024571854059,0.03201787043931496,0.02531645569620253,0.008190618019359643,0.049143708116157855,0.0029784065524944155,0.017870439314966492,0.0,0.007446016381236039,0.007446016381236039,0.0029784065524944155,1.0,0.04381792110548192,0.0779208795580694,-0.013127363751392162,0.009027081471140043,0.049624913556965106,0.003384767437745834,-0.0075427595552254294,0.013080816437046776,0.06401884462832393,0.01666849943237219,0.009855473677183577,0.015136668910576393,0.0204391675741053,-0.003476533372211386,0.02912815691295163,0.006942285604911523,-0.005063082361799638,-0.02777875131089759,-0.005923591133990885,0.04240407650410888,0.0592351856417184,0.02109550438941844,0.004754808391038207,0.012598613679684413,-0.019316421580365853,-0.022769588258900377,-0.00407986891452532,-0.006074636543286467,-0.012455093038490407,-0.01518291792037705,0.018889818698081335,0.061324036090887386,0.008224055099147632,0.006480336098402049,-0.016204663614904708,0.03159891297552278,-0.005488772897067487,-0.034046763859132544,-0.0036457104611924236,-0.006281732077524579,1.0,0.043850572313459166,0.07626085988485548,-0.01981496274565985,0.004498463717053263,0.052227235091113274,-0.002199124040529311,-0.015502822027431392,0.01607083903421454,0.06524573804731587,0.006157859141882919,-0.0006790251848074444,0.017150352295893224,0.017590287224335293,-0.014546712427188685,0.02732110806744642,0.00832890145749648,-0.013820576268846604,-0.03421551978954836,-0.0018194721828101636,0.0455160606540058,0.05329668200617067,0.009212240271269075,-7.605241977288133e-05,0.008988879392914931,-0.028424671548195498,-0.02828435655818689,0.0061267748388477705,-0.0021685348486619013,-0.020905199261797815,-0.01946410158166729,0.02452170650747351,0.06206981506364785,-0.0035052006747484966,0.0013931601482487573,-0.011747819571366499,0.026390001077329927,-0.013591284669697879,-0.03290418603533804,0.010509930188533608,-0.0028527256946960667
3.509951280532351,0.6421208654966915,0.8868205510052122,11.0,114.0,123.0,123.0,97.0,74.0,33.0,11.0,10.0,9.0,0.0,2.0,134.0,115.0,127.0,125.0,117.0,125.0,111.0,121.0,121.0,117.0,113.0,115.0,0.15815485996705106,0.39373970345963755,0.44810543657331137,0.263705759888966,0.3331020124913255,0.4031922276197085,0.017870439314966492,0.007446016381236039,0.012658227848101266,0.007446016381236039,0.016381236038719285,0.010424422933730455,0.0029784065524944155,0.005956813104988831,0.0022338049143708115,0.0037230081906180195,0.04095309009679821,0.00967982129560685,0.03723008190618019,0.008190618019359643,0.020104244229337303,0.02084884586746091,0.021593447505584513,0.0037230081906180195,0.00967982129560685,0.0037230081906180195,0.004467609828741623,0.02531645569620253,0.004467609828741623,0.0193596425912137,0.016381236038719285,0.012658227848101266,0.03276247207743857,0.04393149664929263,0.0029784065524944155,0.03425167535368578,0.02084884586746091,0.011913626209977662,0.11094564408041697,0.0022338049143708115,0.05063291139240506,0.024571854058078928,0.028294862248696945,0.06254653760238273,0.06031273268801191,0.008190618019359643,0.026061057334326135,0.022338049143708117,0.008190618019359643,0.04988830975428146,0.004467609828741623,0.022338049143708117,0.0029784065524944155,0.008935219657483246,0.011913626209977662,0.0029784065524944155,1.0,0.019812168184647115,-0.004772644209921396,0.031775561572218926,0.0007491328768653667,-0.00447299523831607,0.00574995971077547,-0.0013007448888446337,-0.01733031788084154,-0.016348725452370774,-0.019646505911664988,-0.0675106211800335,0.0031333820205788785,-0.01633050109603293,0.032985624209698965,0.010603919107891,-0.0469109590842141,-0.04032208194431016,0.02207582209173827,0.015793508960368487,0.010097820387650417,0.018659426559550097,0.007730993043787927,-0.01801128978977177,-0.037200149617526254,-0.0019668217479894196,-0.012493912947723921,0.03337090199925459,0.00019850435957753532,-0.03510228555929564,0.00751024302792587,-0.0018849587246299142,-0.024689080220484064,-0.007332576742333605,0.02764101968634123,-0.02139259939124753,0.007028583532524928,0.04034408966177408,-0.026035884976285128,0.07491917729058944,-0.02395513806450176,1.0,0.01982693135020946,-0.005174903746243,0.03205802218782248,-0.0005528032227816686,-0.004161350238403651,0.004937297361034673,-0.001579863383245306,-0.017065938978475196,-0.01614992769423912,-0.019298882149113482,-0.06649445792607436,0.006529211791291118,-0.01650407946716834,0.03854871365069426,0.008913923925385365,-0.04730907393183728,-0.04137668703206353,0.02164063002728486,0.015673433561928806,0.01010121622272338,0.014157468114421682,0.0025425145128201054,-0.017235776692512025,-0.04105974954082884,0.0014566509451137064,-0.013512503259473146,0.03216228305155299,-0.005724755970125753,-0.03288036681038933,0.011872618359553853,0.0032707792302570145,-0.02484883823776543,-0.01408338576732708,0.02451752780751885,-0.023923875838377514,0.01038284766187332,0.039385411119682946,-0.01906996748829148,0.07625487485482754,-0.04102564117987331
3.4391701592343056,0.6103414996284363,0.8868205510052122,9.0,92.0,120.0,120.0,84.0,93.0,18.0,54.0,23.0,24.0,7.0,2.0,134.0,107.0,126.0,123.0,122.0,130.0,36.0,125.0,121.0,110.0,127.0,98.0,0.24148606811145512,0.38854489164086686,0.369969040247678,0.2862398822663723,0.3502575423105224,0.3635025754231052,0.008190618019359643,0.007446016381236039,0.012658227848101266,0.012658227848101266,0.012658227848101266,0.00967982129560685,0.0,0.008190618019359643,0.004467609828741623,0.0037230081906180195,0.029039463886820552,0.011913626209977662,0.049143708116157855,0.0022338049143708115,0.01563663440059568,0.021593447505584513,0.01563663440059568,0.0014892032762472078,0.014147431124348473,0.0007446016381236039,0.0029784065524944155,0.02680565897244974,0.0029784065524944155,0.03425167535368578,0.008935219657483246,0.020104244229337303,0.03425167535368578,0.0379746835443038,0.0029784065524944155,0.04988830975428146,0.029039463886820552,0.008935219657483246,0.10796723752792256,0.0029784065524944155,0.05956813104988831,0.021593447505584513,0.04690990320178704,0.05361131794489948,0.058078927773641105,0.008190618019359643,0.039463886820551006,0.014892032762472078,0.008190618019359643,0.04690990320178704,0.0022338049143708115,0.01340282948622487,0.0022338049143708115,0.0052122114668652275,0.005956813104988831,0.0022338049143708115,1.0,0.003465916885220457,0.03994566870192459,0.00924562835204717,0.03832281909316285,-0.021957396478915647,0.030756714537151883,-0.003501689663379306,0.04850130999681238,0.015609842570930631,0.012918588969024782,-0.0052837785766092936,0.02334458151821753,-0.031831579798145763,-0.052826030862758604,-0.05267059672589297,0.05045939994495495,-0.033393557564185605,0.016459703370180098,-0.04524118768269759,-0.04684956007242773,0.030812540591374827,-0.039148264622867315,0.030750242156672002,0.020605779893181467,0.008719386208527436,-0.00045376255894404407,0.03193556843927908,-0.010635773493941623,-0.0021789206418666206,-0.03472546250138698,-0.01094412918607358,-0.015114485452307109,0.04765389654409182,0.01018793888369024,0.0013661986805237306,-0.0008832051940129081,0.03462458482687781,-0.022239652243196167,0.001190339342842636,-0.015037303687429622,1.0,0.0034684995356565325,0.03999369529799814,0.0090089186206378,0.03684213655576111,-0.023051570025425152,0.028097669845502122,-0.002698392789937464,0.045777877344737476,0.016779351633929292,0.006806577481006816,-0.006025565285737184,0.018269447639829375,-0.03111586900120479,-0.057640428888310384,-0.05139431954750772,0.052221634724366334,-0.027460095081359187,0.014545583867100323,-0.04237491484705166,-0.053261815303961034,0.04463661833894168,-0.035975860372303235,0.04430778092840848,0.02078501638087342,0.00752689052761418,0.004355693356907206,0.02837014076238242,-0.011937417755793352,-0.008456491919647762,-0.03343562594997111,-0.011092420346359112,-0.01814000032409224,0.04289685629326729,0.004387052677376426,-0.004444674993639874,0.003347721590932016,0.028360441408430956,-0.0043975310343932405,-0.01104434428911968,-0.007708901809352876
3.489430809064331,0.6198505321893535,0.885331347728965,5.0,109.0,121.0,112.0,78.0,93.0,38.0,39.0,12.0,9.0,3.0,0.0,134.0,109.0,124.0,119.0,113.0,124.0,108.0,126.0,113.0,119.0,123.0,109.0,0.22132471728594508,0.3408723747980614,0.4378029079159935,0.27023223082336384,0.32653061224489793,0.4032371569317382,0.011169024571854059,0.006701414743112435,0.011169024571854059,0.022338049143708117,0.01712583767684289,0.011913626209977662,0.0037230081906180195,0.008935219657483246,0.008935219657483246,0.0014892032762472078,0.035740878629932984,0.006701414743112435,0.039463886820551006,0.0052122114668652275,0.02680565897244974,0.020104244229337303,0.018615040953090096,0.0029784065524944155,0.0037230081906180195,0.008190618019359643,0.0014892032762472078,0.02084884586746091,0.0022338049143708115,0.03276247207743857,0.018615040953090096,0.011169024571854059,0.0387192851824274,0.04690990320178704,0.0052122114668652275,0.03201787043931496,0.027550260610573342,0.008190618019359643,0.10126582278481013,0.0014892032762472078,0.058823529411764705,0.022338049143708117,0.03723008190618019,0.06403574087862993,0.0573343261355175,0.004467609828741623,0.035740878629932984,0.012658227848101266,0.006701414743112435,0.03723008190618019,0.0037230081906180195,0.0193596425912137,0.0029784065524944155,0.00967982129560685,0.006701414743112435,0.0014892032762472078,1.0,0.03252543941333375,0.032687857885474014,-0.016158128278882723,0.03675227274291857,0.011303410478877701,0.001781923997479679,-0.030008526770213123,0.03754280610327497,0.007562093530790872,0.042244956875023935,-0.014540260187651245,0.034512025791931376,0.00632155900826259,-0.03341827444449517,-0.003305849786443406,-0.034301198222509564,-0.03467309490897521,0.012752020363815265,-0.03243220198843179,0.03677296032412176,-0.012478420321011324,0.0004219228386549995,0.04310579690929218,0.01758466453587763,-0.011668897721823326,-0.004464505896034386,0.020444989302175674,0.03267297861928705,-0.031278689352820827,-0.042293461276571916,-0.01447675539139998,-0.020664232261931634,0.02498003578219751,0.04179484570150164,-0.03822800334240619,0.025906550381052672,0.016576343810640954,0.011313237592608164,-0.004553701109416224,-0.0184961123231375,1.0,0.03254967595537051,0.03171072486990604,-0.018296015889307585,0.03700916235999728,0.0101122924414791,-0.0015876943774941078,-0.029649454679937487,0.038917919596482685,0.006261052916712476,0.03866584674619418,-0.014363787127994741,0.031691709710922805,0.005144052592551655,-0.04093658340426619,0.0023423556253651125,-0.03546188098294797,-0.03360559623083272,0.01601837242376427,-0.029869346411658615,0.036803959858723256,-0.011673714047285549,-0.00256286563273866,0.04764650300023959,0.015104917990414904,-0.013585938168982788,0.00029714189923938885,0.025860576371352625,0.025542774780009585,-0.029782898889618038,-0.04664696944957786,-0.01127197617015873,-0.027192225295581973,0.02049846433377371,0.05209723843570334,-0.04755265174231456,0.02456802243878343,0.02311449913249048,0.0032265331034819086,0.004086711686970861,-0.015455199563020315
3.50790998412145,0.6294129057595477,0.8845867460908414,6.0,107.0,121.0,119.0,80.0,77.0,14.0,48.0,10.0,27.0,20.0,1.0,134.0,107.0,128.0,124.0,119.0,128.0,99.0,128.0,106.0,111.0,119.0,105.0,0.20793650793650795,0.3746031746031746,0.4174603174603175,0.27698863636363635,0.32670454545454547,0.3963068181818182,0.01340282948622487,0.007446016381236039,0.012658227848101266,0.02084884586746091,0.010424422933730455,0.007446016381236039,0.0014892032762472078,0.010424422933730455,0.005956813104988831,0.0029784065524944155,0.0387192851824274,0.01340282948622487,0.034996276991809384,0.0052122114668652275,0.02680565897244974,0.029039463886820552,0.016381236038719285,0.0029784065524944155,0.006701414743112435,0.0052122114668652275,0.0029784065524944155,0.03127326880119136,0.004467609828741623,0.027550260610573342,0.014147431124348473,0.01340282948622487,0.03052866716306776,0.04169769173492182,0.0022338049143708115,0.03350707371556218,0.027550260610573342,0.01340282948622487,0.10349962769918093,0.0022338049143708115,0.05212211466865227,0.02308265078183172,0.0387192851824274,0.0573343261355175,0.058823529411764705,0.008935219657483246,0.04095309009679821,0.021593447505584513,0.004467609828741623,0.03127326880119136,0.0014892032762472078,0.02084884586746091,0.0029784065524944155,0.00967982129560685,0.004467609828741623,0.0022338049143708115,1.0,-0.019923112988159002,0.04503795053745643,0.034640274046057046,-0.004976575803901936,0.03687226947287031,0.04071098682198526,0.054967308154498136,-0.027573454098567332,0.05415939765156168,-0.011121418294259054,0.03650698447370011,0.08781428732363283,-0.04007355995088742,-0.004848256930441725,-0.006144327499497542,-0.009178796658280308,0.0038216407034551247,-0.007133127599293043,0.06405648481821462,-0.026392973568180853,-0.004519206706248428,0.007069312122750256,0.051649277786781855,0.00513745317832707,0.01788913929988909,0.009828559561904716,-0.023442821347177862,0.0020717560521613847,0.04596061988859512,-0.09768206589199474,0.06479319699050395,-0.02433225691993429,0.038642261323015716,-0.02107126072395892,0.030439406292013974,-0.011625528432399664,-0.008842454893530274,0.015846197438524258,-0.02322763089994401,-0.010378397859823996,1.0,-0.019937958824960914,0.044725378360560376,0.036556270528603434,-0.005614268999790148,0.03369322670715126,0.041752840155560036,0.05452800779028391,-0.031725694475042435,0.046434694894667415,-0.01095736296969102,0.032261322498206284,0.08269516662036333,-0.041405084079601154,-0.020395847233590742,-0.008479411926681299,-0.01233387721098153,-4.960759852347225e-05,-0.01742415216759288,0.06455576215373673,-0.016918878978187567,-0.017774464239094467,0.010422258069689471,0.0527960638194152,-0.0007256742131495377,0.019761616750492025,0.0036242942656549274,-0.016787507271573413,-0.010276437941566803,0.04752375168396263,-0.10868623823839837,0.05039042583252876,-0.014481426606938533,0.04797225384494731,-0.03517437113572455,0.02640995369039501,-0.009317040573925333,0.0002454803946955501,-0.00542326447948658,0.003305033472558282,-0.03114261044628347
3.4346947738277502,0.6059035244051736,0.8816083395383469,2.0,90.0,117.0,114.0,84.0,110.0,23.0,69.0,22.0,14.0,12.0,5.0,134.0,104.0,127.0,123.0,115.0,130.0,37.0,127.0,119.0,120.0,127.0,88.0,0.27341389728096677,0.35347432024169184,0.3731117824773414,0.28941524796447077,0.3530717986676536,0.35751295336787564,0.011169024571854059,0.004467609828741623,0.008190618019359643,0.014892032762472078,0.006701414743112435,0.014892032762472078,0.0,0.008190618019359643,0.0052122114668652275,0.0022338049143708115,0.029039463886820552,0.011913626209977662,0.04169769173492182,0.005956813104988831,0.018615040953090096,0.01712583767684289,0.016381236038719285,0.0022338049143708115,0.014892032762472078,0.0052122114668652275,0.0029784065524944155,0.034996276991809384,0.0014892032762472078,0.034996276991809384,0.01563663440059568,0.008190618019359643,0.03648548026805659,0.04690990320178704,0.0052122114668652275,0.03350707371556218,0.023827252419955324,0.006701414743112435,0.0975428145941921,0.0022338049143708115,0.06478034251675353,0.0193596425912137,0.05584512285927029,0.06626954579300075,0.06478034251675353,0.012658227848101266,0.03648548026805659,0.012658227848101266,0.0037230081906180195,0.04318689501116903,0.0022338049143708115,0.011913626209977662,0.004467609828741623,0.004467609828741623,0.006701414743112435,0.0007446016381236039,1.0,-0.009505300351092882,0.04682287477085337,-0.008162687533387026,0.02883013621060651,0.028855466738263325,-0.04112714508351719,-0.007536025841460398,-0.028947747646110755,-0.06992646897548647,-0.05102417348760217,0.018220284839023933,0.0421305954165156,-0.04205430675646258,0.027482541013893497,0.029071733802957182,0.01145763819635163,0.0022980883539037277,-0.015859560999988583,-0.043063010696566234,-0.027442434406120268,0.0009895874195392186,-0.02803245561152671,0.050631484695310335,-0.05794682493361135,-0.007061851898775536,-0.013670325515973518,0.009853533635310243,0.013388397486910984,0.03933663888005172,0.02906613112740978,0.0036685049766380924,-0.04915089754993681,-0.029045384398746488,0.039844528128773815,0.023297407127475092,0.02689232016513593,-0.02510306609137824,-0.03206244335974285,0.031326057813180146,-0.016585719966795604,1.0,-0.00951238328727104,0.046806457411454186,-0.007327252818810378,0.026645632172835144,0.030260352626754798,-0.04357851070732663,-0.010649224565837556,-0.025780379453882438,-0.07291701273115392,-0.04940346816341132,0.026622341837676266,0.04734804982650606,-0.039692498751279406,0.028721302313055228,0.03087402197273459,-0.0015205479778630092,-0.0032988569581533025,-0.019130041760727655,-0.05750557871986233,-0.025998876917172856,0.014322871024984009,-0.025791810631662707,0.05455915279217419,-0.04436026424639026,-0.0106562939117085,-0.016103619984487734,0.0027045364762916077,0.0031167807229991796,0.03897001368193935,0.02863897879580186,0.0031100403057309437,-0.05504174565533514,-0.034923331870897814,0.040210632934274876,0.02321994944851568,0.04182573836015044,-0.02323256272761943,-0.037873956933102144,0.034700902153767234,-0.015129177458525723
3.459661956253927,0.620166763934278,0.8793745346239762,16.0,118.0,122.0,106.0,87.0,86.0,20.0,56.0,30.0,12.0,12.0,8.0,134.0,119.0,125.0,121.0,121.0,128.0,109.0,129.0,121.0,113.0,119.0,119.0,0.23476968796433878,0.3491827637444279,0.4160475482912333,0.2681755829903978,0.32647462277091904,0.4053497942386831,0.01340282948622487,0.010424422933730455,0.014147431124348473,0.011169024571854059,0.01563663440059568,0.01340282948622487,0.0007446016381236039,0.007446016381236039,0.0029784065524944155,0.0037230081906180195,0.03127326880119136,0.01340282948622487,0.04393149664929263,0.004467609828741623,0.02084884586746091,0.027550260610573342,0.0193596425912137,0.0014892032762472078,0.006701414743112435,0.0052122114668652275,0.0037230081906180195,0.026061057334326135,0.0007446016381236039,0.03201787043931496,0.011169024571854059,0.011913626209977662,0.02680565897244974,0.035740878629932984,0.0022338049143708115,0.029784065524944156,0.022338049143708117,0.014892032762472078,0.12211466865227104,0.0014892032762472078,0.04988830975428146,0.02308265078183172,0.04095309009679821,0.06105733432613552,0.05956813104988831,0.010424422933730455,0.029039463886820552,0.021593447505584513,0.004467609828741623,0.05063291139240506,0.0022338049143708115,0.0193596425912137,0.004467609828741623,0.008190618019359643,0.005956813104988831,0.0007446016381236039,1.0,0.023310061990828322,0.04916949202064929,0.039350013105624596,-0.02027018642553862,0.02937324081240351,0.010123686086086764,-0.07162997371459708,-0.050322596944513076,-0.02025922697694969,-0.010436743044657047,-0.000752632913895278,-0.02897109283803321,-0.06503173604979565,0.00920950487665411,0.01595964711216436,0.013883066736637294,0.05571686479368976,0.01635052770551192,0.004640404582018741,-0.005748923491961636,0.026525818749625788,-0.0024219406196647184,-0.04843626960588383,0.06170413239505328,-0.01757393761779746,0.05802122242563847,-0.024247947261258646,0.02921949132369107,0.018613581184718956,0.034405339323699546,0.012742824146156271,0.014127389161075662,-0.002616931787671701,0.0034669353914447048,0.0008505448988503619,0.013920055955134283,0.04658172313091416,-0.0025341241137046906,-0.011650913814037931,-0.02513316248469493,1.0,0.0233274316346367,0.04872517026012491,0.037317595619262144,-0.024468653822645615,0.026820654995571732,0.009721675820569,-0.07386783841850747,-0.05159593468698262,-0.010712572779309612,0.00020441117324271492,0.0009208366670268897,-0.025901745929125516,-0.06102123260290986,0.011199680045019473,0.017835779657221502,0.011334198590285878,0.050974215694017354,0.016909604388835812,-0.004473277884140205,-0.02422680261650092,0.022128109375723858,-0.0032853502819147297,-0.05038526346224172,0.07236587068971136,-0.008924333537704623,0.05632880756966316,-0.033498882633982346,0.037813096665951465,0.01862884691683173,0.03692751255511728,0.008579759919519803,0.011334060107303624,-0.0009237230315246817,0.002527295599689888,-0.004365137281435943,0.016013654495097947,0.06566214597606676,-0.0009496992875676211,-0.010403018376923768,-0.02708365384630782
3.50710947295501,0.6192930079456747,0.8801191362620998,1.0,106.0,121.0,118.0,95.0,68.0,35.0,21.0,15.0,15.0,7.0,2.0,134.0,109.0,126.0,124.0,116.0,128.0,101.0,127.0,110.0,109.0,125.0,108.0,0.1490066225165563,0.402317880794702,0.44867549668874174,0.2745236414961186,0.323923782639379,0.4015525758645025,0.014892032762472078,0.005956813104988831,0.014892032762472078,0.014892032762472078,0.01340282948622487,0.00967982129560685,0.0014892032762472078,0.006701414743112435,0.005956813104988831,0.0037230081906180195,0.04095309009679821,0.011169024571854059,0.02680565897244974,0.005956813104988831,0.018615040953090096,0.022338049143708117,0.020104244229337303,0.0014892032762472078,0.016381236038719285,0.005956813104988831,0.0037230081906180195,0.02308265078183172,0.0037230081906180195,0.02531645569620253,0.00967982129560685,0.01712583767684289,0.028294862248696945,0.05212211466865227,0.005956813104988831,0.04244229337304542,0.017870439314966492,0.01340282948622487,0.09084139985107967,0.0037230081906180195,0.055100521221146684,0.026061057334326135,0.026061057334326135,0.06552494415487714,0.06626954579300075,0.00967982129560685,0.044676098287416234,0.012658227848101266,0.005956813104988831,0.04765450483991065,0.004467609828741623,0.020104244229337303,0.0037230081906180195,0.005956813104988831,0.007446016381236039,0.0,1.0,0.028667848846669057,0.025923042363076593,0.03955442401945503,0.009587546314673755,0.0863774077653777,-0.009620923929549973,0.05117027895477882,0.0022534712507530892,0.03977677635034145,0.035072374266689646,0.021731947442242477,0.05663890596544518,-0.03915644450867999,-0.007179910133270101,0.0013505221426656758,-0.0443238039994308,0.05175209611301222,0.011607659928859721,0.0029741718717299177,0.06381409221693664,0.005136256634260882,-0.03437382249350811,-0.0015791766954230202,-0.008438022698900177,-0.034350546230495924,0.0021130280273446212,-0.039493045751515285,-0.035246872000560175,-0.0015440133056705513,-0.02283671696789476,-0.00048557397566361023,-0.016157886479109502,-0.020099606934787347,-0.02837906934857576,0.03533473533941095,-0.011542943449542329,-0.04191860320660932,-0.005050813005382564,-0.014399811864474707,0.01950317154268703,1.0,0.028689210880086833,0.025159341717771073,0.03825077103804684,0.006842793393565268,0.08456057686335815,-0.016269658573753537,0.048114246046141736,-0.006550090327261341,0.03851508105718351,0.022624219701294346,0.021202549331461203,0.04415601515464281,-0.0443025162815158,-0.017544890862257252,-0.003995804504251204,-0.04891425844207819,0.046944445634482634,0.01603280293326122,-0.001903182722248674,0.06440175369754386,0.0035151083849624615,-0.04806206369336468,0.0009551907252203267,-0.01328580143303985,-0.0356806264326474,0.005381936214393636,-0.04136326783911132,-0.031945881177425556,-0.006662025932257465,-0.017448542890793256,0.00520207068021245,-0.01126549536897482,-0.00273715316215665,-0.01655762722292124,0.04413065566802886,-0.00319102159946151,-0.03858068080597698,-0.009715540363233341,0.0014623717643154417,0.013953903555058121
3.494758371060048,0.6291611147632346,0.885331347728965,1.0,114.0,126.0,123.0,96.0,73.0,45.0,23.0,20.0,18.0,4.0,5.0,134.0,115.0,129.0,127.0,122.0,126.0,109.0,125.0,113.0,121.0,117.0,113.0,0.14969135802469136,0.3966049382716049,0.4537037037037037,0.2653342522398346,0.3328738800827016,0.40179186767746383,0.012658227848101266,0.010424422933730455,0.018615040953090096,0.012658227848101266,0.018615040953090096,0.011913626209977662,0.0014892032762472078,0.007446016381236039,0.0022338049143708115,0.0037230081906180195,0.039463886820551006,0.007446016381236039,0.024571854058078928,0.004467609828741623,0.01563663440059568,0.03276247207743857,0.017870439314966492,0.0037230081906180195,0.00967982129560685,0.004467609828741623,0.0014892032762472078,0.018615040953090096,0.0037230081906180195,0.03276247207743857,0.011169024571854059,0.008935219657483246,0.02680565897244974,0.04393149664929263,0.0037230081906180195,0.029039463886820552,0.03350707371556218,0.0193596425912137,0.0967982129560685,0.0052122114668652275,0.05212211466865227,0.028294862248696945,0.03425167535368578,0.06775874906924795,0.06329113924050633,0.00967982129560685,0.0379746835443038,0.01563663440059568,0.008190618019359643,0.054355919583023084,0.0022338049143708115,0.012658227848101266,0.004467609828741623,0.0037230081906180195,0.008190618019359643,0.0022338049143708115,1.0,-0.05641380208704834,-0.012411205294324037,0.0009075989382664493,0.052589304852696486,0.03341721503850582,-0.043243916642270085,0.04790685013048545,0.003460823464730163,0.004018537723441793,-0.0523703318602897,0.032523623354957315,-0.03805663590458991,0.005445110983183004,0.021282574582572437,0.005390752839396644,-0.00747743568389038,-0.03324017305504338,0.06256786185861833,0.02783727557837549,0.02476924820075964,-0.01717150394731473,-0.019943377302181015,0.01760644247301855,0.01233220474119991,0.029795495932463768,-0.048751538810835174,-0.05736656415201186,0.038344384151186364,0.026435756839817432,-0.0006351202578914263,-0.006823333990010249,-0.025904496142447143,0.010998115527659821,0.012858634754434236,-0.0010600426425246014,0.004333057752600259,-0.008271416874863668,-0.035343894400120465,0.010531367461720134,0.004089042399065799,1.0,-0.05645583919739637,-0.015666911996911618,-0.0006899496197358988,0.05274543852554234,0.0398327446807221,-0.03802113855081847,0.04459641266074372,0.004766086631725493,0.0020094194729596325,-0.05000101230901728,0.025324713291061694,-0.04241758032228557,0.005229124337112472,0.024565713070654277,0.009032018802373613,-0.00845912399178398,-0.025518777499764993,0.05282363360419891,0.03590288157877403,0.03021834245897368,-0.009236948926015332,-0.031992149508165424,0.008066179108041287,0.01610037841492541,0.030110869343480128,-0.044695941207527894,-0.07081193172099616,0.03394338254010223,0.028766211670188543,0.014013965437043235,0.004589440899972114,-0.03692252785052227,-0.0002714818857678565,0.019457411779096125,0.01003311106235499,3.2681369761769415e-05,-0.015235536708199639,-0.04752866139846781,0.0030270185208727345,0.01620150957821233
3.5096791137776155,0.6613907204468543,0.8860759493670886,2.0,110.0,123.0,113.0,86.0,86.0,44.0,29.0,12.0,2.0,2.0,0.0,134.0,111.0,126.0,118.0,116.0,123.0,107.0,125.0,111.0,111.0,111.0,107.0,0.1921182266009852,0.3497536945812808,0.458128078817734,0.27285714285714285,0.32571428571428573,0.4014285714285714,0.00967982129560685,0.005956813104988831,0.0193596425912137,0.018615040953090096,0.018615040953090096,0.007446016381236039,0.0022338049143708115,0.008935219657483246,0.0037230081906180195,0.005956813104988831,0.0387192851824274,0.011913626209977662,0.03350707371556218,0.005956813104988831,0.018615040953090096,0.03052866716306776,0.011913626209977662,0.004467609828741623,0.011913626209977662,0.008935219657483246,0.0022338049143708115,0.02084884586746091,0.0014892032762472078,0.027550260610573342,0.014147431124348473,0.016381236038719285,0.03350707371556218,0.035740878629932984,0.0037230081906180195,0.035740878629932984,0.024571854058078928,0.014147431124348473,0.11094564408041697,0.0022338049143708115,0.04765450483991065,0.023827252419955324,0.040208488458674606,0.044676098287416234,0.07892777364110201,0.00967982129560685,0.03052866716306776,0.017870439314966492,0.008190618019359643,0.0379746835443038,0.0037230081906180195,0.016381236038719285,0.0037230081906180195,0.011169024571854059,0.004467609828741623,0.0007446016381236039,1.0,0.03072041104839772,0.02479342367969566,0.015727188124500555,0.046798347430720394,0.02868224275487885,0.036209630370728996,0.013007983630377081,-0.006006580142730761,0.014065698378617042,-0.00728436676912653,-0.016600484818527373,0.01706421171515878,0.07873707965767245,0.062456660089070165,0.0012569777440779475,-0.010172962627536848,0.032733335151941455,0.009132840465779515,0.010442907537822179,0.016338546570023545,0.01668123558887698,0.026710576164873188,0.020344743242012988,0.004939194437548581,0.0045845918175328425,0.038891249965206584,-0.03191431953545622,0.025093494020053144,0.04690238664950092,-0.006568065556124212,-0.018821751543770398,-0.040748500157518006,0.008099903852941582,-0.034488481095782106,0.03924115309342679,0.04431325162553701,0.0009217864917618296,-0.004510666345005058,-0.0053570344317626336,0.0036560592182805444,1.0,0.0307433025618466,0.023907847059341646,0.014303961636246143,0.04552612885147737,0.02544946044032033,0.03258859601540522,0.00867894209262109,-0.011047720354991613,0.010855438304431175,-0.011826608210727783,-0.01944661182817042,0.017421816864204676,0.07868114194055317,0.060108760298180915,-0.004093852288217842,-0.015459743995004865,0.026250574791693057,-0.0022680814867302333,0.0004359847801532492,0.011691933440864957,0.014198779816122144,0.024957539674779677,0.017461359943102685,0.0044240119530605275,0.0014622586591016957,0.026453296675984995,-0.04860717754503652,0.021360846803097983,0.04864194346121224,-0.014711919070867876,-0.02373625343540147,-0.045185722323144384,0.007933729103524011,-0.040199631559999144,0.0347607637938426,0.048052248302978884,-0.00036788366698060757,-0.005931315036248477,-0.01202360467641672,0.001884723233442089
3.348035052086203,0.5833350516045418,0.8763961280714817,30.0,78.0,107.0,107.0,71.0,65.0,0.0,58.0,13.0,22.0,0.0,8.0,134.0,85.0,121.0,119.0,112.0,122.0,3.0,121.0,96.0,99.0,108.0,71.0,0.2737030411449016,0.3810375670840787,0.34525939177101966,0.3165407220822838,0.35768261964735515,0.32577665827036106,0.010424422933730455,0.006701414743112435,0.008190618019359643,0.011913626209977662,0.007446016381236039,0.010424422933730455,0.0007446016381236039,0.014892032762472078,0.0014892032762472078,0.0007446016381236039,0.03350707371556218,0.00967982129560685,0.04244229337304542,0.0022338049143708115,0.023827252419955324,0.026061057334326135,0.011913626209977662,0.0014892032762472078,0.012658227848101266,0.0014892032762472078,0.0014892032762472078,0.027550260610573342,0.0022338049143708115,0.04616530156366344,0.005956813104988831,0.011913626209977662,0.029784065524944156,0.05361131794489948,0.004467609828741623,0.04839910647803425,0.014892032762472078,0.00967982129560685,0.10573343261355175,0.0029784065524944155,0.04988830975428146,0.010424422933730455,0.04839910647803425,0.06775874906924795,0.07446016381236038,0.005956813104988831,0.04095309009679821,0.012658227848101266,0.0037230081906180195,0.06031273268801191,0.0022338049143708115,0.007446016381236039,0.0029784065524944155,0.0052122114668652275,0.0037230081906180195,0.0007446016381236039,1.0,0.05929104174660356,0.019786897589790055,0.02850864102665924,0.056120371005041164,0.10171562831103191,0.02337106397422728,0.06758069907242414,0.07299210613310925,0.07280378279352262,0.08993009351637818,0.011568867314390616,0.04239660601284031,0.0827492880609484,0.0412438389038554,0.04154462192931624,0.012010722906163162,0.03960256614222997,0.09358223525213095,0.07667991121597088,0.041062012743196825,0.029062576906996308,0.051155467153172034,0.06273122685202162,0.0019302628540440838,0.02165636202495978,0.039309402679404956,0.040956034428029454,0.06444180285554647,0.047607738718684206,0.054855444566385546,0.04099632958396049,0.038453308458359495,0.031773576191452976,0.01792977937540579,0.07655918383039018,0.089331372945279,0.052551981225397656,-0.01613998837526644,0.01873255246622161,0.0323096171653507,1.0,0.059335222850736676,0.016353314180029166,0.02654609044759063,0.05300225185775293,0.09559997416667557,0.010482981281322816,0.06151691485452655,0.060104553914283904,0.055984823792149675,0.07174415064382995,-0.00762688776002015,0.02231331826525207,0.060808551705516856,0.012162224822925824,0.015621214751814109,-0.00783415959289537,0.011465960559202742,0.06628825071064261,0.05298521795982884,0.014382798859813544,0.01035288839300871,0.022884198953897816,0.02865627284351472,-0.024573147584776293,-0.00229420367671113,0.01025149595259415,0.0061516858744020166,0.03317658504428145,0.028987878537409355,0.03193270390710874,0.012233803975584014,0.010316368955640495,0.004451462838354723,-0.001369707577973661,0.051475881057548786,0.05779856462721413,0.021096333265172414,-0.04999209079534099,-0.00522267843901359,-0.006094140707716111
3.5125896823882012,0.6278844490934427,0.8920327624720774,2.0,122.0,116.0,116.0,104.0,85.0,56.0,46.0,16.0,12.0,5.0,1.0,134.0,122.0,129.0,125.0,125.0,129.0,111.0,128.0,121.0,124.0,124.0,122.0,0.19530102790014683,0.3641703377386197,0.44052863436123346,0.2617135207496653,0.3313253012048193,0.4069611780455154,0.01563663440059568,0.0052122114668652275,0.014892032762472078,0.017870439314966492,0.018615040953090096,0.011169024571854059,0.0022338049143708115,0.008190618019359643,0.007446016381236039,0.0022338049143708115,0.03425167535368578,0.007446016381236039,0.03201787043931496,0.006701414743112435,0.018615040953090096,0.026061057334326135,0.022338049143708117,0.0014892032762472078,0.011913626209977662,0.006701414743112435,0.007446016381236039,0.029784065524944156,0.004467609828741623,0.022338049143708117,0.01712583767684289,0.008935219657483246,0.022338049143708117,0.03127326880119136,0.007446016381236039,0.03276247207743857,0.02680565897244974,0.011913626209977662,0.10796723752792256,0.007446016381236039,0.06105733432613552,0.03052866716306776,0.03350707371556218,0.05137751303052867,0.06626954579300075,0.006701414743112435,0.039463886820551006,0.02308265078183172,0.0022338049143708115,0.04318689501116903,0.0,0.012658227848101266,0.0029784065524944155,0.007446016381236039,0.008935219657483246,0.0014892032762472078,1.0,0.007095981427757441,0.012919561372142825,0.01189932302189504,-0.0031697797541800506,0.03171043209475808,0.003693359915642895,0.043135153063910435,-0.03271815892027593,-0.04364725399214992,0.014685545803040082,-0.0033442686811547134,0.0065161041267684065,0.029125890200477338,0.024672581735732002,0.01074212963006224,-0.012365783300130606,-0.004795249841776195,0.01529723191165008,-0.01380303563549499,0.019766784051286564,0.027599244678424215,0.020954017477090754,-0.0024928013553011798,-0.016098401217230846,-0.019182261419447077,0.004221933009704172,-0.008707681059196597,0.0471387210140842,0.0006234003595378319,-0.001343510383298303,-0.010948337414541529,0.00834635515051125,0.01173690150062647,0.0040533035931918605,0.03935655647543788,-0.026466673930033293,0.020762542447413008,0.005403185220570835,-0.020423613440120576,-0.04985255700728886,1.0,0.007101269044320605,0.01288905186740237,0.011746280458560531,-0.003511403336517019,0.031581823755787615,0.003219315215620425,0.042646296621254125,-0.03444899920191615,-0.04450913072340016,0.014332732157826237,-0.0015784072439701817,0.0043818683300316805,0.030747749952197857,0.02584572606080671,0.011988531163887503,-0.011385008310907435,-0.010130913601719096,0.013135805059598219,-0.014994490213748435,0.01656679130383558,0.029200195403356523,0.024966352452737036,-0.0017088733227693903,-0.016758972708076077,-0.024424202915419094,0.003919034018592426,-0.012625257345318401,0.04515714047614211,0.003971106433434715,0.00388138164694712,-0.010246432696949338,0.009221244497733405,0.004725192842846473,0.0009535201418655127,0.03322255682739208,-0.026782105886328744,0.027514371142903307,0.006603301284650272,-0.02142593841284451,-0.056832776990739145
3.4963382810562966,0.6357283851182705,0.8830975428145942,5.0,113.0,126.0,122.0,97.0,92.0,30.0,32.0,24.0,24.0,16.0,6.0,134.0,114.0,131.0,127.0,116.0,130.0,111.0,125.0,119.0,114.0,125.0,113.0,0.18777292576419213,0.388646288209607,0.42358078602620086,0.26662097326936257,0.32625085675119947,0.40712816997943796,0.014892032762472078,0.005956813104988831,0.01563663440059568,0.018615040953090096,0.014147431124348473,0.01340282948622487,0.0007446016381236039,0.008190618019359643,0.0037230081906180195,0.0022338049143708115,0.04095309009679821,0.011169024571854059,0.035740878629932984,0.0052122114668652275,0.022338049143708117,0.027550260610573342,0.021593447505584513,0.0037230081906180195,0.008935219657483246,0.004467609828741623,0.0037230081906180195,0.03201787043931496,0.004467609828741623,0.023827252419955324,0.012658227848101266,0.01712583767684289,0.026061057334326135,0.035740878629932984,0.0029784065524944155,0.035740878629932984,0.029039463886820552,0.011169024571854059,0.10722263588979895,0.0029784065524944155,0.054355919583023084,0.029039463886820552,0.03350707371556218,0.04988830975428146,0.06105733432613552,0.007446016381236039,0.03723008190618019,0.008190618019359643,0.008190618019359643,0.049143708116157855,0.004467609828741623,0.020104244229337303,0.0014892032762472078,0.007446016381236039,0.0037230081906180195,0.0007446016381236039,1.0,-0.012213327628582904,-0.0007317484588727937,-0.019498399931077284,0.03425091205464609,-0.00841575371670123,0.0004132178183488891,0.0013049084649747863,-0.005931151626020911,-0.005055006532217891,0.010019883130276798,0.022690545273026788,-0.028487856311441816,0.04651363332935226,0.021220714670924307,0.016742614825906568,-0.006987075388388954,0.012872528599875909,-0.013027571513519826,-0.006900817497616876,-0.026008734589584612,-0.04442180665661447,0.0032755383407802718,0.032548616407342364,-0.046716462465795666,-0.0171634862847447,-0.018731789935056423,-0.018636259470143506,-0.016767101980579423,0.03363435450198037,0.024125941039398663,-0.022940615225839785,-0.014788823724741806,0.03860204166377051,0.004068171193501912,0.022092119266882648,-0.004431465440710902,0.026661368245071006,0.008531627481724336,-0.009493115413145795,0.0046596953904000605,1.0,-0.012222428468842642,-0.0008823593776781778,-0.01956474058784313,0.033891940417601345,-0.007683022285731073,-8.1986886277353e-05,0.002622769155542864,-0.007407907425997922,-0.00468847069071785,0.009986791959256525,0.022748458169594542,-0.02796965741102741,0.04714322080490376,0.022590810100761485,0.015114406444706257,-0.002571961575347972,0.010167436049387609,-0.013156442944788082,-0.007761346994399118,-0.02607042851995066,-0.04774912688236555,0.0037442459907947516,0.0333311642675432,-0.0507238206180888,-0.014362751529134068,-0.020870900274314718,-0.025360387371124744,-0.01753617926463356,0.034303422985983496,0.02421903469859314,-0.01938031689824246,-0.01180451826077348,0.03748278147489506,0.00808066172467813,0.031728566633267376,-0.005800609467733982,0.028919499213407335,0.01516526427520795,-0.009584500692414568,0.00369036376052408
3.517022419528026,0.6564224621681248,0.8860759493670886,11.0,117.0,129.0,123.0,103.0,110.0,24.0,20.0,16.0,12.0,4.0,1.0,134.0,117.0,131.0,123.0,123.0,130.0,109.0,129.0,117.0,123.0,125.0,117.0,0.21044776119402986,0.37910447761194027,0.41044776119402987,0.2658998646820027,0.32882273342354534,0.40527740189445194,0.016381236038719285,0.005956813104988831,0.01340282948622487,0.012658227848101266,0.017870439314966492,0.010424422933730455,0.0,0.005956813104988831,0.007446016381236039,0.0029784065524944155,0.04169769173492182,0.012658227848101266,0.03350707371556218,0.0037230081906180195,0.02308265078183172,0.02531645569620253,0.017870439314966492,0.0052122114668652275,0.010424422933730455,0.005956813104988831,0.0029784065524944155,0.028294862248696945,0.004467609828741623,0.029039463886820552,0.012658227848101266,0.011169024571854059,0.027550260610573342,0.05063291139240506,0.0029784065524944155,0.03127326880119136,0.02531645569620253,0.014147431124348473,0.08786299329858525,0.006701414743112435,0.05137751303052867,0.035740878629932984,0.03648548026805659,0.06850335070737155,0.06180193596425912,0.007446016381236039,0.024571854058078928,0.016381236038719285,0.004467609828741623,0.045420699925539834,0.0014892032762472078,0.01712583767684289,0.0029784065524944155,0.008935219657483246,0.008190618019359643,0.0014892032762472078,1.0,-0.009029570543644087,0.018644280086179868,0.023077900975113995,0.010796235231919936,-0.011162798429632486,0.025240458684171838,0.01746515578463781,0.002782405501601356,0.02898697710711412,0.03032966213131613,-0.01641234043125545,-0.03440366600496994,0.01472327916062253,-0.07212279914133611,0.03031543970929011,0.042276018639731044,-0.013509003865696992,-0.020502241863111,-0.008596793899269444,0.041669792162582694,0.00753099961046141,-0.003510991620685055,0.027058400741058516,0.02991248677711858,0.02201764595017165,-0.032888672214895665,0.03895209993996838,-0.0065527218543110785,0.039765144589596534,-0.005503571255211031,0.013444789014547215,-0.01505365269047589,0.007622915540101134,-0.008925090973366353,-0.017159322084177264,-0.0042991701156323186,-0.020875871470036608,-0.02760760518041514,-0.027116672529179715,0.011375420051709294,1.0,-0.00903629898667213,0.018591950039461635,0.023473189729281387,0.010915449879928062,-0.01188566869390731,0.02421416951229795,0.01797559306307599,0.002630843297984407,0.0277214332367761,0.02962043026861936,-0.016976442459001376,-0.03785311093628182,0.01209147591393457,-0.07125031661851211,0.0301947298115981,0.0437487283415773,-0.01250859372709476,-0.021047470158711386,-0.013830139578999942,0.04701645342159951,0.01512672525690461,-0.005947145844155073,0.02631678062310188,0.032687429423737265,0.018626762333719574,-0.04398857320280573,0.04249452181640145,-0.00732700448827579,0.04011393096507731,-0.007542300903057236,0.004610971946804094,-0.016660462458162887,0.002454799576545548,-0.0024136615980221727,-0.016888626991176218,-0.008829055220602521,-0.02074913645186604,-0.02579591996750569,-0.0260430946532798,0.0019139410119950705
3.422904628052465,0.6100374060457114,0.8897989575577067,12.0,87.0,126.0,125.0,93.0,73.0,13.0,54.0,6.0,22.0,19.0,4.0,134.0,92.0,131.0,127.0,126.0,130.0,29.0,129.0,111.0,123.0,125.0,102.0,0.2192429022082019,0.38801261829652994,0.39274447949526814,0.2891832229580574,0.35835172921265634,0.3524650478292862,0.00967982129560685,0.0029784065524944155,0.008935219657483246,0.011169024571854059,0.012658227848101266,0.01563663440059568,0.0029784065524944155,0.008190618019359643,0.005956813104988831,0.004467609828741623,0.0387192851824274,0.008935219657483246,0.044676098287416234,0.004467609828741623,0.022338049143708117,0.021593447505584513,0.01340282948622487,0.0014892032762472078,0.012658227848101266,0.0014892032762472078,0.0014892032762472078,0.04393149664929263,0.0007446016381236039,0.034996276991809384,0.006701414743112435,0.00967982129560685,0.04393149664929263,0.05137751303052867,0.005956813104988831,0.03648548026805659,0.01563663440059568,0.010424422933730455,0.08413998510796723,0.004467609828741623,0.055100521221146684,0.016381236038719285,0.04318689501116903,0.0759493670886076,0.07520476545048399,0.005956813104988831,0.029039463886820552,0.014147431124348473,0.0052122114668652275,0.04616530156366344,0.004467609828741623,0.00967982129560685,0.0,0.0052122114668652275,0.00967982129560685,0.0022338049143708115,1.0,-0.04906448267868075,0.014648762917153328,0.014536863793586874,-0.05389064691191127,0.02509988027757747,-0.0011112916586289657,-0.024490239794781665,0.021495506800779232,0.013823854069494155,0.008438278251382646,-0.02496612355453905,-0.031948291461873,-0.005569903408566835,0.052061053709456774,-0.022197904083977572,0.03172455239032156,-0.03576673470894225,-0.06795683046754929,-0.013471004050444385,-0.007843901291127792,0.005701128839519324,0.041935572677866045,0.013657785369760766,0.009271959420895516,0.026275586450271345,-0.0032614579296207117,-0.004256424419767247,-0.025869283882508216,-0.04382509473048756,-0.0009273548778632556,0.02278768415297486,-0.010240455568135515,-0.001304946879729123,0.000186490549087774,-0.0038652377246590768,-0.00564616447179638,0.011454704556431992,0.0018450944905024375,-0.07449808007868979,0.011755398279688111,1.0,-0.04910104339602701,0.012289326466037693,0.015925110901669988,-0.05290077558155901,0.019724122999015648,0.0023463302089635606,-0.023870036224358068,0.016018652628837185,0.01888023658759685,0.009667630542680975,-0.028023025792328734,-0.0325670059481562,-0.007241165320061172,0.05371743187316753,-0.018926007072223278,0.02719450563080378,-0.03398951364143383,-0.06961182276160678,-0.02552405726177255,-0.0008478996910726961,0.007568139917976146,0.03649554487726378,0.01765291516973104,0.005216242767807832,0.026927157648539393,0.006474173725645905,-0.0007884267368788861,-0.028334820535088814,-0.04800216784208322,-0.016262908222665406,0.02596808415780978,-0.004456131539418656,-0.0028017289220567576,0.0056064384525084665,-0.0058612088411202105,-0.017245338708047033,0.011855887411413836,0.0051182255900096025,-0.08055641918440151,0.005031360025825141
3.4759969302308487,0.6221488598302689,0.8838421444527178,0.0,107.0,121.0,112.0,90.0,67.0,49.0,29.0,5.0,1.0,2.0,4.0,134.0,109.0,124.0,117.0,113.0,120.0,99.0,113.0,110.0,110.0,110.0,105.0,0.1635434412265758,0.3543441226575809,0.48211243611584326,0.2690615835777126,0.32991202346041054,0.4010263929618768,0.01340282948622487,0.00967982129560685,0.011169024571854059,0.01340282948622487,0.016381236038719285,0.011913626209977662,0.0014892032762472078,0.008935219657483246,0.0037230081906180195,0.0014892032762472078,0.029784065524944156,0.012658227848101266,0.0387192851824274,0.008190618019359643,0.010424422933730455,0.02531645569620253,0.022338049143708117,0.0014892032762472078,0.012658227848101266,0.005956813104988831,0.0029784065524944155,0.02308265078183172,0.0052122114668652275,0.020104244229337303,0.01340282948622487,0.008935219657483246,0.02680565897244974,0.0379746835443038,0.0037230081906180195,0.04169769173492182,0.024571854058078928,0.011169024571854059,0.09903201787043932,0.0022338049143708115,0.0573343261355175,0.027550260610573342,0.039463886820551006,0.06329113924050633,0.06552494415487714,0.008190618019359643,0.045420699925539834,0.017870439314966492,0.005956813104988831,0.055100521221146684,0.004467609828741623,0.016381236038719285,0.0014892032762472078,0.005956813104988831,0.005956813104988831,0.0,1.0,0.04774869564945194,0.02951832992739932,0.018259316822803445,-0.026462452584389326,0.04297407683571988,0.01318908715171866,0.030363371215936994,-0.0015011989413240094,0.003956724872468585,-0.0012865441049894016,0.016315395497410182,-0.0009157221623743672,0.027053676374789323,-0.005326616614234479,0.018020563103823516,0.004229047196972162,-0.0016718575561664021,0.027484580272240103,0.05391203908925056,0.04815806138404502,0.010866494912944741,0.012488067943430626,0.004879494298831135,-0.011372931591782742,0.0028142253058765407,-0.05601427953895973,-0.0002983198123325419,-0.025588571588426742,-0.02059651783889125,0.01202000750074932,0.008138783844952572,-0.008433802553908286,0.01694385621882347,0.019120887705369162,0.03226281092014345,0.02056611406933585,0.010315159743115565,0.017293749369077432,-0.021871555571852965,-0.007867945548454625,1.0,0.047784275899563335,0.02734144699720226,0.01566717066301716,-0.029014603733314336,0.04493640264317627,0.01044022898086835,0.028084033454927396,-0.00730434394321715,0.004964406917031851,-0.003740358338359943,0.01748202034138466,-0.005519756510993153,0.02701005026145969,-0.009768805713877827,0.019240727866970384,2.2329121436734575e-05,-0.0007541296723727693,0.023585116324870953,0.054421056518834575,0.039814471082572245,0.003600163321357153,0.007897903157046218,0.003943878251961714,-0.016227658971957402,-0.0016926640034701135,-0.06247859732964138,0.003145685508885193,-0.026444563828120854,-0.016946075505194964,0.010070354447481594,0.01309455712030923,-0.012490429836996374,0.020282623600081304,0.018741975305316887,0.032448157859683094,0.014770075080794998,0.008610351267252292,0.008330768791176318,-0.025200233565056223,-0.014936881305367675
3.4900915060988296,0.6171072014649802,0.8771407297096053,8.0,104.0,121.0,107.0,90.0,63.0,35.0,29.0,8.0,10.0,2.0,0.0,134.0,104.0,126.0,119.0,116.0,128.0,101.0,122.0,105.0,108.0,108.0,106.0,0.1733102253032929,0.37261698440207974,0.4540727902946274,0.2788671023965142,0.3253449527959332,0.39578794480755264,0.011913626209977662,0.007446016381236039,0.01563663440059568,0.01563663440059568,0.018615040953090096,0.010424422933730455,0.0014892032762472078,0.0037230081906180195,0.004467609828741623,0.004467609828741623,0.03350707371556218,0.011913626209977662,0.04169769173492182,0.005956813104988831,0.02680565897244974,0.01340282948622487,0.00967982129560685,0.0022338049143708115,0.0037230081906180195,0.004467609828741623,0.0037230081906180195,0.03276247207743857,0.0029784065524944155,0.03127326880119136,0.01712583767684289,0.007446016381236039,0.03127326880119136,0.044676098287416234,0.0037230081906180195,0.039463886820551006,0.01712583767684289,0.008935219657483246,0.0975428145941921,0.0037230081906180195,0.058078927773641105,0.023827252419955324,0.040208488458674606,0.058078927773641105,0.06775874906924795,0.00967982129560685,0.04095309009679821,0.018615040953090096,0.006701414743112435,0.03201787043931496,0.0052122114668652275,0.026061057334326135,0.0029784065524944155,0.011169024571854059,0.008935219657483246,0.0007446016381236039,1.0,0.01780825377309305,0.008737473876505425,0.022370060522217183,0.021604483882827975,0.03091807617779184,0.02600276643878767,0.05136512892230969,0.014795280109938658,0.030855333850390607,0.027648178998312525,0.01802079923924952,0.046278529794760624,0.014238518227166643,0.05779697035723486,0.024665805243424318,0.030884272805456827,0.05327571124600867,0.04649711152111314,0.027160049807404902,-0.00733653810974735,-0.022161069971585533,-0.029498623917651033,0.06417967469187304,0.06954592755017593,0.009697418785131778,-0.0021072316030010187,0.018519688663612588,-0.02273262177792861,0.03351786536303497,0.023430288160536102,0.038062334650814135,0.008729080864229794,0.008977775781960691,0.009540249884335498,0.02426333458431562,0.018819178151100756,-0.047177312876523714,0.006279744210924238,-0.047607895174307135,-0.03665094547628546,1.0,0.017821523708840516,0.008435577646190379,0.022123776535938486,0.020830632325659185,0.029965783655444785,0.024313243675722428,0.04955599039441277,0.011279401850122791,0.02785986044044021,0.02298962686145218,0.013243405992667214,0.04107153910725468,0.007913024991964002,0.051942973103189925,0.017557683051396693,0.023874064767464776,0.04539866810745668,0.038735814841951786,0.01637395750147715,-0.017057270278421074,-0.036187935042393704,-0.041660276527270494,0.054651501806330584,0.05871815485557821,0.001400234525183499,-0.013274190150870363,0.010947577368513517,-0.03459488033871652,0.025705134849610862,0.010384862732364506,0.02797615356613246,-0.0007251320557035257,0.00031009029328658844,0.0017508521770798512,0.01791728309595592,0.010668229662421189,-0.05792302458908832,-0.000975738204848782,-0.05509768613122114,-0.043600696386624824
3.4753889412166954,0.6190558502687504,0.8786299329858526,4.0,72.0,125.0,112.0,83.0,86.0,11.0,30.0,9.0,14.0,18.0,4.0,134.0,83.0,131.0,127.0,115.0,130.0,36.0,128.0,95.0,108.0,124.0,93.0,0.2112676056338028,0.38380281690140844,0.40492957746478875,0.3006134969325153,0.3412576687116564,0.3581288343558282,0.011169024571854059,0.006701414743112435,0.007446016381236039,0.016381236038719285,0.016381236038719285,0.010424422933730455,0.0007446016381236039,0.007446016381236039,0.0029784065524944155,0.004467609828741623,0.04690990320178704,0.006701414743112435,0.04095309009679821,0.0052122114668652275,0.023827252419955324,0.026061057334326135,0.012658227848101266,0.0022338049143708115,0.011913626209977662,0.0029784065524944155,0.0022338049143708115,0.03648548026805659,0.0029784065524944155,0.02531645569620253,0.011913626209977662,0.018615040953090096,0.03350707371556218,0.0387192851824274,0.004467609828741623,0.049143708116157855,0.026061057334326135,0.008935219657483246,0.09233060312732688,0.0029784065524944155,0.05361131794489948,0.01712583767684289,0.04393149664929263,0.05956813104988831,0.058823529411764705,0.010424422933730455,0.034996276991809384,0.0193596425912137,0.005956813104988831,0.04616530156366344,0.0029784065524944155,0.014147431124348473,0.0022338049143708115,0.006701414743112435,0.005956813104988831,0.0007446016381236039,1.0,0.0310451391664553,0.020490924921918795,0.02555120469558776,0.01576430907460765,-0.0015257014976997874,-0.01487807828520983,-0.012612961106496543,0.05898864074012822,0.015744183821747918,-0.02403972966638812,-0.010522227401749388,-0.0058541900360963885,0.026752891312612073,-0.01886300701684707,-0.009091326378162352,0.020495274964865598,-0.02348547036183642,-0.022487549677300548,-0.01568867754795724,-0.02052978824224137,0.05163450586907946,-0.04615533040083997,-0.0025053640476150455,0.055876720308994654,0.013296292181462244,0.030480841191017384,0.0034641624678696296,-0.008039886855876623,0.03715880981945491,-0.022061350128631124,0.0474499719249627,0.003624609907949646,0.011499241763789306,0.05144386192969367,-0.023610787164147766,0.010215819182399017,0.023052501854876697,-0.018386279034602545,0.00017872325532735652,-0.002525781831465388,1.0,0.031068272653166532,0.019575142682905205,0.024408059753236313,0.01392589041377593,-0.0034078801710844047,-0.016026663682531767,-0.012432329451465055,0.06073534537748897,0.013687955963680635,-0.02654634581434335,-0.012517522015820261,-0.00705382667090228,0.028891588318304885,-0.017395994968075895,-0.006814213994299753,0.016785421437159068,-0.027544861973646133,-0.01879006481043104,-0.011694307172852043,-0.01783812600505207,0.05226312655138783,-0.04757583613889813,0.001799906550744533,0.05391276571830425,0.011828492389027155,0.032439329868047186,0.0009903000628742914,-0.010753827404152752,0.02838947539538389,-0.020076270429948303,0.056346668874172626,-0.007432716513350918,0.007891251801902432,0.04642265614898351,-0.026508933502605057,0.014056209882210936,0.012994585596085129,-0.014923442218291137,-0.0021766922954277075,-0.007210740770135902
3.4585343485389917,0.609696829718037,0.885331347728965,14.0,94.0,116.0,105.0,77.0,79.0,12.0,40.0,13.0,13.0,23.0,0.0,133.0,99.0,124.0,122.0,113.0,124.0,33.0,128.0,105.0,99.0,119.0,81.0,0.22696245733788395,0.35494880546075086,0.4180887372013652,0.30078125,0.34296875,0.35625,0.010424422933730455,0.0052122114668652275,0.011913626209977662,0.014147431124348473,0.017870439314966492,0.014147431124348473,0.0014892032762472078,0.008190618019359643,0.0052122114668652275,0.0014892032762472078,0.0379746835443038,0.008190618019359643,0.045420699925539834,0.004467609828741623,0.018615040953090096,0.02531645569620253,0.014892032762472078,0.0022338049143708115,0.011169024571854059,0.005956813104988831,0.0037230081906180195,0.03201787043931496,0.0007446016381236039,0.03350707371556218,0.007446016381236039,0.012658227848101266,0.04765450483991065,0.044676098287416234,0.0029784065524944155,0.04393149664929263,0.018615040953090096,0.011169024571854059,0.09456440804169769,0.0052122114668652275,0.06031273268801191,0.01563663440059568,0.03723008190618019,0.05658972449739389,0.06403574087862993,0.008190618019359643,0.03350707371556218,0.011913626209977662,0.005956813104988831,0.049143708116157855,0.0014892032762472078,0.014147431124348473,0.0022338049143708115,0.008935219657483246,0.006701414743112435,0.0007446016381236039,1.0,-0.05453510520247794,0.02280500145654265,-0.0317899014787106,-0.005909633259265125,0.03544746958771971,0.06208073949023699,0.008298740490173071,0.07534737862031922,-0.050656972776056824,-0.01015482864687736,0.007401104246063607,0.00019922698341497336,-0.01611804816565112,-0.028728440322657596,-0.0514654455005431,0.036735652415991984,-0.0050151662725413226,-0.00941538673004991,-0.01328654928063131,-0.053249330243357776,-0.0071324070487792405,-0.00702059084662898,-0.013806519134176213,0.07207692888038567,-0.01457508884580704,0.00411541417621411,-0.03622686384919263,0.004333795275380046,-0.02322247008330859,-0.01026103961105775,0.016019642208528147,0.016747086838259588,0.002189423321162507,0.020265555314962217,-0.008645081182294954,0.006348544199246915,-0.031582634130461223,0.012235965738701025,-0.03460251563426765,0.02496986661410791,1.0,-0.05457574238966312,0.019919833188090444,-0.02965235719632731,-0.009690887036207158,0.03617166248912011,0.06589654342899436,0.01343517223860086,0.07726467173723013,-0.039018755459334906,-0.018164942846815406,0.0076459411918640575,-0.0053562936075845086,-0.026178331581373483,-0.03775058949090639,-0.05121162910305948,0.02862870482537269,0.004813913607283283,-0.012463393660686115,-0.010412238229337116,-0.04577953017346019,-0.0050846642053440465,-0.006157026765872242,-0.014177006817067508,0.06512471643264878,0.0005455877389901663,0.010266949867165776,-0.030657876695170554,0.005854709218077672,-0.031485809435137985,-0.025062904786312276,0.018166497882320422,0.006246826899098703,0.008111217540151195,0.021962890916793522,-0.0016946190188189166,0.006017348914583779,-0.029360263618849053,0.009249095069744523,-0.03657566353387915,0.008610630193233736
3.506002139101667,0.6430499543455401,0.885331347728965,7.0,117.0,124.0,118.0,118.0,88.0,32.0,25.0,16.0,20.0,9.0,6.0,134.0,122.0,127.0,123.0,125.0,129.0,115.0,127.0,123.0,117.0,122.0,113.0,0.17647058823529413,0.4,0.4235294117647059,0.2640487474610697,0.33039945836154366,0.40555179417738657,0.02084884586746091,0.00967982129560685,0.014147431124348473,0.00967982129560685,0.016381236038719285,0.01712583767684289,0.0022338049143708115,0.00967982129560685,0.0037230081906180195,0.0029784065524944155,0.03276247207743857,0.01340282948622487,0.034996276991809384,0.008935219657483246,0.01712583767684289,0.03350707371556218,0.021593447505584513,0.0037230081906180195,0.005956813104988831,0.004467609828741623,0.0007446016381236039,0.027550260610573342,0.0014892032762472078,0.02531645569620253,0.008935219657483246,0.018615040953090096,0.02680565897244974,0.03723008190618019,0.0037230081906180195,0.03648548026805659,0.035740878629932984,0.011169024571854059,0.0975428145941921,0.0,0.05286671630677588,0.022338049143708117,0.027550260610573342,0.06999255398361877,0.06254653760238273,0.004467609828741623,0.03723008190618019,0.018615040953090096,0.007446016381236039,0.03127326880119136,0.004467609828741623,0.021593447505584513,0.0029784065524944155,0.01563663440059568,0.005956813104988831,0.0007446016381236039,1.0,0.011085992193093268,0.008283300930680765,-0.008904822283795865,0.005997193711643706,-0.011216736230306125,0.01966591475681069,-0.024650856485354707,-0.01746440301438638,-0.03235199218565036,0.010248277395536956,-0.0073057608124850815,-0.005090692016002296,0.046444479839864425,-0.045372260135404144,-0.04963200898022603,0.012289630834986279,0.040398657131749206,0.04784030501497463,0.0011921539551919395,-0.026930199214919393,0.041892151450307606,0.014704516968579726,0.025259768010227855,0.01368952736550156,-0.008996646017599409,-0.0007859593863125246,0.0006733100584541906,-0.02333035632501543,0.022366801316158532,-0.006962399267435104,-0.020189987351395627,-0.029221722293501444,-0.05245105705477154,-0.019385194997502613,0.025242554009374335,-0.030967683277448765,-0.02312358370492483,0.006514702476930994,-0.03729884479050711,-5.409851702612212e-05,1.0,0.011094252992044883,0.008173578421659042,-0.009108449572751743,0.006148070020055683,-0.011247813381955745,0.019831800449942174,-0.02495319056585135,-0.017576057929789293,-0.03132990130051975,0.010545959071387143,-0.006685162312658641,-0.006448691278055703,0.04840441995163549,-0.04796924732461807,-0.049463531147656954,0.012965754717636366,0.040030794910617826,0.047806184965581575,-0.0026794434095742843,-0.025890098462145995,0.045163529611409736,0.01370014308707236,0.01881927629228094,0.013449561062390517,-0.005484580447150012,0.0016157956161805226,0.004279808834223078,-0.020847004439333603,0.019253707226204866,-0.007700366346828962,-0.02039205346567117,-0.019289970859899374,-0.04768714320914167,-0.027244177139054495,0.022694357119015563,-0.030999319994330917,-0.021919339671533734,0.011511869872740232,-0.04738218297922745,-0.0070698450466073525
3.5145586273675895,0.6284188244151507,0.885331347728965,2.0,107.0,112.0,113.0,85.0,87.0,46.0,49.0,20.0,6.0,2.0,2.0,134.0,106.0,116.0,117.0,106.0,122.0,101.0,123.0,106.0,107.0,127.0,105.0,0.21870047543581617,0.3549920760697306,0.42630744849445323,0.27664233576642333,0.3182481751824818,0.4051094890510949,0.020104244229337303,0.0052122114668652275,0.012658227848101266,0.01712583767684289,0.017870439314966492,0.021593447505584513,0.0,0.006701414743112435,0.004467609828741623,0.006701414743112435,0.03201787043931496,0.01340282948622487,0.026061057334326135,0.005956813104988831,0.01712583767684289,0.022338049143708117,0.017870439314966492,0.0029784065524944155,0.007446016381236039,0.0052122114668652275,0.0037230081906180195,0.021593447505584513,0.0007446016381236039,0.02680565897244974,0.00967982129560685,0.00967982129560685,0.029039463886820552,0.03723008190618019,0.006701414743112435,0.03276247207743857,0.023827252419955324,0.00967982129560685,0.0975428145941921,0.0029784065524944155,0.07297096053611318,0.02531645569620253,0.040208488458674606,0.06478034251675353,0.04988830975428146,0.008935219657483246,0.0379746835443038,0.0193596425912137,0.008190618019359643,0.05063291139240506,0.0037230081906180195,0.01712583767684289,0.0052122114668652275,0.011169024571854059,0.007446016381236039,0.0022338049143708115,1.0,0.029161018154608552,0.016696347551695703,0.03345461452380216,0.034962783989440416,-0.01086715717989397,0.032201292124154964,0.05327294351084584,0.036167277066300456,-0.019606420104863374,0.018982955358333074,0.0447199792037008,0.004988732672964956,0.03687846046487693,0.042463969106678864,0.002287284630479304,0.018725497928796252,0.036242901136733924,0.0370372866116632,-0.0437688630939474,0.011004851238751157,0.030786010530966464,0.052962874545884386,-0.05385526977219323,0.07103749291569772,0.035463697745666635,0.042607102670817465,-0.026454183959525007,0.06235584927096912,-0.017143278617698026,0.037380554635102925,-0.04522876907495115,0.00980194035917815,-0.03430653356167997,-0.02174651836673341,0.02012834126331349,0.03219858541924991,0.0006658264446733197,0.05390029267763152,0.04368303165478929,0.016886785354221383,1.0,0.02918274767633328,0.015883142733099667,0.0326217821138755,0.03299122788687428,-0.013881415897289614,0.031009052102832876,0.050172515534299515,0.032497288216687126,-0.0243728090908185,0.013885789961575589,0.04056609337141889,0.0019551534478470297,0.034289689674579925,0.03246397557192724,-0.005115846757522633,0.017266755081695458,0.029499229014927495,0.028769148802539408,-0.05190815542594747,0.005673305038876131,0.022546248538469107,0.05139105320204767,-0.05896820626530438,0.06140606606680737,0.02600423819936273,0.044006304833794925,-0.03284131383005632,0.046237018282872126,-0.02843822201796338,0.039929660826697966,-0.05820913750692585,-0.002814968333272531,-0.03886375750571595,-0.02197960605562502,0.014120762531058616,0.029794234722451428,0.0015526012117562224,0.045939754636511905,0.03616007843422745,0.0179166239441794
3.5086563866307356,0.6427127257648011,0.8897989575577067,3.0,110.0,122.0,112.0,94.0,75.0,30.0,32.0,11.0,27.0,5.0,5.0,134.0,111.0,129.0,115.0,118.0,118.0,109.0,119.0,109.0,113.0,113.0,112.0,0.1757188498402556,0.38977635782747605,0.43450479233226835,0.265,0.325,0.41,0.012658227848101266,0.008190618019359643,0.011913626209977662,0.014147431124348473,0.014892032762472078,0.01712583767684289,0.0,0.007446016381236039,0.00967982129560685,0.0037230081906180195,0.0387192851824274,0.014892032762472078,0.03276247207743857,0.006701414743112435,0.01712583767684289,0.02680565897244974,0.024571854058078928,0.0029784065524944155,0.00967982129560685,0.004467609828741623,0.0029784065524944155,0.01712583767684289,0.005956813104988831,0.027550260610573342,0.012658227848101266,0.011169024571854059,0.023827252419955324,0.04765450483991065,0.0052122114668652275,0.0379746835443038,0.0193596425912137,0.014147431124348473,0.10126582278481013,0.0022338049143708115,0.04839910647803425,0.026061057334326135,0.03648548026805659,0.06552494415487714,0.07073715562174236,0.00967982129560685,0.035740878629932984,0.014147431124348473,0.007446016381236039,0.04169769173492182,0.0037230081906180195,0.01563663440059568,0.0029784065524944155,0.005956813104988831,0.006701414743112435,0.0014892032762472078,1.0,-0.0034452195493999854,0.007974992582732304,-0.021733478003813946,0.031034292507950135,0.0226570166143146,0.019309158882040586,0.03621125146996481,-0.011612104850010433,-0.0025402512714989586,-0.003855158544183728,0.02510239138320664,0.02388837232332487,-0.004069323023725394,0.050666645452929995,-0.017399466129282712,0.06382378091280468,-0.006963364166685992,0.0003506159767392505,-0.03485247852122153,-0.00701230868464871,-0.041673055635278226,1.2902950821067106e-05,0.01956275870661701,-0.021052623660860446,0.012461522873955654,0.03896530982689635,-0.010830793962435975,-0.002208853987230408,-0.025639247540041456,0.037398231702034004,-0.018581417501296386,-0.05229723267708792,-0.031714463844523866,0.018933243640106498,0.02777573620605509,-0.046225202438232645,0.002913189534933364,0.021587609239796048,0.028075323093127248,0.038931893091157535,1.0,-0.0034477867770821087,0.007975094248692562,-0.021728961437169868,0.030935195499801452,0.02330305385660129,0.018612627430602505,0.03760635697442211,-0.011684377394884721,-0.0038070428363384035,-0.0038471800414061528,0.02168900240882505,0.02299453637095429,-0.005116121721082698,0.0515844859143388,-0.016532419985283833,0.06176899057349338,-0.005692373270791102,-0.006849404308523154,-0.03503101149630494,-0.011855573898029445,-0.0478729529400645,-0.0016233454081092328,0.01700784588620814,-0.01926294365668189,0.01550737105461791,0.0453492006735843,-0.013378084652860415,-0.00426148943414381,-0.024208134885369752,0.02860289615848051,-0.015029179895918076,-0.059621969799324964,-0.026214334596406173,0.01957361735185491,0.03742843777760107,-0.04489938630255819,0.006260476647949559,0.02910880717136465,0.02557519378957019,0.039349958659120846
3.4788208441205843,0.6017762908277648,0.877885331347729,2.0,108.0,124.0,116.0,86.0,90.0,39.0,43.0,10.0,12.0,17.0,4.0,134.0,111.0,131.0,125.0,116.0,130.0,107.0,125.0,112.0,112.0,123.0,109.0,0.2073732718894009,0.34408602150537637,0.4485407066052227,0.2710801393728223,0.3240418118466899,0.40487804878048783,0.011169024571854059,0.004467609828741623,0.012658227848101266,0.01340282948622487,0.018615040953090096,0.014147431124348473,0.0037230081906180195,0.007446016381236039,0.0014892032762472078,0.0014892032762472078,0.035740878629932984,0.01340282948622487,0.0387192851824274,0.0037230081906180195,0.021593447505584513,0.027550260610573342,0.014892032762472078,0.0029784065524944155,0.011169024571854059,0.005956813104988831,0.0014892032762472078,0.026061057334326135,0.0029784065524944155,0.028294862248696945,0.01340282948622487,0.010424422933730455,0.029039463886820552,0.039463886820551006,0.005956813104988831,0.03127326880119136,0.022338049143708117,0.014147431124348473,0.10871183916604617,0.0022338049143708115,0.04988830975428146,0.026061057334326135,0.039463886820551006,0.058823529411764705,0.06775874906924795,0.004467609828741623,0.040208488458674606,0.01712583767684289,0.00967982129560685,0.049143708116157855,0.0022338049143708115,0.014892032762472078,0.0022338049143708115,0.008190618019359643,0.007446016381236039,0.0022338049143708115,1.0,0.04194114201314318,-0.034179537046792344,-0.019424276433068547,-0.011527959147615558,-0.021488674741348548,0.039338386609209984,-0.01644849967347948,-0.005623162777285111,0.0035531584744128977,-0.045353099466376376,-0.04007616677243097,0.06063564867709399,0.023030451522089303,-0.010722970491910436,0.02418972972587865,0.02250435036995284,0.02788051617440747,0.035755126890551533,0.003864272638370145,0.02011561750893417,0.02367839329477702,-0.02480296832883091,-0.02858405243846151,-0.012019494305857983,0.034481788669111904,0.01935575948951155,-0.019286983348136867,-0.03897004947170847,-0.00669533331749754,0.0033277381383635483,0.030438640366127374,-0.017371123267208934,-0.02153420481232955,-0.03612781178637738,0.014605208293061188,0.005200872503011397,0.02408190865929165,0.05362461487571842,-0.005089320212724792,-0.02067600966126612,1.0,0.04197239472701287,-0.03605571385755988,-0.01651641019521102,-0.01128138922338814,-0.02192202594142246,0.040411141621248356,-0.02200400525558117,-0.00210326095406106,0.0035585627698051913,-0.04695014945288414,-0.03504038503335613,0.059322622643015646,0.015271682260029179,-0.01070787499633249,0.02598006763541453,0.023945855436957725,0.03216775069739726,0.030674392088728616,0.004836315404786867,0.025907435865166185,0.019583272235696912,-0.02102576563347173,-0.01818853562149811,-0.014963423292396664,0.03570194788095702,0.019109932114446296,-0.020818432149551046,-0.0334716322622967,-0.004426592496871236,-0.0006230095246960518,0.028339074790343685,-0.02723880443924128,-0.028519915004115524,-0.03767491807031513,0.018081999231946214,0.00418067584450213,0.015188307496800058,0.04730356023563736,-0.007494873665729003,-0.008446991357775482
3.4724519367608053,0.6269901978082413,0.8793745346239762,3.0,107.0,119.0,122.0,96.0,85.0,23.0,52.0,20.0,8.0,6.0,0.0,134.0,109.0,127.0,124.0,115.0,128.0,107.0,125.0,110.0,112.0,123.0,106.0,0.21840873634945399,0.3837753510140406,0.39781591263650545,0.27253521126760566,0.3246478873239437,0.4028169014084507,0.014892032762472078,0.008190618019359643,0.011169024571854059,0.014892032762472078,0.0193596425912137,0.007446016381236039,0.0,0.012658227848101266,0.0022338049143708115,0.0037230081906180195,0.04095309009679821,0.01563663440059568,0.027550260610573342,0.005956813104988831,0.01712583767684289,0.020104244229337303,0.018615040953090096,0.0022338049143708115,0.005956813104988831,0.004467609828741623,0.0022338049143708115,0.023827252419955324,0.0022338049143708115,0.026061057334326135,0.01340282948622487,0.01340282948622487,0.026061057334326135,0.040208488458674606,0.0029784065524944155,0.040208488458674606,0.017870439314966492,0.010424422933730455,0.10201042442293373,0.0052122114668652275,0.05584512285927029,0.026061057334326135,0.04616530156366344,0.05212211466865227,0.0759493670886076,0.005956813104988831,0.0379746835443038,0.014147431124348473,0.007446016381236039,0.054355919583023084,0.0037230081906180195,0.01712583767684289,0.0037230081906180195,0.00967982129560685,0.010424422933730455,0.03648548026805659,1.0,0.024437892484971472,0.005195777715252219,0.07722385237362805,0.0021547504724274036,0.035401624843819396,0.015592356237777194,-0.016852111778199678,0.02266860154924147,-0.027415322046454804,-0.012307982287343863,0.02499369751361103,0.027977600720534696,-0.015200809999214025,-0.006797964154292123,0.06171310344894102,0.012698056318332866,0.0035739525301825585,-0.0067456858667234,-0.06009383916304034,-0.0181795882462533,-0.011786958816680604,0.017405110125148508,0.00251479147289417,0.020521503418154268,-0.014065481574965495,0.004325429915450801,0.035537556007144616,-0.004377137147032324,0.05661163428465505,0.008892318603099606,-0.008484415711645169,0.0005319798319963187,-0.018800151605158084,-0.03440699780884588,-0.04410162897407742,-0.034217402724870505,0.01209824697089247,-0.04027129961776661,0.017723804250654496,0.04836021313160276,1.0,0.024456102538984118,0.004608182031106955,0.07720518685912672,-0.0016082905631554373,0.0351388375561797,0.008048753890613844,-0.01781004465844445,0.018322567595594783,-0.030638398389167668,-0.009665502101938011,0.022032154123494182,0.03288067310876147,-0.01628644823854073,-0.00865060355440569,0.06108096708395067,0.009522893131201799,0.002133251377231931,-0.01587926397489467,-0.06268849953604824,-0.02082317894200162,-0.008991144777375393,0.0294555563686958,0.0010772389999380112,0.030750403427802213,-0.013151058807694887,0.0018855030854558312,0.02854456706112771,-0.0076759934528426626,0.0571793634475643,-0.0006537436479261927,-0.003861306801770167,-0.012755349284954483,-0.019636542375821412,-0.03104331536228961,-0.044426195954532316,-0.023719381566525644,0.01546591313442713,-0.03794474977141514,0.022799030680658038,0.050434931871651115
3.499030260936114,0.6431564978815005,0.8771407297096053,4.0,101.0,121.0,120.0,63.0,95.0,12.0,38.0,12.0,4.0,18.0,2.0,134.0,103.0,126.0,125.0,111.0,129.0,93.0,122.0,105.0,109.0,121.0,103.0,0.23220338983050848,0.33728813559322035,0.43050847457627117,0.278783490224475,0.3258508327299059,0.3953656770456191,0.011913626209977662,0.007446016381236039,0.00967982129560685,0.00967982129560685,0.0193596425912137,0.014147431124348473,0.0029784065524944155,0.005956813104988831,0.0029784065524944155,0.004467609828741623,0.028294862248696945,0.012658227848101266,0.049143708116157855,0.0052122114668652275,0.01563663440059568,0.02084884586746091,0.017870439314966492,0.0052122114668652275,0.007446016381236039,0.0022338049143708115,0.0052122114668652275,0.027550260610573342,0.0052122114668652275,0.024571854058078928,0.01340282948622487,0.012658227848101266,0.03201787043931496,0.04393149664929263,0.007446016381236039,0.029784065524944156,0.0193596425912137,0.0052122114668652275,0.08711839166046165,0.0029784065524944155,0.04765450483991065,0.029039463886820552,0.035740878629932984,0.0573343261355175,0.08637379002233805,0.008190618019359643,0.04169769173492182,0.018615040953090096,0.008190618019359643,0.05361131794489948,0.0007446016381236039,0.01340282948622487,0.0037230081906180195,0.008935219657483246,0.014892032762472078,0.0022338049143708115,1.0,0.03711834091082991,0.010283794221594485,0.019727633417018414,0.014437615807998629,0.02417414614866025,0.017066972437696334,0.03907901944230176,-0.003519342391517887,0.04557993504929079,0.034593544298627474,0.0331350084736299,0.03790365162265618,0.030832572912509126,0.015483537169197566,-0.033952351212571785,0.026139513223825853,-0.008165269129516765,-0.04058514705547823,0.010716487026402157,-0.016490496764614036,0.07455566435533202,0.010880170516937964,0.04025478082819263,0.05677926452614883,0.0009744719620563417,0.043243829863574036,-0.013820509751653881,-0.03813218436116378,-0.019033876941593475,0.0157752007769476,-0.0026062234649753178,0.027114684428373795,0.030323278157370678,0.008154482570896222,0.0002997798614026517,0.023883516540897792,-0.04001324424734106,0.04175415319020017,-0.013918001732983971,-0.01283278449475658,1.0,0.03714599988319268,0.008931630504781823,0.019088730654048175,0.012986090396060945,0.02294848490253761,0.014851713146016602,0.03730719741826248,-0.00762597375225658,0.0446549173889962,0.029538152512216444,0.029268814559921492,0.032511885404844405,0.025625908093011053,0.008519433122246418,-0.039722193012391556,0.021717487416329312,-0.014784924775999636,-0.04616523931714065,0.0076882398354425445,-0.02147848385042711,0.07392217610664091,0.003954229662382779,0.0360117915809566,0.05611954702446979,-0.0037297019875584987,0.040245052505974904,-0.015917449922407532,-0.04485950194267027,-0.01731775904773065,0.007848900135432369,-0.007287577807631968,0.02231372204210754,0.015100639873124377,0.004128500701039027,-0.011883726536404588,0.023133161238359234,-0.051176750783524086,0.04965293071577267,-0.010605581276600542,-0.013111037526212755
3.4812230911512354,0.6185127089840102,0.885331347728965,1.0,101.0,126.0,118.0,68.0,74.0,30.0,46.0,13.0,24.0,6.0,4.0,134.0,105.0,129.0,125.0,118.0,130.0,93.0,124.0,107.0,108.0,113.0,102.0,0.19803600654664485,0.3649754500818331,0.4369885433715221,0.27953890489913547,0.329971181556196,0.3904899135446686,0.01563663440059568,0.011913626209977662,0.014147431124348473,0.010424422933730455,0.011169024571854059,0.01340282948622487,0.0,0.007446016381236039,0.007446016381236039,0.0022338049143708115,0.04244229337304542,0.008935219657483246,0.03723008190618019,0.005956813104988831,0.0193596425912137,0.022338049143708117,0.020104244229337303,0.0014892032762472078,0.007446016381236039,0.004467609828741623,0.004467609828741623,0.023827252419955324,0.0007446016381236039,0.02084884586746091,0.00967982129560685,0.008190618019359643,0.026061057334326135,0.040208488458674606,0.005956813104988831,0.03052866716306776,0.02308265078183172,0.011913626209977662,0.10126582278481013,0.0029784065524944155,0.05658972449739389,0.023827252419955324,0.0387192851824274,0.0573343261355175,0.07073715562174236,0.01340282948622487,0.05212211466865227,0.018615040953090096,0.008190618019359643,0.045420699925539834,0.0037230081906180195,0.01340282948622487,0.0014892032762472078,0.014147431124348473,0.008190618019359643,0.0007446016381236039,1.0,0.049018563281572676,0.04364766922477574,0.0632812101832918,0.07117108502508505,0.058994499853695814,0.014388372058285368,0.029502853213142333,0.01635489879270163,0.025414055990234618,0.034534999253391124,0.0025121840906765485,0.03978109478909337,0.033058908740539086,0.048651695988016226,0.04505944340048708,0.026897175563991998,-0.01802966539942782,-0.018392852502149993,0.005645359081684822,-0.019218177411923925,0.03385668626146841,-0.026742387505365957,0.009057402802374132,-0.021050462530555557,0.010025839064583635,0.08134321773938236,0.020418912440767694,-0.006341570615717314,-0.03035521019528369,0.011928581273602783,-0.008081764608867557,-0.012616837405233419,-0.016956880659103977,-0.02821258819989162,0.01124773770094469,-0.011323128374166441,-0.020826927366870758,0.020942835152785905,-0.013467685217487688,-0.009496410341524491,1.0,0.04905508978178251,0.04140600407035588,0.059581444815018425,0.06444060061163928,0.04895401250940671,0.0012506120948635264,0.01731648110266766,0.0034087794875744294,0.01544326410836363,0.026523178794744993,-0.006033076943166897,0.03284491811059204,0.02405235550921163,0.03909317812419604,0.033882200339911205,0.013379274997711665,-0.03615992385458664,-0.03212373333377855,-0.005027220126586434,-0.024537308822872427,0.0376269092241747,-0.02792738813156885,0.01065465353253252,-0.025417569593402762,0.009594223409857858,0.08178269567566585,0.017314674392509638,-0.01752982081317141,-0.04267039288095947,0.002028659966228298,-0.014346296115085871,-0.0019305132237766687,-0.012875255414639413,-0.02280375995549621,0.011724090085985564,-0.009318582438656362,-0.014777886627441087,0.028148938442892676,-0.01517606596145198,-0.017564388492129244
3.4770675075575213,0.6268820079435735,0.8763961280714817,1.0,115.0,119.0,117.0,92.0,76.0,41.0,31.0,23.0,9.0,1.0,0.0,134.0,115.0,124.0,121.0,115.0,130.0,109.0,117.0,112.0,113.0,119.0,113.0,0.1728,0.3856,0.4416,0.2679324894514768,0.3241912798874824,0.4078762306610408,0.012658227848101266,0.007446016381236039,0.011169024571854059,0.012658227848101266,0.00967982129560685,0.014892032762472078,0.0029784065524944155,0.007446016381236039,0.007446016381236039,0.0022338049143708115,0.045420699925539834,0.010424422933730455,0.03723008190618019,0.005956813104988831,0.022338049143708117,0.02680565897244974,0.0193596425912137,0.0014892032762472078,0.010424422933730455,0.005956813104988831,0.0022338049143708115,0.021593447505584513,0.0007446016381236039,0.024571854058078928,0.0193596425912137,0.011169024571854059,0.0193596425912137,0.04244229337304542,0.004467609828741623,0.034996276991809384,0.028294862248696945,0.00967982129560685,0.114668652271035,0.0029784065524944155,0.04988830975428146,0.02680565897244974,0.0387192851824274,0.05286671630677588,0.0759493670886076,0.005956813104988831,0.03276247207743857,0.01563663440059568,0.008190618019359643,0.039463886820551006,0.0029784065524944155,0.01712583767684289,0.0037230081906180195,0.00967982129560685,0.008935219657483246,0.0007446016381236039,1.0,-0.03262680917637929,0.014413046683905282,-0.0010334065853545042,-0.008615456037836592,0.037642951862641015,-0.004350877700245138,-0.008965374757900909,-0.03972973655146348,-0.01010663621606581,0.015454509372577549,0.01030624174716933,0.003962262480825288,-0.01420562505806299,0.02492671802384516,-0.0005273221397121384,0.0013611816532167903,0.009349571219853149,0.0066268246902029485,0.007005275409932215,-0.008517806445130035,-0.02187234483904245,-0.010620302099610205,-0.023793870198355882,0.05183504813996787,-0.010570341144638059,0.01121697883874604,0.007534283662181191,0.02773805589766178,-0.03302178709749335,0.023786571147869775,0.01579329043461527,0.00458083717292116,0.008539650615027027,-0.035286834184638446,-0.016443179365950276,0.02668621667084389,-0.04721217493473228,0.042790603497250196,-0.07825406373177823,0.005704372041747719,1.0,-0.032651121254752155,0.01338271418722758,-0.0001339296255388121,-0.008883099692517804,0.037284615341902715,-0.0017263719054249147,-0.010299119438170991,-0.040604860377426485,-0.011926542687408772,0.014592925977183273,0.011771514186905767,0.004404407389358809,-0.011667523731154927,0.025044485167322945,-0.00037472955184167427,-0.0019289076402403261,0.00847943883907902,0.010065342975955249,0.0068185468688759625,-0.008274611786132025,-0.02373360103493473,-0.011173502280156367,-0.024030220949748392,0.05097587094301309,-0.005984085167225393,0.011714149437240017,0.00992232714914461,0.029202312486269533,-0.03941972940091132,0.020836344382398526,0.01753130935172788,0.009355745106501437,0.007320812476298591,-0.03339225047315848,-0.019860319068363903,0.02760610891577998,-0.04701572184718652,0.03805246456597749,-0.07202370853062241,0.004249970723993479
3.486515538348219,0.5996024019611919,0.8845867460908414,1.0,102.0,122.0,107.0,81.0,85.0,35.0,55.0,10.0,9.0,5.0,0.0,134.0,102.0,129.0,123.0,120.0,129.0,97.0,126.0,105.0,106.0,117.0,99.0,0.23039215686274508,0.3382352941176471,0.43137254901960786,0.28046142754145637,0.32732516222062,0.39221341023792355,0.022338049143708117,0.010424422933730455,0.016381236038719285,0.011169024571854059,0.016381236038719285,0.014892032762472078,0.0,0.008935219657483246,0.006701414743112435,0.004467609828741623,0.0387192851824274,0.011169024571854059,0.03648548026805659,0.006701414743112435,0.01563663440059568,0.021593447505584513,0.014892032762472078,0.004467609828741623,0.010424422933730455,0.0022338049143708115,0.0007446016381236039,0.02308265078183172,0.004467609828741623,0.026061057334326135,0.01340282948622487,0.00967982129560685,0.03127326880119136,0.045420699925539834,0.0029784065524944155,0.03425167535368578,0.02531645569620253,0.011169024571854059,0.09828741623231571,0.0029784065524944155,0.04393149664929263,0.022338049143708117,0.029039463886820552,0.05658972449739389,0.07446016381236038,0.0052122114668652275,0.04839910647803425,0.007446016381236039,0.011169024571854059,0.058078927773641105,0.0022338049143708115,0.014892032762472078,0.0022338049143708115,0.011913626209977662,0.007446016381236039,0.0014892032762472078,1.0,0.05122747736858724,0.016794287262295152,0.089694439259854,0.03154767823195433,0.014194803004911615,0.05357176520181264,0.05181818622591314,0.03540216317744332,0.02853699718994845,-0.007392260238332032,0.02764585118094431,0.012688510334441044,0.059778306729470536,0.016188506948155462,0.018621256924778826,0.046059162735359614,0.022934403560436887,-0.02436641359681947,0.011498192912560235,-0.024851812746244678,-0.02582522578710588,0.021156721635101083,0.07552492766901775,0.020707713824026253,0.0540598036532538,-0.03498732072961871,-0.042730469162386236,0.04191618219191194,0.030870176712555604,0.02499178860189068,0.03137747080705241,0.061162499633891226,0.0028734385352248196,0.03336357911943781,0.026067821730577326,0.007092858201016838,-0.0025509686628363377,0.0056115005250348265,-0.002333858816407888,0.022231686703076292,1.0,0.05126564985544909,0.01422856285277478,0.08856647651393205,0.022750118404844647,0.009363089879227585,0.04466052295614062,0.04301655968941123,0.028007282420918267,0.01633136618797392,-0.02082654807111035,0.020568200052876684,0.002619228778195673,0.05669406612623028,0.0024870482668438785,0.010456574568031582,0.03407886383146134,0.013729082709644654,-0.03307168601879584,0.0002639194016340192,-0.03866040573124857,-0.02534052763509022,0.016552875084541244,0.07826649287581879,0.016304030242874492,0.05166191719487755,-0.054302045160447295,-0.044943434691158794,0.035545294368326326,0.026187070900021422,0.019920829653874685,0.018420680095827615,0.051621120464022584,0.002578912399363566,0.032720708368723844,0.012979701224933549,-0.014895552856562801,-0.017272201797088844,-0.014120542021491472,-0.014112820303461287,0.02029905904710417
3.494605672958995,0.6440756033812168,0.8801191362620998,13.0,109.0,124.0,119.0,88.0,88.0,31.0,41.0,11.0,22.0,2.0,1.0,134.0,111.0,129.0,119.0,121.0,130.0,95.0,127.0,113.0,123.0,121.0,115.0,0.21879815100154082,0.3697996918335901,0.41140215716486905,0.2719054242002782,0.33101529902642557,0.39707927677329624,0.016381236038719285,0.008935219657483246,0.014892032762472078,0.01712583767684289,0.014892032762472078,0.014147431124348473,0.0022338049143708115,0.008190618019359643,0.0029784065524944155,0.006701414743112435,0.035740878629932984,0.010424422933730455,0.034996276991809384,0.008190618019359643,0.0193596425912137,0.024571854058078928,0.018615040953090096,0.0029784065524944155,0.004467609828741623,0.0007446016381236039,0.0022338049143708115,0.021593447505584513,0.0029784065524944155,0.026061057334326135,0.012658227848101266,0.01340282948622487,0.03052866716306776,0.04988830975428146,0.0037230081906180195,0.034996276991809384,0.020104244229337303,0.008935219657483246,0.09903201787043932,0.0022338049143708115,0.049143708116157855,0.01712583767684289,0.04318689501116903,0.05658972449739389,0.06924795234549516,0.00967982129560685,0.027550260610573342,0.014892032762472078,0.005956813104988831,0.06180193596425912,0.0022338049143708115,0.0193596425912137,0.0037230081906180195,0.014147431124348473,0.007446016381236039,0.0029784065524944155,1.0,-0.010487866197060457,-0.036303656504783954,-0.04245820433227053,0.01701828541089284,-0.008907339419249065,-0.020150115302080135,0.007938775182225632,-0.0029960741463583634,-0.007612935830586273,-0.0008039938710989576,0.01061181295909342,-0.019281118910602447,0.03491968080542861,-0.02402025653334686,0.010455019538202336,-0.024834202752339295,0.033094737555230465,0.007065384050306081,0.0004734419317214279,0.011881467908809633,0.027544369938577253,-0.02027325663916124,-0.014510958257031553,0.0015361396638107197,0.03467268176187306,-0.013237364374336156,0.04424255563289734,0.040865407370852126,-0.005370606611103306,-0.023012027876268815,0.013864821238185993,-0.011077810222391503,0.03677731615923826,-0.022641406779748338,0.02263391409367009,0.01710507983761145,-0.03091299000429372,0.021898681274745663,0.026978901585560877,0.001723547735823047,1.0,-0.010495681298548566,-0.03647197771504572,-0.04339407278165204,0.014789316078057124,-0.011745067334016491,-0.02124032345540689,0.008137796624697394,-0.005505549242061143,-0.008690387455993143,-6.402466818755823e-05,0.00907896727972389,-0.02019573303680509,0.036155853896335896,-0.02458481916397316,0.010395556528417612,-0.022802115029486904,0.030757440394348735,0.007325169982892499,0.002088165883537038,0.014847004061537664,0.028561610565653598,-0.019599641339467958,-0.009980272287877408,0.0005894359287574305,0.034116300622219604,-0.014170472907990436,0.05192750495065219,0.040620079449999465,0.00045403384151634907,-0.018346937429021774,0.01837782101430655,-0.015863246349957585,0.0429921409925061,-0.023096003504516446,0.025815871750807483,0.019738491498973113,-0.029646031329925583,0.019392188340463582,0.03295379645334996,-0.0031966310592599335
3.4959914389546722,0.6342019446888855,0.8823529411764706,5.0,108.0,121.0,110.0,113.0,72.0,33.0,22.0,8.0,2.0,8.0,0.0,134.0,123.0,124.0,125.0,124.0,130.0,102.0,127.0,121.0,115.0,123.0,104.0,0.1644518272425249,0.38704318936877075,0.4485049833887043,0.2692837465564738,0.33402203856749313,0.39669421487603307,0.014147431124348473,0.008190618019359643,0.01563663440059568,0.011913626209977662,0.010424422933730455,0.011913626209977662,0.0022338049143708115,0.00967982129560685,0.005956813104988831,0.0037230081906180195,0.05137751303052867,0.008190618019359643,0.03648548026805659,0.005956813104988831,0.018615040953090096,0.020104244229337303,0.01712583767684289,0.0029784065524944155,0.008190618019359643,0.005956813104988831,0.0052122114668652275,0.028294862248696945,0.0037230081906180195,0.028294862248696945,0.010424422933730455,0.00967982129560685,0.029784065524944156,0.04839910647803425,0.006701414743112435,0.029039463886820552,0.021593447505584513,0.008190618019359643,0.10052122114668652,0.0007446016381236039,0.06626954579300075,0.02308265078183172,0.03201787043931496,0.05063291139240506,0.07148175725986597,0.011169024571854059,0.03350707371556218,0.0193596425912137,0.008935219657483246,0.04393149664929263,0.0037230081906180195,0.01712583767684289,0.0022338049143708115,0.007446016381236039,0.007446016381236039,0.0022338049143708115,1.0,0.008519464884141875,0.004530926129473648,-0.024293582790154564,0.0057730990217357584,-0.02641050951599694,0.020854945488092216,-0.012186220072534915,-0.007082578992487621,-0.00913272376102468,0.00019549377109237456,-0.02141401032901765,-0.022478206041003777,0.022720334092795978,0.015573678530521292,0.0017354028936716985,-0.007889269559417482,0.006121444125268561,-0.011390425239153023,-0.004614007990963747,0.00726014862551446,0.038205117408459735,0.010549360449044714,-0.04128689218698351,0.01514940438486001,-0.020944882803610874,0.034868754206498515,0.010388077373067626,0.041360233611876,-0.003200496420151425,-0.005260385882446527,-0.02377017241746258,-0.022158421885374598,-0.03790764635148884,0.007943443663920937,0.00818654716325408,-0.02158123432814581,-0.021140692905373588,0.04757542804934901,-0.04468266530767005,-0.035643579311844545,1.0,0.008525813218630794,0.00446531875355949,-0.024426819159328914,0.006190982643735272,-0.02640770576458573,0.02079419940064781,-0.012132526028446272,-0.008400085970015937,-0.007640772590707274,-0.0011251054785696524,-0.020679354648226567,-0.023731423179472525,0.023768862426917003,0.014240568377673653,0.0005590812033456594,-0.008151596966924746,0.006332041334911723,-0.010135771324721307,-0.006053322313026227,0.007275613482310827,0.03816318015199321,0.010765624842066491,-0.044135763144601034,0.018637577095586336,-0.019259010867284813,0.03563542982419401,0.009259232601715076,0.038946404599894215,0.001590390569638459,-0.008709719411231678,-0.019742078308580536,-0.02244795805028323,-0.03394635133381739,0.0033870678702195836,0.006766730518137878,-0.022533712864816913,-0.0193365503869209,0.05087958278022731,-0.04670346467440428,-0.03734304243036729
3.535466217332558,0.6291054011572078,0.885331347728965,4.0,113.0,125.0,107.0,99.0,91.0,44.0,49.0,23.0,10.0,4.0,9.0,134.0,119.0,129.0,119.0,117.0,130.0,123.0,129.0,117.0,119.0,121.0,123.0,0.21238938053097345,0.3525073746312684,0.4351032448377581,0.26554054054054055,0.31891891891891894,0.4155405405405405,0.016381236038719285,0.011169024571854059,0.01563663440059568,0.014892032762472078,0.014147431124348473,0.01563663440059568,0.0022338049143708115,0.007446016381236039,0.006701414743112435,0.007446016381236039,0.03425167535368578,0.01340282948622487,0.02680565897244974,0.00967982129560685,0.018615040953090096,0.02680565897244974,0.023827252419955324,0.0014892032762472078,0.008190618019359643,0.0022338049143708115,0.0022338049143708115,0.02308265078183172,0.0014892032762472078,0.02308265078183172,0.014892032762472078,0.01712583767684289,0.03052866716306776,0.0387192851824274,0.006701414743112435,0.03052866716306776,0.028294862248696945,0.014147431124348473,0.10573343261355175,0.0052122114668652275,0.04690990320178704,0.021593447505584513,0.029784065524944156,0.06329113924050633,0.06850335070737155,0.004467609828741623,0.021593447505584513,0.018615040953090096,0.00967982129560685,0.049143708116157855,0.0052122114668652275,0.020104244229337303,0.0014892032762472078,0.010424422933730455,0.008935219657483246,0.0014892032762472078,1.0,0.02153190017628498,0.02716922444603885,0.021477841019045343,0.013218151344378194,0.057671587207373226,0.044073276265598336,0.06674053649260082,-0.014925196322087195,-0.037112533935751015,0.048107968888244174,0.0016303066216630457,-0.015723120350705926,0.0112297975576323,-0.0025498097079456124,-0.027523673080891077,-0.01605390250175313,0.048481472482482635,-0.02853240347229227,0.016903411832936827,-0.023645802114472796,0.0028449978110679256,-0.022051386832878727,-0.0060870695609712795,-0.0012986084894150436,-0.0015995852256709899,-0.041924167094470964,-0.02410223962475147,0.024496787388981436,-0.053244807327073776,0.0038325054867080683,-0.024999769324971537,-0.03489649697669673,-0.041200069669271124,-0.018220487303134966,0.03918705119255022,-0.027762528951168836,-0.03378543205009597,0.03976349014900989,-0.009693086363532106,0.01827737251214314,1.0,0.02154794481128966,0.026757855407161493,0.020402797937414646,0.0116805303674379,0.05635656381128611,0.04110847773639022,0.06248411149519557,-0.021868174117728796,-0.04320859002135104,0.04454313728390572,-0.0034241186590879603,-0.025589359473091863,0.00788215571183168,-0.0009627016040374398,-0.027182410478479517,-0.014258203481658701,0.04650195258919275,-0.028380818017483555,0.022911659175762638,-0.02597025144673483,0.0059544064965938144,-0.01959737198979342,-0.006132993888425167,-0.008817335201075038,0.007875410924460728,-0.039835991645455,-0.02548064355274512,0.03412382340877599,-0.05200033703613423,0.006085844596161636,-0.020643993955645902,-0.026635505411239067,-0.035267639182118435,-0.012346166947155967,0.04315672821533433,-0.020316911611104136,-0.025053339992405933,0.04113245950873634,0.006447990303139768,0.01639914747974049
3.464651124399778,0.5972478243617788,0.8830975428145942,3.0,92.0,115.0,101.0,73.0,70.0,13.0,59.0,21.0,17.0,7.0,6.0,133.0,99.0,120.0,118.0,117.0,120.0,40.0,114.0,111.0,108.0,112.0,95.0,0.22876949740034663,0.36741767764298094,0.4038128249566724,0.2851592851592852,0.35275835275835277,0.3620823620823621,0.010424422933730455,0.0037230081906180195,0.01340282948622487,0.014892032762472078,0.016381236038719285,0.01712583767684289,0.0029784065524944155,0.012658227848101266,0.0052122114668652275,0.0014892032762472078,0.039463886820551006,0.011913626209977662,0.0387192851824274,0.008190618019359643,0.02308265078183172,0.021593447505584513,0.010424422933730455,0.0007446016381236039,0.007446016381236039,0.0037230081906180195,0.0007446016381236039,0.021593447505584513,0.0029784065524944155,0.035740878629932984,0.011913626209977662,0.01340282948622487,0.045420699925539834,0.03648548026805659,0.0029784065524944155,0.05361131794489948,0.024571854058078928,0.007446016381236039,0.08413998510796723,0.004467609828741623,0.05286671630677588,0.02680565897244974,0.03723008190618019,0.06031273268801191,0.06403574087862993,0.006701414743112435,0.04095309009679821,0.01340282948622487,0.007446016381236039,0.05658972449739389,0.0037230081906180195,0.008190618019359643,0.0014892032762472078,0.0029784065524944155,0.005956813104988831,0.0022338049143708115,1.0,0.05213810114753227,0.01629924904815263,-0.004535544026187584,0.048004966792206796,0.026690608974412236,-0.030208908774109047,-0.005859174516860107,0.018507237399054893,0.03552226680797595,0.02216772877609611,-0.023987527862839433,-0.019766591206162785,-0.008709387509887291,0.0135511526099086,-0.03757197166774574,-0.03132323794306095,0.020924844095763694,0.007765629129423295,-0.007178987101353633,-0.041210533413941826,-0.010534231835323333,-0.0009630985627993988,-0.013544834889532635,0.002225191507903639,-0.03953551755494502,0.049718455945763705,-0.002216702479536081,-0.008246023287698648,-0.02476146997762737,0.030990920709232126,0.03755703467533796,-0.015186953037466328,-0.03875954820509732,0.0167056405658813,0.03574319682835644,0.017877280908197023,-0.08183637529604179,-0.010176142638451567,0.017575264233756716,0.03787411100949594,1.0,0.05217695219160644,0.013638253052864929,-0.006115180852524011,0.048617194784124754,0.02207546446956111,-0.03452004224473905,-0.002675229900710245,0.018254798774360752,0.031367965978085145,0.020867584319704445,-0.025356686495391367,-0.020391482167329805,-0.010046241212936399,0.012591783116357003,-0.03599266056515447,-0.024342362557330254,0.025027453655687735,0.0019089739495772322,-0.00768472477336386,-0.03444062047104714,-0.0070258549170037895,-0.0019700573913614184,-0.012350895009170077,0.009832365103556206,-0.03594133986916871,0.05135944768393697,-0.009203398570802514,-0.009981466554132712,-0.016938901328149566,0.03429496319866027,0.02870217520724497,-0.01755354371111759,-0.03509836429508287,0.019741208615500064,0.026529930769357293,0.010448032504246743,-0.07881928773944398,-0.0020333609033843223,0.01636899856605864,0.027381706338426032
3.516465525854731,0.6151720866936936,0.8897989575577067,9.0,109.0,124.0,117.0,99.0,85.0,53.0,38.0,15.0,16.0,1.0,1.0,134.0,109.0,129.0,127.0,121.0,128.0,108.0,125.0,121.0,120.0,119.0,113.0,0.19790104947526238,0.37031484257871067,0.431784107946027,0.266162310866575,0.3363136176066025,0.39752407152682256,0.01563663440059568,0.007446016381236039,0.012658227848101266,0.012658227848101266,0.011913626209977662,0.008935219657483246,0.0014892032762472078,0.0022338049143708115,0.0037230081906180195,0.0014892032762472078,0.03350707371556218,0.012658227848101266,0.04318689501116903,0.006701414743112435,0.022338049143708117,0.026061057334326135,0.02084884586746091,0.0029784065524944155,0.008935219657483246,0.0029784065524944155,0.0037230081906180195,0.020104244229337303,0.004467609828741623,0.03052866716306776,0.018615040953090096,0.008935219657483246,0.03276247207743857,0.04095309009679821,0.0052122114668652275,0.03723008190618019,0.02680565897244974,0.011169024571854059,0.0975428145941921,0.0052122114668652275,0.05361131794489948,0.027550260610573342,0.03276247207743857,0.05658972449739389,0.0573343261355175,0.008935219657483246,0.03723008190618019,0.020104244229337303,0.007446016381236039,0.045420699925539834,0.0037230081906180195,0.023827252419955324,0.004467609828741623,0.01340282948622487,0.0052122114668652275,0.0007446016381236039,1.0,0.021650290279281274,0.05178938456134705,-0.010323622038868371,-0.011421801621002575,0.03383834969099158,0.060823644898782746,0.022899258396971475,0.009290937905823122,-0.024247213172114347,-0.005489569197287093,0.030922380701128304,0.004449843848117837,-0.01331639296682776,-0.00016792896235743538,-0.03993494842326491,-0.04603448972239286,0.0008424001363678746,0.011987559325415755,-0.031691522388080144,-0.015101388642686167,0.03348764890909938,0.036503645519318804,0.008964894700272485,-0.002538960531635086,0.003071278996367967,-0.03096794538736112,0.018681848266449207,-0.020503965819600744,0.07392232950757771,0.027699731814981848,0.0029354013791172526,-0.03488342935318935,0.022126462257758852,-0.03887983036911266,0.013620861717066939,-0.0029714679305919227,0.002972312879378691,0.0285292631451729,-0.011698042358217555,0.03846337894282516,1.0,0.021666423133438712,0.05142132953191874,-0.012565939239203835,-0.013689535446059737,0.03580477869630727,0.06108705817111763,0.016707744606739447,0.002778521311751733,-0.02453623344135209,-0.0042289365250927375,0.030872067230768414,-0.0015385199577243453,-0.020739591965145743,0.0012881709551224349,-0.03488688416462301,-0.04652518250117581,0.002812727858371147,0.015536264765404288,-0.034254021657364256,-0.01270337162245453,0.047211845571614224,0.04275602377251015,0.0032273090841488305,-0.0064232465901432586,0.006614221153673232,-0.02825586681013648,0.017438009105969342,-0.028116195870849736,0.06912219772791198,0.030673851999738908,-0.004658393696236445,-0.042268275735435006,0.026818244832607592,-0.03891797517233244,-0.0029185454309883434,-0.004059682206366067,0.01235171895755281,0.03752976534918888,-0.012532879496677085,0.039109459215387346
3.4851220965179053,0.6248405814887928,0.8838421444527178,1.0,101.0,121.0,117.0,105.0,73.0,34.0,37.0,2.0,8.0,1.0,0.0,134.0,106.0,127.0,123.0,124.0,124.0,103.0,125.0,107.0,110.0,113.0,108.0,0.185,0.38666666666666666,0.42833333333333334,0.2727920227920228,0.33048433048433046,0.39672364672364674,0.014147431124348473,0.007446016381236039,0.014892032762472078,0.011913626209977662,0.02308265078183172,0.01563663440059568,0.0,0.0014892032762472078,0.004467609828741623,0.0037230081906180195,0.035740878629932984,0.01340282948622487,0.0387192851824274,0.005956813104988831,0.018615040953090096,0.027550260610573342,0.01563663440059568,0.0029784065524944155,0.00967982129560685,0.0037230081906180195,0.0052122114668652275,0.02680565897244974,0.0022338049143708115,0.03127326880119136,0.011169024571854059,0.005956813104988831,0.02308265078183172,0.03425167535368578,0.0037230081906180195,0.0379746835443038,0.024571854058078928,0.011169024571854059,0.09084139985107967,0.0037230081906180195,0.05137751303052867,0.02531645569620253,0.03276247207743857,0.06031273268801191,0.0774385703648548,0.0052122114668652275,0.03723008190618019,0.02084884586746091,0.011169024571854059,0.05658972449739389,0.004467609828741623,0.020104244229337303,0.0022338049143708115,0.007446016381236039,0.005956813104988831,0.0007446016381236039,1.0,0.013445578769944818,0.048866554395838396,0.024504399783370965,0.008515096155130429,0.03916648586255761,0.012535307886854698,0.0618484239640289,-0.0018167046947629262,0.00023643744861238898,0.017513567709192827,-0.06435055589718133,-0.013511530622010404,0.01792762145498609,-4.873685536539338e-06,-0.004881443963372046,0.01826769137404635,-0.00621894157625558,0.010390440410426692,0.054217769076212126,-0.013835807935001684,0.04094411963301851,-0.016533248447683557,0.02133980760093117,0.013812240794084435,0.006034427770114756,0.007881703005282462,-0.031947344807541016,0.027572818599800385,0.0069322285790736566,0.04980920856354794,-0.005715819778055414,0.009426338712177674,-0.0324133586659804,-0.047737571169641495,0.009040414140771997,0.014363691735210725,0.0337467414958941,0.017218554107342375,0.013667262351522578,-0.006089558070985896,1.0,0.013455597830131073,0.04876721150550837,0.023336387330551683,0.005585438406111488,0.03693234198681253,0.010512028277513689,0.05820463079650416,-0.006043670106473923,-0.006317147617181149,0.01397686948989497,-0.06684825873790781,-0.01818372559230271,0.023024190760602987,0.0002651654930451964,-0.005926904827122138,0.02299869782432024,-0.005838312040164671,0.016156719063946768,0.05634349720463366,-0.01961918214170496,0.03787851091288527,-0.022111336997448373,0.012161621676906683,0.013398800622742044,0.003462203217468559,-0.004909310056114716,-0.02874005574987733,0.022785637782161847,0.009143082125602957,0.05705770998402731,-0.01273606129958264,0.009184992671008774,-0.03763873262318357,-0.048575980443754406,0.00778096174694159,0.020869011043052662,0.028052498147424214,0.013446807432054057,0.016029345983138397,-0.00846919628272113
3.5081057416836448,0.6234127785232537,0.885331347728965,9.0,115.0,128.0,115.0,94.0,77.0,28.0,50.0,39.0,12.0,7.0,0.0,134.0,116.0,131.0,125.0,124.0,128.0,99.0,121.0,113.0,117.0,123.0,111.0,0.20178041543026706,0.3857566765578635,0.4124629080118694,0.2656033287101248,0.33217753120665744,0.40221914008321774,0.02084884586746091,0.00967982129560685,0.01340282948622487,0.00967982129560685,0.017870439314966492,0.01340282948622487,0.0022338049143708115,0.006701414743112435,0.0037230081906180195,0.0029784065524944155,0.04244229337304542,0.011169024571854059,0.03648548026805659,0.0052122114668652275,0.018615040953090096,0.021593447505584513,0.014892032762472078,0.0052122114668652275,0.01340282948622487,0.006701414743112435,0.0014892032762472078,0.026061057334326135,0.0037230081906180195,0.035740878629932984,0.016381236038719285,0.006701414743112435,0.029039463886820552,0.04318689501116903,0.0029784065524944155,0.034996276991809384,0.03276247207743857,0.014147431124348473,0.10498883097542815,0.0037230081906180195,0.058078927773641105,0.02308265078183172,0.040208488458674606,0.05361131794489948,0.049143708116157855,0.0052122114668652275,0.029784065524944156,0.014147431124348473,0.005956813104988831,0.04393149664929263,0.0037230081906180195,0.02084884586746091,0.0029784065524944155,0.011913626209977662,0.0052122114668652275,0.0,1.0,0.019216096799550667,-0.034129898225984945,-0.024776080317261775,0.022181627117807017,-0.015579145679617394,0.018972288287945272,0.03432334166643917,-0.021050850315576023,-0.00840258530638854,-0.014775325478213648,0.007349575927375932,0.03399296912604337,0.03682297338303,-0.01358390006609099,-0.008272568847017337,-0.017028762814352113,-0.016989263669268957,-0.04216247635580396,0.011325895315126839,-0.04503679952327136,0.022356934989176132,-0.04882240865360282,-0.013100823843344846,0.02199474479444592,0.03951350634938013,-0.03280426461596991,-0.006189375700422643,-0.010191691326319316,-0.014795236791535217,0.024028079885808906,-0.01270363603063615,0.021043353015151037,-0.00868701217156227,-0.011901940650977627,-0.014253623859258007,0.021243522197497627,0.04138601267791179,0.014110294802641664,0.00020112370821871348,-0.019888618104724417,1.0,0.01923041579865616,-0.03456339112706277,-0.023523641730670012,0.02205536849628057,-0.018191317739089247,0.0206886219224057,0.03376776740060081,-0.022636585222255902,-0.0035535792727719616,-0.015651981130969467,0.005605913190628076,0.03471777817534116,0.033900181002664634,-0.012421355052986733,-0.0029358243442924666,-0.01723984996617414,-0.017747368744215605,-0.044315611892775844,0.007559831159180105,-0.05019950174283464,0.026953020283029108,-0.050734229858742395,-0.011970094721636796,0.023460376357817055,0.03310177293742255,-0.03318618825441031,0.0014408866494838844,-0.014351297108253298,-0.00979832294427278,0.02771978370467283,-0.01748143839493675,0.022871945507579726,-0.003748742463434012,-0.014288449055781735,-0.007585462026459432,0.013369463070244652,0.03539132334051718,0.010303750982666107,0.00635709265262927,-0.02379130903899846
3.517357067357312,0.6259317381060808,0.885331347728965,1.0,111.0,120.0,121.0,101.0,77.0,14.0,53.0,8.0,2.0,2.0,2.0,134.0,111.0,128.0,123.0,116.0,124.0,107.0,123.0,112.0,113.0,117.0,111.0,0.21405228758169934,0.3790849673202614,0.4068627450980392,0.26849894291754756,0.3269908386187456,0.4045102184637068,0.020104244229337303,0.010424422933730455,0.01340282948622487,0.011169024571854059,0.016381236038719285,0.011169024571854059,0.0029784065524944155,0.005956813104988831,0.004467609828741623,0.0029784065524944155,0.0387192851824274,0.014147431124348473,0.03648548026805659,0.008190618019359643,0.017870439314966492,0.022338049143708117,0.02084884586746091,0.0037230081906180195,0.008190618019359643,0.0029784065524944155,0.0037230081906180195,0.021593447505584513,0.0022338049143708115,0.02084884586746091,0.01340282948622487,0.008935219657483246,0.03052866716306776,0.04244229337304542,0.005956813104988831,0.03425167535368578,0.027550260610573342,0.008935219657483246,0.10052122114668652,0.0007446016381236039,0.05212211466865227,0.029039463886820552,0.03425167535368578,0.06031273268801191,0.06552494415487714,0.004467609828741623,0.034996276991809384,0.021593447505584513,0.011169024571854059,0.04244229337304542,0.0037230081906180195,0.020104244229337303,0.0029784065524944155,0.014147431124348473,0.006701414743112435,0.0022338049143708115,1.0,0.04745420730158662,0.022263748971618483,-0.0002588813248203951,-0.027840704502744586,-0.011666744275034465,0.02122371480732284,0.013636176331277157,0.0027957015041559182,0.05003030507405625,-0.015787445578218477,-0.0033916865618406128,-0.050019173740316634,-0.02365415967061356,0.014191118103123703,0.021029410132841188,0.0390629605771387,-0.008565962156357593,-0.003010370217569352,-0.009234322331775286,0.03466717236911427,-0.019932697625684916,0.01572003706764265,0.023457554653023426,-0.01003705263527585,0.0008977744327529209,-0.010528132623907421,-0.0008992986455115401,-0.016894927431844044,-0.021324928804888874,-0.00040546009566074236,-0.02425538714483432,-0.036682296918365276,0.04095683902076564,0.03384261622758239,-0.019422713425050156,0.002421349168481055,-0.00658639720563287,0.0356798922953467,0.03997449771263465,0.045761027436379456,1.0,0.04748956811179647,0.02008699596866347,-0.002256985499823988,-0.028330265757959903,-0.009071143647887907,0.023576705495741875,0.012096334267172472,-0.00016810624844846203,0.04928074847730187,-0.019552057074698193,-0.002785927140250149,-0.049887199778599275,-0.01699115697259259,0.018481443136386104,0.018144624772324123,0.03418664873077398,-0.014713537371006682,-0.003505382074168753,-0.003594328255136426,0.038330075739519,-0.019758847562133003,0.014349661759496153,0.020228441477557035,-0.01467949119565086,-0.003975909114766331,-0.00789893191249016,0.004329406067335028,-0.0127832954019827,-0.02647781055060512,0.0029245775879220173,-0.02789483308399126,-0.03513122356605375,0.04870772849943185,0.03272892559114099,-0.022103307318919765,-0.0027532700439528157,-0.0013977617557372126,0.041884981145300114,0.03530565607732297,0.04151539629852915
3.4639406575468916,0.6267103006180215,0.8823529411764706,2.0,107.0,123.0,118.0,79.0,89.0,7.0,40.0,7.0,8.0,5.0,0.0,133.0,108.0,129.0,123.0,115.0,126.0,101.0,126.0,113.0,112.0,117.0,111.0,0.22393162393162394,0.3623931623931624,0.41367521367521365,0.2722772277227723,0.3274398868458274,0.4002828854314003,0.012658227848101266,0.011913626209977662,0.014147431124348473,0.00967982129560685,0.012658227848101266,0.008935219657483246,0.0014892032762472078,0.0052122114668652275,0.0022338049143708115,0.004467609828741623,0.034996276991809384,0.01340282948622487,0.035740878629932984,0.0052122114668652275,0.011913626209977662,0.028294862248696945,0.017870439314966492,0.0,0.005956813104988831,0.0022338049143708115,0.0052122114668652275,0.022338049143708117,0.0022338049143708115,0.029039463886820552,0.005956813104988831,0.012658227848101266,0.034996276991809384,0.04988830975428146,0.0037230081906180195,0.03723008190618019,0.021593447505584513,0.010424422933730455,0.1169024571854058,0.004467609828741623,0.04988830975428146,0.029039463886820552,0.04095309009679821,0.04839910647803425,0.06626954579300075,0.010424422933730455,0.0387192851824274,0.028294862248696945,0.008935219657483246,0.04318689501116903,0.004467609828741623,0.011913626209977662,0.0029784065524944155,0.00967982129560685,0.008935219657483246,0.0022338049143708115,1.0,0.0035687933597556513,0.025922313100950313,0.05692286298875416,0.01691884727456973,0.02801678714627381,-0.012472420715136604,0.02474092358033197,0.03981922127117896,-0.03562986817967245,0.07316580987150657,0.03739701328995584,-0.010945698634086185,0.046926360951685696,-0.0048949917049155856,0.021434903451568437,0.002646393845611335,0.028159526484618322,-0.0018825514225571886,0.005520908320950478,0.017129576603772265,-0.00891531148307921,0.01774835047567899,0.0014517979649132538,0.0324158920943883,0.027910751734942504,0.006597441951816986,0.008770542192041644,-0.026376106402441916,0.008340703070038242,0.019354771197956738,0.02920989400553344,0.007943201220466873,0.07422093722630647,0.007882578874930341,-0.02783531124288442,0.011359631464159624,0.0009167770916310582,0.0045184417329189415,0.0616722680471448,0.013774332041133803,1.0,0.003571452669263666,0.02594854997558655,0.05690635770168433,0.016046354389837217,0.02522910329334224,-0.016748036824920147,0.021813336461981338,0.03761883235172692,-0.0365394193081292,0.0696580026420757,0.03514889885293724,-0.013470217818131291,0.03839095352716286,-0.00854112141533628,0.013725786672719668,-0.0005039093550473103,0.028668411751137303,-0.014445067457516135,0.008550586807363194,0.01071169083679891,-0.018253503129725356,0.019650065059619852,-0.00542328127912177,0.030932282855661644,0.024460349550632032,0.00492024487108169,-0.001198801368209741,-0.03321104606710046,0.007831352492859824,0.012953202488051764,0.03642216592780979,0.0012392916923079677,0.07389735207508033,0.0004203922442530761,-0.04150953790080392,0.004434013451715452,-0.007853658089298455,0.006853250664643783,0.0660407497424589,0.011207970407551166
3.5379442239862584,0.6526522552631692,0.8912881608339538,5.0,118.0,127.0,126.0,93.0,74.0,22.0,30.0,11.0,8.0,4.0,4.0,134.0,119.0,131.0,127.0,126.0,130.0,109.0,129.0,119.0,125.0,127.0,119.0,0.1752411575562701,0.38263665594855306,0.44212218649517687,0.262876254180602,0.33244147157190634,0.40468227424749165,0.018615040953090096,0.004467609828741623,0.01340282948622487,0.017870439314966492,0.014892032762472078,0.014892032762472078,0.0007446016381236039,0.00967982129560685,0.0052122114668652275,0.0014892032762472078,0.03052866716306776,0.008190618019359643,0.04095309009679821,0.007446016381236039,0.0193596425912137,0.021593447505584513,0.018615040953090096,0.0022338049143708115,0.012658227848101266,0.006701414743112435,0.0007446016381236039,0.026061057334326135,0.004467609828741623,0.02531645569620253,0.016381236038719285,0.01340282948622487,0.03127326880119136,0.035740878629932984,0.004467609828741623,0.04318689501116903,0.01340282948622487,0.01563663440059568,0.10052122114668652,0.0037230081906180195,0.04690990320178704,0.023827252419955324,0.04318689501116903,0.04318689501116903,0.06775874906924795,0.017870439314966492,0.03425167535368578,0.02084884586746091,0.008935219657483246,0.04393149664929263,0.0022338049143708115,0.020104244229337303,0.004467609828741623,0.007446016381236039,0.008190618019359643,0.0029784065524944155,1.0,-0.004191405021968858,-0.004691348184253754,0.005749595778753683,-0.0242438663101641,-0.004544485467889984,0.04248798413123384,0.04267121149334483,-0.03999239514515752,-0.0183667837614091,-0.04264377721111048,0.010988475062683491,0.05086889007849599,-0.02577169591586067,-0.00046703205721671377,0.0018799999822458214,-0.019171689017622118,-0.02634937478246999,0.020819058128115516,0.04290884036378071,-0.013136093047996598,0.038523210827804626,-0.030185322232113065,-0.03033762362470339,-0.02304850200846208,0.04799521457203267,0.006629629699773176,0.015881849086261945,-0.035443644758098386,-0.03353095292364816,-0.0265359856649654,0.05388297857504133,0.015449095453685282,0.011285308575397827,0.024134952565880205,-0.04424536708487358,0.02347453583398071,0.025281667202983152,0.019578127733496424,0.04663505599822423,0.01819062786349597,1.0,-0.0041945282745932825,-0.004716022016439244,0.00572311421694394,-0.024291962515647775,-0.00471081727404227,0.042406247106196504,0.0435808478972707,-0.04016162597963451,-0.019382077420867422,-0.04208580616790472,0.01368551824692937,0.04853032264152297,-0.030048109932951785,-0.001548976786099447,0.006262839458898609,-0.012929523738814779,-0.026656243207507282,0.011526505057763866,0.041947141605318164,-0.008073464842794422,0.03827243832627318,-0.027312930562306856,-0.0289576650302999,-0.02667715434755896,0.04717295094833198,0.002317885047579742,0.014885483866500876,-0.035495735802429075,-0.02118476883585123,-0.029006028043766816,0.052956838267527756,0.00828589357033855,0.005315747459203936,0.029561660705323213,-0.029760462104628144,0.028104447820431415,0.015639006673835873,0.013322164537871944,0.04441931497127677,0.018191341304100533
3.448793211439773,0.604411498220089,0.8801191362620998,6.0,106.0,125.0,105.0,80.0,102.0,22.0,54.0,48.0,8.0,1.0,0.0,134.0,111.0,131.0,118.0,117.0,124.0,109.0,118.0,111.0,113.0,114.0,108.0,0.2465753424657534,0.3668188736681887,0.3866057838660578,0.26704545454545453,0.3259943181818182,0.4069602272727273,0.016381236038719285,0.0052122114668652275,0.011169024571854059,0.00967982129560685,0.021593447505584513,0.01563663440059568,0.0007446016381236039,0.004467609828741623,0.004467609828741623,0.004467609828741623,0.03201787043931496,0.00967982129560685,0.035740878629932984,0.0052122114668652275,0.01563663440059568,0.022338049143708117,0.01712583767684289,0.0029784065524944155,0.010424422933730455,0.0037230081906180195,0.0007446016381236039,0.024571854058078928,0.004467609828741623,0.02308265078183172,0.012658227848101266,0.007446016381236039,0.028294862248696945,0.04765450483991065,0.005956813104988831,0.03425167535368578,0.028294862248696945,0.01340282948622487,0.11020104244229337,0.0029784065524944155,0.05361131794489948,0.02531645569620253,0.03052866716306776,0.06850335070737155,0.07148175725986597,0.00967982129560685,0.03648548026805659,0.023827252419955324,0.004467609828741623,0.04988830975428146,0.0,0.014147431124348473,0.0029784065524944155,0.007446016381236039,0.008190618019359643,0.0007446016381236039,1.0,0.015597290411176508,-0.012564080240246479,0.03184779504766243,-0.05135552450817246,0.0015607372574719105,-0.02577402321392402,-0.002134885956417409,-0.01657146438540458,0.047466005403881885,0.013757188850109526,0.047210287064054605,0.005380538283349163,-0.004050787901898321,0.04726128451310355,-0.0207669018952172,0.02800313998506558,0.024971468301329628,0.007626905729764558,0.03821439174132666,0.0031491324209398175,-0.00494460955629125,-0.015393309765839042,0.014914091382022947,-0.016395064480379803,-0.015902963684754304,0.005139089967892792,0.0006839622246232415,0.024793705816141993,-0.012787100022662841,-0.012564571897009134,0.012919115104067671,0.03169015581365936,0.00707021054510674,-0.0005512378024590171,0.05544418937691331,0.025769799272568592,-0.023884825048797003,0.010364710894361587,-0.012930890620645922,0.024486009999257204,1.0,0.015608912833241471,-0.012829582550672132,0.032331473404953306,-0.0527760049069359,0.0041975819365287536,-0.028561915407406012,0.002329831279460199,-0.020490921536129823,0.05087148058899608,0.00861877529145407,0.05061325637687158,-0.002201707909440182,0.0021990478066997257,0.044469831857726565,-0.015151958075311226,0.030905899875919643,0.02506897285677874,0.012238410102978744,0.03606468730919623,0.001691280157899566,-0.004563106433930169,-0.015943903837698715,0.015367545314993599,-0.01539005417626337,-0.01860216545686227,0.001332022146298521,-0.00028764002925594915,0.015544205037849734,-0.01590186717727525,-0.019175801461631423,0.01163522204183198,0.0331940923384345,0.0033918723449894474,4.515976940141637e-06,0.056060132567471256,0.029120363107275015,-0.028051360436944405,0.012860963028228995,-0.008962849022452613,0.032854448317027156
3.4821443484871795,0.6356453122283001,0.8816083395383469,5.0,113.0,125.0,117.0,92.0,72.0,24.0,41.0,11.0,10.0,1.0,1.0,134.0,113.0,129.0,122.0,115.0,130.0,107.0,120.0,113.0,111.0,113.0,113.0,0.19281045751633988,0.3758169934640523,0.43137254901960786,0.2704225352112676,0.3246478873239437,0.40492957746478875,0.01340282948622487,0.005956813104988831,0.018615040953090096,0.018615040953090096,0.011913626209977662,0.010424422933730455,0.0014892032762472078,0.005956813104988831,0.0014892032762472078,0.0037230081906180195,0.03052866716306776,0.005956813104988831,0.039463886820551006,0.008190618019359643,0.01712583767684289,0.02531645569620253,0.01712583767684289,0.0022338049143708115,0.008190618019359643,0.005956813104988831,0.005956813104988831,0.023827252419955324,0.0029784065524944155,0.023827252419955324,0.011169024571854059,0.011169024571854059,0.029784065524944156,0.04095309009679821,0.006701414743112435,0.040208488458674606,0.03201787043931496,0.011913626209977662,0.114668652271035,0.004467609828741623,0.04690990320178704,0.02680565897244974,0.04095309009679821,0.058823529411764705,0.06775874906924795,0.011169024571854059,0.03350707371556218,0.01712583767684289,0.006701414743112435,0.04169769173492182,0.0029784065524944155,0.018615040953090096,0.0014892032762472078,0.008190618019359643,0.004467609828741623,0.0014892032762472078,1.0,-0.017859937530620318,-0.004495685918171574,-0.0035100933677888013,0.02625720413912659,-0.03904204910930807,-0.004797748767020764,0.019583452778820818,0.006482903208317725,0.015665270656878994,0.005281040775333105,0.023983572517548814,0.019491154398817778,-0.03701726623104514,-0.010612712570217848,0.04321399312820475,-0.014145575624736192,-0.024405052476132002,0.003313394482061545,-0.036188429568857525,0.04175058981024387,-0.02060755261622489,0.018499508392466855,0.03544326560996711,-0.03701534359140626,-0.0059795710887107075,0.02354213789012802,-0.004344077757161676,-0.03584724121548197,-0.023322488552291555,-0.00206954931182142,-0.024206570173385372,-0.016192050420899266,0.03971478026949161,-0.00805003751028574,-0.018433581040186074,-0.05037124896650202,-0.015858600800932564,0.026884447225395885,-0.005563292798493631,0.04710070187210523,1.0,-0.017873245978854743,-0.004823384659584255,-0.0036862851439620125,0.026193831340652073,-0.03832004182318819,-0.005948942648353753,0.019367772667343748,0.006215110372169936,0.01817916010820263,0.004881874167651827,0.023198750867145592,0.021895880571289102,-0.03673814667698183,-0.010976011016395537,0.04250853886279214,-0.013188212571211328,-0.02184542054863849,-0.0005568902735376434,-0.04186819789134977,0.04563568473676003,-0.019604806913205826,0.01510085678119208,0.03932951125565995,-0.04172792572497175,-0.00039865314393801267,0.022018009067522708,-0.008550014991143452,-0.025040916215914876,-0.02845243858184807,-0.008935743492705324,-0.021845176765339248,-0.019984479510432165,0.041426436760227905,-0.008525070667045394,-0.02271538745748427,-0.046103613816869386,-0.02345420472480936,0.0264572338878464,0.008802698445178444,0.04944531034706728
3.5108853680383953,0.6669225803311466,0.8823529411764706,4.0,99.0,124.0,116.0,83.0,108.0,22.0,29.0,9.0,7.0,8.0,1.0,134.0,101.0,129.0,123.0,118.0,129.0,99.0,124.0,107.0,110.0,120.0,104.0,0.23114754098360657,0.3524590163934426,0.4163934426229508,0.27682403433476394,0.32761087267525035,0.3955650929899857,0.01340282948622487,0.0052122114668652275,0.017870439314966492,0.014892032762472078,0.014147431124348473,0.011913626209977662,0.0022338049143708115,0.008935219657483246,0.004467609828741623,0.0029784065524944155,0.03425167535368578,0.012658227848101266,0.04095309009679821,0.00967982129560685,0.017870439314966492,0.026061057334326135,0.014892032762472078,0.0029784065524944155,0.007446016381236039,0.004467609828741623,0.0022338049143708115,0.02308265078183172,0.0029784065524944155,0.029039463886820552,0.011169024571854059,0.00967982129560685,0.04616530156366344,0.04393149664929263,0.005956813104988831,0.03201787043931496,0.027550260610573342,0.01563663440059568,0.0953090096798213,0.004467609828741623,0.049143708116157855,0.02084884586746091,0.04393149664929263,0.055100521221146684,0.058823529411764705,0.0052122114668652275,0.04169769173492182,0.01563663440059568,0.010424422933730455,0.04690990320178704,0.0014892032762472078,0.014892032762472078,0.0014892032762472078,0.00967982129560685,0.006701414743112435,0.0014892032762472078,1.0,0.003270409919117819,0.058659797804806624,0.04519411584025085,-0.02417556332640916,0.018208633758333405,0.047458255579194586,0.030631088276875468,0.018484036120595845,-0.017803661907573192,0.03386669530812643,-0.00035335897571975403,0.07449435860020895,0.006871907039453652,0.011083239948433958,-0.01752883061761109,0.03371624401547533,0.01848743234222132,0.012265844316043826,0.08405438955422376,-0.007789654378379629,0.021695250559415118,0.00595325149515031,-0.029452025551715093,0.059715951509614534,-0.0075446315813857195,-0.03212611716377612,-0.015120956626546783,0.001756097566356806,-0.023292393126079315,0.0627775428265841,-0.014242866294561528,-0.03669834881189601,0.027492689030804297,-0.013891626870866815,0.007027047842853404,-0.03190617355211685,0.0008726707354585794,-0.0009822872978593584,-0.033131082067159895,0.010433744446977098,1.0,0.0032728468862706743,0.058737202091655005,0.04507808465021097,-0.02801107709677987,0.013114136653330416,0.048992603511469134,0.03138433059602339,0.01076296998541812,-0.02529035035269972,0.0324544689656782,0.0013145024524508651,0.07150083142877271,-0.0007517211471504482,0.002762318441863083,-0.02458183314939162,0.03623272260170589,0.017917410759855184,0.00237706454242601,0.07650337136376341,-0.01203350816733853,0.01791062646347021,-0.006600138662595424,-0.029681337607418666,0.048671422108649214,-0.009001678544734213,-0.043642907603122984,-0.02268327596065294,0.009186339049510998,-0.026120454856731867,0.06181206285541919,-0.02716862801396871,-0.04183288530385875,0.029469422155351758,-0.0037926997976837754,0.004965100211707073,-0.049849579979114635,0.003095879289410552,9.524177654835491e-05,-0.01718331282455238,-0.003080970596117493
3.525580386085047,0.6268004675466965,0.896500372300819,6.0,109.0,127.0,125.0,78.0,63.0,48.0,38.0,21.0,17.0,21.0,14.0,134.0,109.0,131.0,125.0,119.0,130.0,109.0,129.0,117.0,124.0,124.0,111.0,0.16041979010494753,0.3613193403298351,0.4782608695652174,0.26880984952120385,0.3317373461012312,0.399452804377565,0.016381236038719285,0.008190618019359643,0.014147431124348473,0.011169024571854059,0.022338049143708117,0.014147431124348473,0.0,0.011913626209977662,0.0029784065524944155,0.0022338049143708115,0.029039463886820552,0.011913626209977662,0.03350707371556218,0.006701414743112435,0.0193596425912137,0.027550260610573342,0.016381236038719285,0.0029784065524944155,0.0029784065524944155,0.005956813104988831,0.0037230081906180195,0.024571854058078928,0.0037230081906180195,0.02680565897244974,0.01563663440059568,0.00967982129560685,0.029039463886820552,0.04318689501116903,0.004467609828741623,0.02531645569620253,0.023827252419955324,0.02084884586746091,0.09381980640357408,0.0052122114668652275,0.05137751303052867,0.03127326880119136,0.022338049143708117,0.06254653760238273,0.06999255398361877,0.011913626209977662,0.034996276991809384,0.0193596425912137,0.010424422933730455,0.05361131794489948,0.0037230081906180195,0.018615040953090096,0.0022338049143708115,0.007446016381236039,0.008190618019359643,0.0022338049143708115,1.0,0.01938664399098387,-0.022172933903970928,-0.007394251832305363,-0.010742612474177779,0.03099885878835134,-0.035206774782984,-0.013846779810177885,-0.06587798213935113,-0.0017914028842325423,0.01144847187476153,0.024690940768055013,-0.007337232240432509,0.0036675195385066236,0.0030975348957408785,-0.010327586296379783,-0.02608246983892665,0.0036049783325267583,0.007261007140382259,-0.021591224246503563,-0.037929319782624364,0.006407312381782668,-0.04762294670619983,0.011244577508752525,0.027448855615054637,-0.07135773773711336,-0.045930553150411335,-0.0031804173280946305,0.00600767267057299,0.010861153289388406,0.020034030377158955,-0.021713514650277127,-0.010604154114892336,0.010297449765831291,-0.017645863270012375,-0.028678977429632723,-0.03662070943950047,0.019630813552509507,0.013624526754891791,-0.0019374456772489137,-0.00997709462402988,1.0,0.01940109007443467,-0.022590908722614097,-0.006537760687560283,-0.01101093860851684,0.0312639078664508,-0.03721017427443788,-0.011218930231393377,-0.06733878255739625,0.0005963884978054297,0.006464516087144317,0.02597795787500666,-0.010292542694802294,0.00871696045874771,-0.002193356106708738,-0.011857527995557188,-0.03180325719430112,0.0071019170342055205,0.006438935029780941,-0.0189041170338256,-0.038822785433014206,0.008741405406895705,-0.05438052475825752,0.011390058512713913,0.021894828917257993,-0.0722831515970445,-0.04683734002012977,-0.0029161316188084257,-0.006841509849291034,0.008091851557340145,0.020806001529267,-0.02327614035784603,-0.01217790855503633,0.0028404934357137163,-0.02857691977422958,-0.032424877953491936,-0.0324930444566577,0.021640697228880755,0.008614009379329773,-0.004328781906360526,-0.013700951257331263
3.5120107478680405,0.6323486017309969,0.8845867460908414,4.0,106.0,128.0,119.0,97.0,81.0,46.0,39.0,7.0,14.0,8.0,4.0,134.0,107.0,129.0,127.0,121.0,130.0,95.0,125.0,125.0,119.0,123.0,121.0,0.18989280245022971,0.36294027565084225,0.44716692189892804,0.26717032967032966,0.33791208791208793,0.3949175824175824,0.01563663440059568,0.007446016381236039,0.014892032762472078,0.01340282948622487,0.016381236038719285,0.012658227848101266,0.0029784065524944155,0.004467609828741623,0.004467609828741623,0.0037230081906180195,0.03276247207743857,0.011913626209977662,0.03648548026805659,0.0052122114668652275,0.017870439314966492,0.022338049143708117,0.016381236038719285,0.0052122114668652275,0.00967982129560685,0.0052122114668652275,0.0029784065524944155,0.026061057334326135,0.0014892032762472078,0.020104244229337303,0.017870439314966492,0.01712583767684289,0.03127326880119136,0.049143708116157855,0.0037230081906180195,0.035740878629932984,0.022338049143708117,0.008935219657483246,0.09828741623231571,0.0022338049143708115,0.06105733432613552,0.022338049143708117,0.03425167535368578,0.06105733432613552,0.06478034251675353,0.00967982129560685,0.04095309009679821,0.016381236038719285,0.011913626209977662,0.04244229337304542,0.0052122114668652275,0.014147431124348473,0.0014892032762472078,0.007446016381236039,0.007446016381236039,0.0029784065524944155,1.0,-0.019509354657130842,0.028141625811699548,-0.0025359782509600253,-0.008206624271672347,-0.05226585103371206,-0.020708536086366608,0.024985213638218273,0.01683996337136065,0.014199127584947202,-0.03166750405721276,-0.0510856040647095,-0.006273773382861552,0.054116117220101366,0.0059054695161527065,-0.010919758787970196,0.00031659245399334854,0.0050496314945355425,0.01046712437744007,0.02454937860828467,0.011856063680819784,-0.015088787633433671,0.06647869532526615,-0.015120201039569866,-0.014957038864959048,-0.02790263606990734,-0.006265068157504481,0.03406417996602574,-0.074492103464366,0.01900439058801599,-0.02348251367863029,-0.006939158573016493,0.03141217466161154,-0.05265618296310123,-0.023959399404259184,0.060203899738750094,0.024792179848313157,-0.001687813433497273,0.00908292773557834,0.013186436145607218,-0.018368641430384976,1.0,-0.01952389217923004,0.027813016382123204,-0.001465379893415132,-0.009101502833640767,-0.05274281459985113,-0.022426462844360177,0.02730062578202196,0.019089869572374914,0.012597847901425421,-0.03576295540971753,-0.05588977195662801,-0.004006931015486768,0.06168625535270294,0.010220838751477479,-0.01962802467700713,-0.010156693384297316,0.005039896834460951,0.022098483145189095,0.03274652914888175,0.008309260303508006,-0.025218454868814365,0.062720705985007,-0.004261388082789477,-0.008411399587335987,-0.027829473978489266,-0.015509093807761257,0.040142220027411316,-0.06954182456949337,0.01339026361676425,-0.022446346158999767,-0.013535156036224192,0.03873713167272007,-0.052684494947870066,-0.031048516291712708,0.05579526730635296,0.02609996028535612,0.005070667637720267,0.004163740462168949,0.001359671454571633,-0.01778081495318491
3.491394275778555,0.6401603576320642,0.8763961280714817,0.0,113.0,125.0,116.0,94.0,75.0,53.0,17.0,33.0,1.0,11.0,2.0,134.0,116.0,131.0,125.0,117.0,128.0,111.0,125.0,114.0,113.0,121.0,111.0,0.14375,0.38125,0.475,0.2676348547717842,0.3243430152143845,0.40802213001383125,0.022338049143708117,0.004467609828741623,0.02084884586746091,0.011913626209977662,0.012658227848101266,0.016381236038719285,0.0029784065524944155,0.004467609828741623,0.004467609828741623,0.0022338049143708115,0.035740878629932984,0.006701414743112435,0.03127326880119136,0.0037230081906180195,0.0193596425912137,0.02308265078183172,0.01563663440059568,0.0037230081906180195,0.0052122114668652275,0.004467609828741623,0.0037230081906180195,0.02308265078183172,0.0014892032762472078,0.024571854058078928,0.01563663440059568,0.012658227848101266,0.02308265078183172,0.035740878629932984,0.004467609828741623,0.04169769173492182,0.03648548026805659,0.01340282948622487,0.09977661950856292,0.004467609828741623,0.05063291139240506,0.020104244229337303,0.04318689501116903,0.06254653760238273,0.07297096053611318,0.005956813104988831,0.03052866716306776,0.01712583767684289,0.00967982129560685,0.049143708116157855,0.005956813104988831,0.018615040953090096,0.0022338049143708115,0.008190618019359643,0.010424422933730455,0.0007446016381236039,1.0,-0.028255412418653817,0.005518693039881046,0.024020889769270467,0.057120439339886905,0.008767831374527668,-0.020508587419885472,0.040710692429332195,0.038739400223444465,0.04224935733392471,-0.006330580738891312,0.004539364237189714,-0.010440248587736522,-0.008980188526843888,0.013706318237893946,-0.04908182019898911,0.012974203056890114,0.027487213713070942,-0.04688402774352689,-0.026360430195621707,0.005300201383694909,0.03144909516241016,0.014141192738703463,-0.035916287330254135,0.030595047893599275,0.0411458935055222,-0.030939544173382703,-0.03179310056225214,0.04143734798672169,-0.03695720199056297,0.01696700472876669,0.013287069159996744,0.053763865000434605,-0.05440104666007048,-0.05141872406982469,0.05060594930063012,-0.007763964625960703,-0.024655039196477217,0.04529076520636095,-0.004989452855727967,-0.013243201480084595,1.0,-0.02827646712239349,0.004731147989947328,0.024384032348926644,0.05871407161077556,0.011953150973210975,-0.021328114007416205,0.036840453504759355,0.03788478850958129,0.04460960382770392,-0.0037913401690369028,-0.0022175568863825974,-0.01822266928240716,-0.013798505202973104,0.013300947267798001,-0.04976176824553144,0.0068663762237097655,0.0271459091123879,-0.04760941097775891,-0.024460918822982826,0.005178252485225742,0.03124836497933832,0.027025180677307626,-0.029877478623814957,0.026927260648406066,0.03937123006660219,-0.02677813492926406,-0.027381884567488697,0.03556681769605498,-0.042681005388348806,0.014687162294772342,0.016081915887366346,0.05431495498568876,-0.05980658992482908,-0.05883438370144458,0.0503288724095831,-0.0028937921972595616,-0.020253501404582434,0.04978456191349407,-0.012503483979455013,-0.00870591425625382
3.4311985642990335,0.6032325005062511,0.8749069247952346,7.0,103.0,119.0,111.0,81.0,87.0,19.0,23.0,13.0,3.0,8.0,2.0,133.0,113.0,123.0,117.0,116.0,123.0,59.0,117.0,113.0,109.0,114.0,98.0,0.203125,0.3611111111111111,0.4357638888888889,0.2794007490636704,0.3408239700374532,0.3797752808988764,0.00967982129560685,0.0052122114668652275,0.011913626209977662,0.011169024571854059,0.01340282948622487,0.008190618019359643,0.0022338049143708115,0.007446016381236039,0.0029784065524944155,0.0014892032762472078,0.03425167535368578,0.00967982129560685,0.045420699925539834,0.006701414743112435,0.01712583767684289,0.024571854058078928,0.011169024571854059,0.0014892032762472078,0.011913626209977662,0.004467609828741623,0.0014892032762472078,0.029784065524944156,0.0014892032762472078,0.03723008190618019,0.014147431124348473,0.007446016381236039,0.03127326880119136,0.03127326880119136,0.0052122114668652275,0.04988830975428146,0.02680565897244974,0.011169024571854059,0.09903201787043932,0.0022338049143708115,0.058823529411764705,0.01563663440059568,0.035740878629932984,0.06999255398361877,0.07892777364110201,0.008190618019359643,0.029784065524944156,0.0193596425912137,0.006701414743112435,0.04765450483991065,0.0007446016381236039,0.016381236038719285,0.004467609828741623,0.008935219657483246,0.008935219657483246,0.0007446016381236039,1.0,0.04134654066463761,0.020820635330780577,0.0008350236975467989,0.01204081118461563,0.020847187320431775,0.05710336279909131,0.04624069935668831,0.019100138782030124,0.02449915404558367,0.013480942191567357,0.05534028143484942,-0.013106517800319406,0.04534231578546275,0.036006944719992544,0.042495204407259304,0.051741862250108676,-0.0044025689260625825,-0.03143053588059897,-0.011289190235293444,-0.01894544234507254,-0.011794117530518821,0.027674382350889218,0.03275259066665861,-0.03282638591058835,-0.018322374249298064,0.022290991506934553,0.010418144789707973,0.001655036595473921,0.0034671174572668906,0.0034565271581808005,0.032341095928007,-0.0217576680843113,-0.01736727279496213,0.003709332163062541,0.011635602755286507,0.004633801266871668,-0.04481015011860344,-0.008531503011168354,-0.04226919219897401,0.026447455452463523,1.0,0.04137735030745773,0.019172427441708786,-0.0008043291790323282,0.0116999584202877,0.020005684050935287,0.05537667293605643,0.04142945708714085,0.01365593142599706,0.021594552756231348,0.009885020277358438,0.05156927563943248,-0.022643127849992346,0.03997550755375455,0.029812148357737236,0.03445814037809275,0.044697781080505164,-0.01638845252372478,-0.037834284828160425,-0.015199542407152468,-0.02861922114355528,-0.02022738992444377,0.01740915294680714,0.029751552363507617,-0.040095334919086775,-0.01637962615299223,0.02515453107608222,0.0072177513598284185,-0.0006872275710820901,-0.0017561922977798537,0.0021275192535918953,0.038487982093081435,-0.024512142933065306,-0.015752963971036878,0.01089991205268132,0.01755290718329347,9.212570209080268e-05,-0.054892037287392684,-0.008340651440071851,-0.04232514017228834,0.03378894234763917
3.4429216948196686,0.6068216513141859,0.885331347728965,17.0,93.0,125.0,117.0,72.0,98.0,16.0,46.0,31.0,10.0,22.0,14.0,134.0,101.0,129.0,127.0,117.0,130.0,47.0,127.0,113.0,111.0,127.0,91.0,0.24357034795763993,0.34795763993948564,0.4084720121028744,0.28877400295420974,0.345642540620384,0.3655834564254062,0.012658227848101266,0.007446016381236039,0.010424422933730455,0.008935219657483246,0.012658227848101266,0.011913626209977662,0.0007446016381236039,0.005956813104988831,0.0037230081906180195,0.0007446016381236039,0.03350707371556218,0.007446016381236039,0.03648548026805659,0.0037230081906180195,0.02084884586746091,0.026061057334326135,0.016381236038719285,0.0014892032762472078,0.011169024571854059,0.0022338049143708115,0.0037230081906180195,0.029784065524944156,0.0007446016381236039,0.03052866716306776,0.011169024571854059,0.014892032762472078,0.03127326880119136,0.0573343261355175,0.0014892032762472078,0.04988830975428146,0.02531645569620253,0.014892032762472078,0.11392405063291139,0.0014892032762472078,0.05137751303052867,0.021593447505584513,0.045420699925539834,0.05212211466865227,0.06031273268801191,0.008190618019359643,0.027550260610573342,0.02084884586746091,0.007446016381236039,0.03648548026805659,0.0022338049143708115,0.022338049143708117,0.0052122114668652275,0.007446016381236039,0.00967982129560685,0.0007446016381236039,1.0,0.05687674923518437,0.01441005588696772,-0.0031989563629258133,-0.005610362917075434,-0.0042002114958133024,-0.04524592854887638,0.02763473878599798,-0.0031082212239789157,-0.040919810953929055,-0.024508067445938742,0.01549831219419701,-0.009573723935307725,0.04995263874009255,0.05412938281762401,0.01139345153797323,0.023918576349849834,0.006355468015644801,0.04317339291836906,-0.012111459289366345,0.003031100626268535,0.046209607800382906,0.044079800245235584,-0.00702366857377381,-0.0009086541187727081,0.00019532368312511665,-0.03741449265639291,-0.012547185520063774,0.02314594258090952,-0.02098093567949064,-0.0020753509803812954,-0.02511955514873959,0.006722743351940541,0.009891599438995745,0.0028272617568926603,-0.03332651000248046,0.038355526033476146,0.04381851177545059,-0.005011814717898269,-0.033034853734642634,-0.051347374001199764,1.0,0.05691913131360107,0.011228136662046754,-0.004673149241375189,-0.005364528273078644,-0.003505569664832512,-0.04504093336919976,0.03309597220427599,-0.005503306883052125,-0.04214467706321464,-0.020200632736135402,0.019496170409847764,-0.0135279498111314,0.053914455102754284,0.04809717599139801,0.0006091951971547976,0.02328695038592095,0.007602159577195758,0.03945622204218415,-0.012993785425477552,0.006356991076256627,0.045284748618861635,0.04597067345103444,-0.007257242403574941,0.003926064705463985,-0.0007845429498755666,-0.03703030855087837,-0.006961572544015962,0.02576896669287929,-0.03298952558677075,0.0025339518313753167,-0.025332192259931555,0.0022156909174461514,0.010863634574127404,-0.001479032191605235,-0.052582344601392564,0.03843645670847329,0.04250041805190188,-0.014825779708524544,-0.03673010456400324,-0.04813410671521081
3.4727496106355153,0.624958262724743,0.889054355919583,4.0,117.0,129.0,113.0,98.0,78.0,35.0,44.0,27.0,14.0,9.0,2.0,134.0,117.0,131.0,127.0,124.0,130.0,95.0,129.0,124.0,121.0,127.0,123.0,0.1880597014925373,0.3761194029850746,0.43582089552238806,0.2651821862348178,0.33468286099865047,0.4001349527665317,0.01340282948622487,0.005956813104988831,0.01563663440059568,0.014147431124348473,0.014147431124348473,0.01340282948622487,0.0,0.008935219657483246,0.0029784065524944155,0.0037230081906180195,0.04244229337304542,0.006701414743112435,0.03425167535368578,0.008190618019359643,0.01563663440059568,0.01563663440059568,0.014892032762472078,0.0037230081906180195,0.010424422933730455,0.0052122114668652275,0.0029784065524944155,0.02308265078183172,0.0007446016381236039,0.02531645569620253,0.011913626209977662,0.012658227848101266,0.03276247207743857,0.04318689501116903,0.004467609828741623,0.034996276991809384,0.023827252419955324,0.01340282948622487,0.11764705882352941,0.005956813104988831,0.04765450483991065,0.020104244229337303,0.045420699925539834,0.05212211466865227,0.07371556217423679,0.008935219657483246,0.03276247207743857,0.01712583767684289,0.00967982129560685,0.049143708116157855,0.0029784065524944155,0.012658227848101266,0.0014892032762472078,0.00967982129560685,0.011913626209977662,0.0022338049143708115,1.0,0.04647387783533111,-0.0071676614437612895,-0.007178218371043476,-0.02278798174487389,-0.005836027778107925,0.03364266451232134,-0.0011045502301783295,0.005388661768759321,-0.021957194615085187,-0.058294100797033115,0.007133068755199951,0.018946200723448613,0.045332787312049136,-0.012282673174117537,-0.010478179367113203,-0.04127329617301456,-0.015097075512486622,0.019943470104888755,0.0448068077073767,0.015945660872777514,-0.005270795843392446,-0.00012435643814635164,-0.015870188744515727,0.013503745118659614,0.0031640431111928666,-0.036512756333399135,0.0018038582740173,0.007446409283254504,-0.03536155691748925,0.004448475932248252,0.030908077953617226,-0.0029789787767814458,-0.0070045342093148855,0.01801407741545539,-0.0428882857011204,-0.0066425817049152,0.008589927945018835,0.028132935722800734,0.00615449665475939,0.036155423630957126,1.0,0.04650850814668382,-0.009361642417782695,-0.006436398206487453,-0.02233563619155178,-0.0038668548591633337,0.03393170180991888,-0.004653875920305222,0.005675840316794318,-0.02258604942493109,-0.055352335620366504,0.012553825355008359,0.016288892515565746,0.04333076849295326,-0.01942917750924413,-0.007309791523160623,-0.03670591748692234,-0.010747379715996146,0.02026836940675263,0.03788328321385963,0.009385724267922545,-0.005515486649771678,0.007405690223899332,-0.010113794947473751,0.012193502618326706,-0.003845316090857584,-0.044351826548225566,0.0066991348623378294,0.012450628532749159,-0.027975670885057608,0.0048454771406717615,0.026431623177492723,-0.00827057818942408,-0.009748047688366632,0.0239059697438794,-0.041692443605316105,-0.005399326124581737,0.006193596961877764,0.029216110400641745,0.0007578700770645594,0.037092589286835946
3.4727134498254526,0.6104250272653429,0.8801191362620998,7.0,103.0,118.0,117.0,83.0,101.0,23.0,40.0,17.0,9.0,17.0,5.0,134.0,109.0,127.0,122.0,117.0,126.0,91.0,127.0,117.0,111.0,115.0,102.0,0.23125,0.353125,0.415625,0.27682403433476394,0.3340486409155937,0.38912732474964234,0.007446016381236039,0.005956813104988831,0.014892032762472078,0.016381236038719285,0.014147431124348473,0.020104244229337303,0.0014892032762472078,0.005956813104988831,0.006701414743112435,0.0037230081906180195,0.04393149664929263,0.011169024571854059,0.029039463886820552,0.0037230081906180195,0.014892032762472078,0.020104244229337303,0.014892032762472078,0.0029784065524944155,0.006701414743112435,0.0037230081906180195,0.005956813104988831,0.018615040953090096,0.0007446016381236039,0.03127326880119136,0.012658227848101266,0.011169024571854059,0.03052866716306776,0.05063291139240506,0.005956813104988831,0.04318689501116903,0.02680565897244974,0.01712583767684289,0.10424422933730454,0.0037230081906180195,0.05956813104988831,0.023827252419955324,0.04765450483991065,0.058823529411764705,0.06924795234549516,0.00967982129560685,0.03127326880119136,0.016381236038719285,0.005956813104988831,0.03201787043931496,0.0037230081906180195,0.012658227848101266,0.0037230081906180195,0.008190618019359643,0.006701414743112435,0.0,1.0,0.0024960239531991763,-0.007874274571581569,-0.03742794939455687,0.001970479733008997,-0.010203964551589501,-0.005860464114929101,0.010071704178451551,-0.026874669617736203,-0.021339944326418277,-0.002962334919738842,0.024517255632882318,0.0016043182891700564,0.03127438214361378,-0.04085708627492354,-0.01887437095802542,0.005475998682229588,-0.0015389939774213908,0.01625741547119997,0.03175299760289752,-0.00614726671081925,-0.06176189089135077,-0.011379454752252136,-0.001706864162517026,0.027024069164695647,-0.05065456850490316,-0.01074066594245922,-0.019451397108137005,-0.008665368453686264,-0.04385870138779173,0.01480228091201977,0.05212865452781238,0.01825561189655547,-0.015103057783076461,0.014642324818457939,0.030682530320091238,0.0028078293313632354,-0.02205230372391895,0.024930742864180653,0.023988947232779532,-0.035253352418020814,1.0,0.0024978838816292702,-0.007892307123438634,-0.037474743472716954,0.0020949091391947896,-0.01085537588614565,-0.0072235609822743395,0.010155351830531812,-0.02803423881883853,-0.021690037008739796,-0.0026597940434886307,0.02217124367567325,0.00013406930498009,0.03146996031562864,-0.04075481349189189,-0.01832965347243408,0.007553063993984931,-0.00587778524392305,0.015153548599974184,0.03359148874779316,-0.007218538519914092,-0.058996708215660526,-0.010124899258625294,-0.005797679592547686,0.02227051047343593,-0.050577912797960964,-0.012290144209664967,-0.015499142878476795,-0.011303330149350392,-0.05172187644267978,0.009332329982697138,0.04975661911701509,0.018773225880970936,-0.0121832622334059,0.01981154305152789,0.025332283823745087,0.002413508064161723,-0.025496856105579186,0.030938362085271134,0.028879584846117103,-0.030488555637118085
3.507256062036144,0.6572288168046347,0.8897989575577067,6.0,123.0,119.0,119.0,106.0,92.0,33.0,40.0,31.0,26.0,10.0,2.0,134.0,123.0,127.0,127.0,126.0,128.0,103.0,129.0,123.0,123.0,123.0,111.0,0.19519094766619519,0.3988684582743989,0.40594059405940597,0.26472579553148273,0.3378469871360867,0.3974272173324306,0.02084884586746091,0.007446016381236039,0.01712583767684289,0.014147431124348473,0.020104244229337303,0.014147431124348473,0.0022338049143708115,0.0037230081906180195,0.005956813104988831,0.0029784065524944155,0.04393149664929263,0.011169024571854059,0.03201787043931496,0.0052122114668652275,0.014147431124348473,0.027550260610573342,0.0193596425912137,0.0037230081906180195,0.011913626209977662,0.005956813104988831,0.0007446016381236039,0.026061057334326135,0.004467609828741623,0.023827252419955324,0.008935219657483246,0.00967982129560685,0.028294862248696945,0.03723008190618019,0.0037230081906180195,0.03425167535368578,0.026061057334326135,0.01340282948622487,0.09233060312732688,0.0052122114668652275,0.055100521221146684,0.018615040953090096,0.03648548026805659,0.07148175725986597,0.07297096053611318,0.010424422933730455,0.035740878629932984,0.01712583767684289,0.008190618019359643,0.039463886820551006,0.005956813104988831,0.01563663440059568,0.0014892032762472078,0.007446016381236039,0.0037230081906180195,0.0022338049143708115,1.0,-0.012272864557476235,-0.04370009521336032,0.0199843536343124,-0.028968831425644062,0.009803190682446604,0.0325228791706422,-0.06988563964472286,0.0199322552949859,-0.017205845812683213,0.006390998788948371,0.030349486203042775,-0.059301308262346926,-0.04808986030344707,0.031532069549809985,0.025082821379067987,-0.013681984926900197,0.013150110323725863,0.0068379163664820854,-0.022741276269333466,-0.025916144437240773,-0.021329114000077382,-0.006639621310377646,0.0020929968037736698,0.004695832561399507,0.015258977816692842,-0.012110442516117086,0.01375687648203692,0.03883964464664107,-0.006033259796535486,0.0016235683523019091,0.010217986013573746,0.034802057152216896,0.02320405603732619,-0.01644316021744643,-0.004253735673250068,-0.013273455670194103,0.0017880960322309515,-0.02684448009871625,-0.025436911896572625,-0.004088451571916551,1.0,-0.012282009762064505,-0.04392274400922928,0.01896794893996576,-0.030568487492031147,0.010885300868251548,0.029987543548585273,-0.0677605742958616,0.020308128147270108,-0.023834150831783592,0.012210202085894127,0.0239633680189372,-0.05710459250120764,-0.0449536253531454,0.02003013315673142,0.02952522210085079,-0.016937740068784762,0.013274274502663748,0.013535387723417931,-0.026321889073471768,-0.03254528018875653,-0.02335001141905528,-0.0063030217403064704,0.0008300512687218346,0.005237956157881141,0.009918138019988766,-0.013781739923214577,0.020105603210690243,0.036132816790341506,-0.005939847701992335,0.006811794520146164,0.009661712205573755,0.03532872508853707,0.01771764062453685,-0.012894791004285467,0.0015858444178412257,-0.014414649939400458,0.007862398057293728,-0.03373937432758016,-0.0259853799249775,-0.0007890529490743934
3.4472158063566876,0.6282939170423578,0.877885331347729,6.0,108.0,122.0,119.0,75.0,66.0,35.0,37.0,49.0,9.0,25.0,1.0,134.0,111.0,129.0,126.0,120.0,128.0,103.0,124.0,112.0,113.0,118.0,108.0,0.16717791411042945,0.38650306748466257,0.44631901840490795,0.270687237026648,0.3302945301542777,0.39901823281907434,0.011913626209977662,0.005956813104988831,0.014147431124348473,0.012658227848101266,0.010424422933730455,0.012658227848101266,0.0007446016381236039,0.008935219657483246,0.0052122114668652275,0.0022338049143708115,0.040208488458674606,0.010424422933730455,0.03648548026805659,0.004467609828741623,0.014892032762472078,0.02680565897244974,0.014147431124348473,0.0037230081906180195,0.0022338049143708115,0.0014892032762472078,0.004467609828741623,0.021593447505584513,0.005956813104988831,0.029784065524944156,0.005956813104988831,0.00967982129560685,0.026061057334326135,0.0573343261355175,0.005956813104988831,0.04244229337304542,0.03127326880119136,0.016381236038719285,0.10573343261355175,0.0022338049143708115,0.058078927773641105,0.02531645569620253,0.023827252419955324,0.06552494415487714,0.06329113924050633,0.00967982129560685,0.03350707371556218,0.01712583767684289,0.004467609828741623,0.05063291139240506,0.0029784065524944155,0.0193596425912137,0.0037230081906180195,0.008935219657483246,0.008935219657483246,0.0,1.0,-0.035735024509298455,-0.04338844079212702,0.007692388434978504,0.03419257159282974,0.0477005712389035,0.0056797357443266056,-0.03160826694452068,-0.023830269449981394,-0.018595484373572127,0.02901186274115003,-0.017466427185231552,0.010257135560366178,0.0236345653007941,-0.007004654195166147,-0.006463653841368514,0.011246668311146455,0.008018444239704766,-0.028119454747061633,0.03194551692552044,-0.017846166546082492,-0.0023302501321680364,0.006687442234419594,0.03863023339802398,0.0287085797932351,-0.023012660720494814,0.06521312991559688,0.023027976200551217,-0.036920387728378086,0.00011398197067314064,-0.03006310662112453,-0.04791792591170906,0.0021886128375158474,0.004961212570441022,0.025051616525975137,-0.0014920125258160101,-0.0036926944031953055,0.014814583979025537,0.0011228168326865961,0.012690653549212536,-0.04981056335898738,1.0,-0.03576165269447677,-0.04478932805463511,0.004499080475696667,0.032911874850046804,0.05114078669775451,0.012429733026493008,-0.027496627613842275,-0.02771862375553908,-0.02711265398693033,0.022945239628156568,-0.015738773499877796,0.016675327177271892,0.02795255727833865,-0.003782023833764642,-0.007830961858518852,0.007923402415915005,0.005881169510434595,-0.029770121270154035,0.03279972399120085,-0.017370964756347137,0.0007138523865096131,0.0053724233460763745,0.040021980293947663,0.033335281836762855,-0.018317729510628402,0.06725090723586855,0.022562608126049676,-0.03466222092485436,-0.008372756779909752,-0.033261451996349486,-0.05598241835423192,-0.005034324195248874,0.009029876844138588,0.035704848694199674,0.011492482868645236,-0.0036525075150281774,0.01443930735286389,-0.006587683443125274,0.0015433006732513625,-0.054630042015706565
3.4634554278585044,0.6251577969656114,0.8808637379002234,2.0,108.0,124.0,112.0,85.0,68.0,60.0,14.0,14.0,1.0,5.0,0.0,134.0,109.0,128.0,115.0,118.0,120.0,103.0,115.0,113.0,111.0,113.0,108.0,0.14165261382799327,0.357504215851602,0.5008431703204047,0.26604181687094447,0.3294881038211968,0.40447007930785867,0.01563663440059568,0.006701414743112435,0.01563663440059568,0.017870439314966492,0.01712583767684289,0.00967982129560685,0.0022338049143708115,0.004467609828741623,0.0029784065524944155,0.0029784065524944155,0.04095309009679821,0.00967982129560685,0.03276247207743857,0.0052122114668652275,0.02680565897244974,0.029784065524944156,0.020104244229337303,0.0014892032762472078,0.005956813104988831,0.0029784065524944155,0.0052122114668652275,0.02531645569620253,0.004467609828741623,0.03052866716306776,0.01340282948622487,0.011913626209977662,0.018615040953090096,0.04318689501116903,0.0014892032762472078,0.023827252419955324,0.026061057334326135,0.008935219657483246,0.11988086373790022,0.0014892032762472078,0.049143708116157855,0.022338049143708117,0.03425167535368578,0.06105733432613552,0.06999255398361877,0.010424422933730455,0.03648548026805659,0.014892032762472078,0.007446016381236039,0.044676098287416234,0.0052122114668652275,0.01712583767684289,0.0037230081906180195,0.008935219657483246,0.008190618019359643,0.0007446016381236039,1.0,0.030353034400300516,0.011741316084328235,0.04717875327505476,0.021393067491550743,0.005070614386207715,-0.042441545723086574,0.01809779811898017,-0.019591486776490072,-0.044718885631593215,-0.023055311551361698,0.03268380956771365,0.028675351056432596,0.007516401297528621,0.017393183845878377,0.013348101768701557,0.04079117717282283,0.02773412997540719,0.02355702383617442,0.012433025152299755,0.002832790106200729,0.03252264268353296,0.005702133292049989,0.022455807866993745,-0.034998303258661656,-0.04083278955442197,-0.03130459636444685,-0.02529026758431737,-0.011710567810432875,-0.019031409702173003,-0.016775698874594097,-0.01934266675990968,-0.01932802435395445,-0.0006524866577974521,0.01364717395316972,0.030288204252712066,0.026057774319059538,-0.017642770173694776,0.00787109389113824,0.021276739911018184,0.011285644889413153,1.0,0.03037565216065841,0.010846154657012429,0.04665013630448781,0.018591857356256136,0.0029396835252020184,-0.045621874198801836,0.01888147554768993,-0.020802852451403918,-0.040435648906235015,-0.020498880360257377,0.03697427023984832,0.030354991027413895,0.010884757000611086,0.012490769923754632,0.005700649120788878,0.037670285177217516,0.025887684213414124,0.018587748222139946,0.00572884664924475,0.002381562708061008,0.034271634112963564,0.0065115109452915385,0.022023475268948583,-0.03860933553632834,-0.039286110556941034,-0.029250383561868244,-0.018686891346913627,-0.009222989684942628,-0.014562649671855136,-0.017116105012845693,-0.018382548155543858,-0.021953138045618374,-0.006534956609107234,0.006042895041093105,0.026261918751143448,0.025797410367523383,-0.022420774665034646,0.004927109194671082,0.017768097070348397,0.014423520103677385
3.498128585864722,0.6457304461368174,0.8830975428145942,12.0,107.0,123.0,114.0,93.0,51.0,29.0,18.0,21.0,5.0,16.0,0.0,133.0,107.0,129.0,119.0,121.0,123.0,107.0,123.0,108.0,111.0,113.0,107.0,0.13752122241086587,0.39558573853989815,0.466893039049236,0.2705210563882941,0.32762312633832974,0.40185581727337616,0.01563663440059568,0.008190618019359643,0.010424422933730455,0.01340282948622487,0.016381236038719285,0.00967982129560685,0.0022338049143708115,0.011169024571854059,0.004467609828741623,0.0052122114668652275,0.03276247207743857,0.010424422933730455,0.044676098287416234,0.006701414743112435,0.022338049143708117,0.02308265078183172,0.020104244229337303,0.0022338049143708115,0.008935219657483246,0.0037230081906180195,0.0052122114668652275,0.0193596425912137,0.0052122114668652275,0.024571854058078928,0.00967982129560685,0.007446016381236039,0.023827252419955324,0.04318689501116903,0.0037230081906180195,0.03127326880119136,0.03127326880119136,0.01340282948622487,0.0975428145941921,0.0022338049143708115,0.0573343261355175,0.029039463886820552,0.03723008190618019,0.05956813104988831,0.07297096053611318,0.006701414743112435,0.04318689501116903,0.020104244229337303,0.008190618019359643,0.03723008190618019,0.0029784065524944155,0.0193596425912137,0.0022338049143708115,0.008190618019359643,0.0052122114668652275,0.0007446016381236039,1.0,0.03782188506986192,0.009801095386538845,0.07494358536244436,0.011857380682113292,0.050846993816442906,-0.011203175360583429,0.05858106997085521,0.062469041131473356,0.038779483835735006,-0.024714559003165285,0.013243064264788973,-0.009517053885338722,0.02086250399824247,-0.027743073797422007,-0.00864684852048578,0.013407324767467423,-0.0022285954437372747,0.07134980363929218,-0.07077278647536989,-0.019857575538237447,0.05880748147942985,-0.03417075964084171,-0.031503630967877345,-0.003236600460199457,0.0007125251868694645,-0.041097322432450616,-0.016268613382238787,0.005462312611340298,-0.0038299976839968196,0.010383782445404966,0.003668777840340218,-0.008469546156987806,0.04223441806733006,0.005016603329115434,0.03332074946792283,0.005925741194251618,-0.016981480893458065,-0.006983423138195557,-0.006978323564765616,-0.04585167739958478,1.0,0.03785006829271577,0.008395112378986753,0.07453723733442663,0.006288855443811826,0.04956990669977826,-0.02079843860996098,0.05884640284141493,0.05164660154274525,0.03687247659896883,-0.03933824943643666,0.008246326831594833,-0.02282994845201106,0.02373930194588914,-0.03674465190986066,-0.006140302206625689,0.0008276847725713589,0.003738673152004509,0.07307150666580287,-0.07271197557360307,-0.018383176500251532,0.05417877990136566,-0.0272289764472317,-0.030378911823175862,-0.002583334228733478,-0.00414027248473458,-0.04460087287768212,-0.0019651175522800548,0.014469479211365977,-0.008606997547699557,0.019122450488686948,0.011628837044043779,-0.0036812632683725284,0.045481496596155975,0.0014594817233115325,0.04217453659891313,-0.011446041494176953,-0.011974266048159285,-0.021347472351477374,-0.01658162339741483,-0.04335941046517763
3.485105121438127,0.6122502811904306,0.8883097542814594,8.0,94.0,121.0,110.0,80.0,81.0,21.0,42.0,25.0,3.0,9.0,16.0,133.0,102.0,124.0,116.0,117.0,122.0,83.0,122.0,111.0,110.0,113.0,93.0,0.21475409836065573,0.35737704918032787,0.4278688524590164,0.2800891530460624,0.337295690936107,0.3826151560178306,0.01563663440059568,0.006701414743112435,0.011169024571854059,0.014892032762472078,0.01712583767684289,0.011913626209977662,0.0007446016381236039,0.00967982129560685,0.0007446016381236039,0.0022338049143708115,0.04318689501116903,0.010424422933730455,0.040208488458674606,0.0014892032762472078,0.021593447505584513,0.02531645569620253,0.014892032762472078,0.0022338049143708115,0.014147431124348473,0.0022338049143708115,0.0037230081906180195,0.02680565897244974,0.0037230081906180195,0.02531645569620253,0.012658227848101266,0.011913626209977662,0.027550260610573342,0.04095309009679821,0.006701414743112435,0.03648548026805659,0.0193596425912137,0.012658227848101266,0.10201042442293373,0.0037230081906180195,0.045420699925539834,0.021593447505584513,0.04244229337304542,0.06552494415487714,0.06105733432613552,0.012658227848101266,0.03127326880119136,0.011913626209977662,0.005956813104988831,0.05137751303052867,0.0029784065524944155,0.027550260610573342,0.0014892032762472078,0.008190618019359643,0.008190618019359643,0.0022338049143708115,1.0,0.041088624005590525,-0.012172054759432683,0.04203277193658804,0.011220935698536848,0.03267595236290002,-0.0017152942498720666,0.07133886768511478,0.0361925568400683,-0.017607721376562524,0.011188088929206103,-0.039043631364548644,0.01406829290855454,0.045326888857501274,0.026315853889968974,-0.01766955054121084,-0.008676607850767055,-0.01327423392041384,-0.019682474986224236,0.026419708828634668,0.05675138731251289,0.007135361204473695,0.035592324617131355,-0.011218568163701079,-0.002797182992462506,0.01916415780915862,-0.023400400192960833,-0.001284368934358091,0.012508870129484644,-0.03137981753566455,0.020719550432853583,-0.014253589932646735,0.039366233833627355,-0.016071705473974286,-0.008584547893923848,0.006804500008791762,-0.05169063847240487,-0.01131995251472965,-0.0015236079763999003,-0.0466440756268795,-0.007439586193495647,1.0,0.041119241460140135,-0.013904510110776586,0.043288386541736286,0.00752957140468734,0.033323730038797995,-0.006056978609398162,0.0726136631427578,0.02760402589648429,-0.01832111685380615,0.006790548000484044,-0.04460729097572438,0.014451517362962813,0.04172618690467706,0.02366652840393017,-0.024800571837797138,-0.005862371850383788,-0.018090398298823373,-0.015359041679151518,0.02938021395131986,0.05008930132873079,0.0007429619128448905,0.037873815690552266,-0.015071057108412427,0.0007415272658726596,0.01800410305018701,-0.03225872755802661,-0.01249511544572896,0.009922346128087215,-0.03525240075956204,0.02713961073582533,-0.00821904583511014,0.03854360108846925,-0.02407886868546642,-0.003734313899972307,-0.001972359668530169,-0.04621586027584725,-0.007006097815625948,-0.0023626440818325803,-0.047657590531368706,-0.005166233189092642
3.4095859018092716,0.6075872455528584,0.8793745346239762,3.0,75.0,117.0,108.0,85.0,88.0,8.0,49.0,26.0,7.0,9.0,3.0,134.0,94.0,123.0,121.0,107.0,119.0,29.0,117.0,111.0,109.0,113.0,85.0,0.2422145328719723,0.39100346020761245,0.36678200692041524,0.2931854199683043,0.3549920760697306,0.3518225039619651,0.008935219657483246,0.005956813104988831,0.01712583767684289,0.00967982129560685,0.014147431124348473,0.010424422933730455,0.0014892032762472078,0.006701414743112435,0.0029784065524944155,0.0029784065524944155,0.044676098287416234,0.0052122114668652275,0.039463886820551006,0.0037230081906180195,0.01712583767684289,0.0193596425912137,0.01712583767684289,0.0,0.016381236038719285,0.0037230081906180195,0.0022338049143708115,0.02680565897244974,0.0037230081906180195,0.034996276991809384,0.010424422933730455,0.00967982129560685,0.03052866716306776,0.04988830975428146,0.005956813104988831,0.04839910647803425,0.01712583767684289,0.006701414743112435,0.09233060312732688,0.0014892032762472078,0.05212211466865227,0.0193596425912137,0.045420699925539834,0.07297096053611318,0.07148175725986597,0.006701414743112435,0.04690990320178704,0.00967982129560685,0.006701414743112435,0.04988830975428146,0.006701414743112435,0.006701414743112435,0.0029784065524944155,0.011169024571854059,0.0037230081906180195,0.0,1.0,0.014558583529204052,-0.0207060154502896,0.02185721339318996,0.035887900901265916,0.03608872527879095,-0.04865212613608205,0.045354084346997,0.03925606061681536,0.042421558696719465,0.012411671293321843,-0.029784694270568377,0.013128591103592768,-0.045813432510997246,-0.03127980244397421,-0.03593215164279031,-0.016822752385942174,0.010303404087472776,-0.02553923709071149,-0.024052197206797278,-0.0036788685558706057,-0.001569453501844926,-0.030957505671407884,-0.01564911877761969,-0.0459041081523156,0.05925378776707,0.03777691425647851,0.021410262787794225,0.0021498988227361586,-0.008173381692247553,0.038724316555755846,0.003815651976112572,0.011891598908664688,0.0031300307272849903,-0.004968427810023883,-0.011847913922887155,0.030071025450576484,-0.017649551020855497,-0.0020829872916772766,0.031560862838564345,-0.02486550066794233,1.0,0.014569431952102118,-0.0209536130413193,0.02253456026732984,0.03492961117630169,0.036182867616882344,-0.04907662368753835,0.04721680606476753,0.03341550739077569,0.043513740533999534,0.012794918524534935,-0.030031068271881848,0.0046136716679190575,-0.049800112606682205,-0.031414688457341196,-0.03664592695588995,-0.018135274279221018,0.006006543160816978,-0.01926835078319946,-0.022722291239123473,0.002486178336432022,0.002263501471831869,-0.02280171684061537,-0.0023808036599093966,-0.04730263880402354,0.0646249946871092,0.03759373956945395,0.029510621233291585,0.0012443715764792205,-0.0127259662884037,0.029113571785801005,0.009122421096600757,0.012020951432240103,-0.0038129689353213815,-0.01824118540373899,-0.030033250895214178,0.032765402709818425,-0.03149993492528904,0.0019411914986226086,0.03191811268310781,-0.02550369097156515
3.4627818118229383,0.6175899148962802,0.8801191362620998,18.0,105.0,122.0,107.0,75.0,85.0,6.0,55.0,23.0,21.0,18.0,1.0,134.0,109.0,129.0,127.0,114.0,130.0,43.0,129.0,122.0,118.0,123.0,70.0,0.24842767295597484,0.3553459119496855,0.39622641509433965,0.29154302670623145,0.35682492581602376,0.3516320474777448,0.012658227848101266,0.006701414743112435,0.011169024571854059,0.00967982129560685,0.012658227848101266,0.01340282948622487,0.0014892032762472078,0.010424422933730455,0.008190618019359643,0.0007446016381236039,0.03648548026805659,0.00967982129560685,0.03723008190618019,0.0022338049143708115,0.014147431124348473,0.02531645569620253,0.018615040953090096,0.0,0.00967982129560685,0.005956813104988831,0.0037230081906180195,0.029784065524944156,0.0022338049143708115,0.03276247207743857,0.014892032762472078,0.008935219657483246,0.039463886820551006,0.04616530156366344,0.005956813104988831,0.039463886820551006,0.024571854058078928,0.01340282948622487,0.0953090096798213,0.0022338049143708115,0.04988830975428146,0.020104244229337303,0.04765450483991065,0.06626954579300075,0.06329113924050633,0.011913626209977662,0.03201787043931496,0.012658227848101266,0.012658227848101266,0.05212211466865227,0.0007446016381236039,0.011169024571854059,0.0022338049143708115,0.0052122114668652275,0.0052122114668652275,0.0014892032762472078,1.0,-0.038546047000874224,-0.012979327553472395,0.023935093957250783,0.026843793088628436,-0.0009655447244568772,-0.008491274574806154,0.009603910753055162,-0.023036356823330672,0.023959844279697915,0.003519791762439414,0.04112764324553446,0.016481570227689556,-0.0516637664000516,0.04840743574841506,0.006364811016647103,-0.021480103918194573,-0.025677151145318333,0.024322564393990876,-0.03650157741460997,-0.011047634415751203,0.03245667658153961,0.008855790974590322,0.032255427822996466,0.020939762799963978,-0.03631406232980419,-0.0008163029918125559,-0.06297250184967096,0.04834663081808644,-0.029662094154417736,-0.0212409236256104,0.010653217363169938,-0.0025514043435302647,0.043746526163093914,-0.04911354584960697,0.005521814291124835,0.028492852456697654,-0.0162313738196532,0.014169263752086058,0.037805873073305414,-0.0065282093229669875,1.0,-0.03857476983768562,-0.01450828662333493,0.022959319403652024,0.028627196368136106,0.0018331075775893377,-0.008370259599032965,0.007685379356105422,-0.023567909609617414,0.022980245778445083,0.004867696991788309,0.04324007331753205,0.02021058209159642,-0.05132231222835264,0.04288922047359801,0.006161221534772871,-0.01966479032619526,-0.025153979172467526,0.018837611699414746,-0.035140808845160854,-0.010860882266161559,0.02790782527762798,0.01388651994594383,0.034284016243588566,0.026552477635735983,-0.040439170756040296,-0.007519877014990588,-0.06520979813896549,0.04795020866311867,-0.027359295993257978,-0.018783722109341955,0.01720832619286214,-0.011776213388889425,0.04315436871461387,-0.04380774925986719,-0.004787425986005513,0.03426356117310016,-0.015538811351672602,0.01800256262402891,0.04205486677489782,-0.007000512438497047
3.48423157590777,0.6303671293355122,0.8771407297096053,8.0,105.0,122.0,119.0,101.0,98.0,28.0,41.0,18.0,15.0,4.0,1.0,134.0,106.0,125.0,123.0,113.0,127.0,101.0,127.0,113.0,117.0,125.0,107.0,0.22272727272727272,0.38333333333333336,0.3939393939393939,0.2736248236953456,0.32863187588152326,0.39774330042313116,0.01563663440059568,0.004467609828741623,0.011169024571854059,0.018615040953090096,0.014147431124348473,0.0193596425912137,0.0007446016381236039,0.006701414743112435,0.004467609828741623,0.0022338049143708115,0.040208488458674606,0.01712583767684289,0.03648548026805659,0.0052122114668652275,0.014892032762472078,0.026061057334326135,0.018615040953090096,0.0037230081906180195,0.011169024571854059,0.0052122114668652275,0.0,0.023827252419955324,0.0014892032762472078,0.023827252419955324,0.016381236038719285,0.016381236038719285,0.02531645569620253,0.039463886820551006,0.005956813104988831,0.0387192851824274,0.021593447505584513,0.00967982129560685,0.10126582278481013,0.0037230081906180195,0.04169769173492182,0.02531645569620253,0.0379746835443038,0.06254653760238273,0.07446016381236038,0.008190618019359643,0.0379746835443038,0.014892032762472078,0.006701414743112435,0.04988830975428146,0.0022338049143708115,0.016381236038719285,0.0037230081906180195,0.005956813104988831,0.007446016381236039,0.0007446016381236039,1.0,0.013045101269735038,0.02221965467289978,-0.051943936880357686,0.0036259059038836455,-0.07453283548575357,-0.014009242735842396,-0.0010498235218077043,0.056024086579187185,0.016228051057456415,0.034316723879779014,-0.004277418217401265,-0.029855364560649383,0.0006356706722288052,-0.0329464589689386,-0.005202024986286795,0.0629010523943057,-0.011516821676352765,0.04641514222317849,0.0580153063930755,0.017409473962570737,-0.07922922538298012,-0.016092236326718277,-0.008396259286407113,0.02280360454787051,0.011074710998159043,0.0421637554511313,0.006907549461662567,-0.0007523899463462988,0.001966313417514864,-0.0260963917393791,-0.003244241775735116,0.057274263481394895,-0.014251888013121517,-0.009149605131299471,0.025051044405616226,0.0029050042032138035,0.0017061984572683707,0.008804418869124699,0.019755773182774727,0.00015117930119884956,1.0,0.013054821911515767,0.02208612933403772,-0.05266731244907691,0.004558680465280223,-0.07282087922191385,-0.01501987843757507,0.002879013048703566,0.04970151715023123,0.01424359585857731,0.027230683782932884,-0.0025990833485277378,-0.030784895140122906,0.01212386224480411,-0.029653267454277356,-0.0028749777820426354,0.06456551550009784,-0.02262727058748569,0.04248792472120195,0.06101595350760229,0.012546542945476033,-0.07102312190951228,-0.005604244168661616,0.0012413818555528644,0.02062367623886723,0.016491781504519288,0.02268612081989721,-0.0011445881843652685,-0.004945170369421684,0.008917291438628114,-0.01624105810904663,0.008713278054884453,0.05969621240153646,-0.019637734821653322,-0.01859361897801276,0.01868484075142459,-0.00321397090372235,0.0117944043447128,0.010357176939148366,0.02207865745319921,0.00639685344407665
3.4638945954819214,0.6131007633804846,0.8756515264333582,5.0,111.0,123.0,108.0,93.0,80.0,69.0,52.0,9.0,15.0,28.0,7.0,134.0,110.0,129.0,121.0,119.0,127.0,109.0,127.0,109.0,124.0,124.0,110.0,0.1957142857142857,0.32142857142857145,0.4828571428571429,0.26888426888426886,0.3277893277893278,0.40332640332640335,0.014147431124348473,0.006701414743112435,0.017870439314966492,0.016381236038719285,0.014892032762472078,0.011169024571854059,0.0014892032762472078,0.0052122114668652275,0.0052122114668652275,0.0007446016381236039,0.04095309009679821,0.01340282948622487,0.03350707371556218,0.0037230081906180195,0.020104244229337303,0.021593447505584513,0.014892032762472078,0.0007446016381236039,0.008190618019359643,0.0052122114668652275,0.0022338049143708115,0.02680565897244974,0.0037230081906180195,0.02680565897244974,0.014147431124348473,0.011913626209977662,0.022338049143708117,0.045420699925539834,0.0052122114668652275,0.03350707371556218,0.022338049143708117,0.014892032762472078,0.11020104244229337,0.0022338049143708115,0.05584512285927029,0.02680565897244974,0.035740878629932984,0.06403574087862993,0.06850335070737155,0.00967982129560685,0.035740878629932984,0.016381236038719285,0.006701414743112435,0.049143708116157855,0.004467609828741623,0.011913626209977662,0.0037230081906180195,0.004467609828741623,0.008190618019359643,0.0007446016381236039,1.0,-0.02521643624882803,0.009654405768827652,-0.008734122562818511,0.0016421324231663344,-0.002840783379773404,0.02702190369451716,-0.00844677807625944,0.0729836925777467,-0.028317679503610194,-0.02517315574495883,0.010017650782554373,0.044142950649239475,0.015079359825597442,-0.02470700541792041,0.011525409287894665,-0.010537818232649954,-0.03773869712513207,0.02243250165261803,-0.011597475677461538,0.018119314942123516,0.04495582363869932,0.014134362606516224,-0.031910146312941375,0.04512168244302148,-0.02404317028123878,0.05488648164701827,0.0004954679460783938,-0.015181674435394855,0.018035340354325177,0.04019261485388718,0.01479009904928558,0.0034557989954585758,-0.0036293575466961885,0.017495924049144993,-0.006266024252353795,-0.00405316471903287,0.003731081321818904,0.019827337422519617,0.008484949726175476,0.007217362306061218,1.0,-0.02523522643977349,0.009037743316278896,-0.00828977350578776,0.0011351085966368022,-0.002626686853225005,0.026930295478127773,-0.007083318686010112,0.07260988266634844,-0.024515686849380106,-0.028186058360908133,0.010688407739247575,0.04449507856613657,0.017574115887778213,-0.02915092725625824,0.013153767905764908,-0.013640432981060874,-0.036678912657417,0.022780286552758308,-0.013591100655915747,0.011952735083229273,0.047058230052912924,0.024079891711897096,-0.03442904138866513,0.04228179197523817,-0.016005415476506423,0.049452582385932156,0.00290773643947635,-0.018415602931022207,0.01819987094316535,0.03942962138435547,0.025306115842180874,-0.006566020352175428,-0.006987986046869504,0.011337173177264527,-0.0003831800955150932,-0.00458576686393101,-0.0003411076994090014,0.017712659050719434,0.005662364901890323,0.014222406435483512
3.493010019699532,0.63417295985289,0.8830975428145942,0.0,110.0,124.0,116.0,93.0,68.0,30.0,28.0,4.0,10.0,0.0,9.0,134.0,111.0,127.0,121.0,121.0,128.0,99.0,123.0,111.0,111.0,116.0,110.0,0.16216216216216217,0.3766891891891892,0.46114864864864863,0.2726628895184136,0.3286118980169972,0.39872521246458925,0.012658227848101266,0.008190618019359643,0.017870439314966492,0.011913626209977662,0.011169024571854059,0.011913626209977662,0.0007446016381236039,0.008935219657483246,0.0037230081906180195,0.0037230081906180195,0.04690990320178704,0.00967982129560685,0.029784065524944156,0.004467609828741623,0.02308265078183172,0.020104244229337303,0.020104244229337303,0.0029784065524944155,0.011169024571854059,0.0022338049143708115,0.0037230081906180195,0.023827252419955324,0.0014892032762472078,0.04169769173492182,0.010424422933730455,0.00967982129560685,0.02680565897244974,0.04095309009679821,0.005956813104988831,0.035740878629932984,0.021593447505584513,0.014892032762472078,0.09977661950856292,0.004467609828741623,0.044676098287416234,0.029039463886820552,0.034996276991809384,0.06180193596425912,0.07148175725986597,0.00967982129560685,0.03425167535368578,0.01340282948622487,0.007446016381236039,0.05063291139240506,0.004467609828741623,0.014147431124348473,0.0014892032762472078,0.008935219657483246,0.008935219657483246,0.0022338049143708115,1.0,-0.047309792687693586,0.05926743629744249,0.020148421428599392,0.007198407647412442,0.08642288186319419,0.02628670413917679,0.0025335446084778605,-0.019673771522789697,-0.011206842306984963,0.053645279312075266,0.00915986697591239,-0.040116226596405055,-0.016894831839081147,0.06083831472645496,-0.026884052496959427,0.03509612603550121,0.021734100743151186,-0.048122523962041024,-0.01292286047482789,0.009444085766776501,-0.012629390899375552,0.013345009823713226,-0.054107380098566776,0.043244616405607464,-0.004407521377849979,0.03202404904779956,0.004247108173792741,0.03738304984252448,-0.06895817489637529,0.004819833170358597,-0.0023758316049752315,-0.013757586389826519,0.006148310827643993,0.007320480437522092,0.032793519178404416,-0.000978873128250672,0.010041901806627193,0.01654529499054701,-0.022455776045192295,0.019401707347096325,1.0,-0.047345045886417664,0.057242588139103656,0.02569462495999056,0.005938331440256755,0.0851758110241014,0.033529632971873134,-0.004898143225459147,-0.027329270063925087,-0.0162377759395965,0.048184581146482955,0.011764568790408512,-0.04591418810977204,-0.020595654378686483,0.06867840889785863,-0.025565163313016965,0.021274715489853317,0.03269101882059168,-0.042378051873069304,-0.030400646515926926,0.0079975014705813,-0.014642960967426673,0.013902415892129143,-0.04406900197817516,0.0378603807429455,0.007728412988102058,0.0334004539672066,-0.0013589946244151037,0.045147190629664026,-0.06549932723423575,-0.018463278916582677,-0.00816370088031583,-0.008011889065617797,0.0032094378856310293,0.018755818024803795,0.04344828266033007,6.946991423867688e-06,0.01102776961019974,0.006089699594321139,-0.016597024703204608,0.009864802704067765
3.4959075114862905,0.6396748376234019,0.8793745346239762,0.0,106.0,123.0,121.0,82.0,65.0,12.0,20.0,28.0,6.0,1.0,5.0,134.0,107.0,129.0,121.0,115.0,128.0,100.0,123.0,107.0,111.0,116.0,106.0,0.14938488576449913,0.4165202108963093,0.43409490333919154,0.2755905511811024,0.3249821045096636,0.3994273443092341,0.014892032762472078,0.008190618019359643,0.016381236038719285,0.012658227848101266,0.017870439314966492,0.020104244229337303,0.0,0.008190618019359643,0.005956813104988831,0.0037230081906180195,0.045420699925539834,0.00967982129560685,0.03052866716306776,0.008190618019359643,0.020104244229337303,0.026061057334326135,0.016381236038719285,0.0029784065524944155,0.007446016381236039,0.0014892032762472078,0.0022338049143708115,0.02308265078183172,0.0014892032762472078,0.02531645569620253,0.011913626209977662,0.011169024571854059,0.03127326880119136,0.04765450483991065,0.0052122114668652275,0.03350707371556218,0.0193596425912137,0.011169024571854059,0.0960536113179449,0.004467609828741623,0.054355919583023084,0.02308265078183172,0.03350707371556218,0.05584512285927029,0.06850335070737155,0.007446016381236039,0.045420699925539834,0.014147431124348473,0.008935219657483246,0.04765450483991065,0.004467609828741623,0.016381236038719285,0.0022338049143708115,0.008935219657483246,0.008935219657483246,0.03648548026805659,1.0,0.07290296506430638,0.05263705108576215,0.00858853858817985,0.03194904714545179,0.030933464397022176,0.06354296852715581,0.04328860733964139,0.022590779312717198,0.031087003101563922,0.036683943034612955,-0.011667318440289684,0.03916711581120552,0.03970248738487258,0.007187056025247317,-0.019367057858097295,-0.017810124653439556,0.03893570813713579,0.01538344742454558,0.014251268812645036,0.00627596407561786,0.0012614378277805486,-0.03153340214919608,0.01247839464448578,0.0014806507224529154,-0.02381732690380989,-0.011892489557254674,0.038729178645416744,-0.0004871692785773769,0.01988429009343835,0.025768334778234803,0.04252275414137479,0.029989516881522987,-0.024998572514772,0.025448787405893937,0.026484006874970285,0.023868887956068986,0.03491193955894012,-0.005528474532340428,-0.02742731468110577,-0.03704205924376738,1.0,0.07295728918134384,0.047646399857995216,0.001480098188890398,0.02905305950436322,0.02656116957289493,0.0573848716346503,0.032716745292227886,0.011046469087814769,0.02404043377172976,0.028107739646574287,-0.023909732605198505,0.03316294869547011,0.03100376612326885,-0.0068002259873801004,-0.02798860913698597,-0.02196842335876979,0.040603349917455185,0.006459832348287551,0.0028537056974277304,0.0030060574816227754,0.000231002755752659,-0.03595868973545622,0.013210549231642197,0.0006429303587921398,-0.02889588823646233,-0.011890006268074873,0.0424757377576482,0.0021459057398864854,0.017282777567920037,0.022232175742291135,0.04061551644047233,0.027274792646572975,-0.038528790159133956,0.027767461401589533,0.025483831687051164,0.0075300634818406395,0.02193053506632233,-0.014625393934493065,-0.03329078987783784,-0.04537151397435069
3.478971441028877,0.6381460224604181,0.877885331347729,1.0,121.0,128.0,119.0,114.0,70.0,41.0,41.0,28.0,5.0,3.0,4.0,134.0,121.0,131.0,123.0,124.0,125.0,113.0,123.0,123.0,119.0,123.0,121.0,0.16592592592592592,0.3940740740740741,0.44,0.2581081081081081,0.3304054054054054,0.4114864864864865,0.014147431124348473,0.008190618019359643,0.010424422933730455,0.011169024571854059,0.01712583767684289,0.011913626209977662,0.0007446016381236039,0.011913626209977662,0.005956813104988831,0.0007446016381236039,0.03201787043931496,0.007446016381236039,0.04169769173492182,0.0052122114668652275,0.01712583767684289,0.02531645569620253,0.01712583767684289,0.0037230081906180195,0.012658227848101266,0.008190618019359643,0.0007446016381236039,0.02531645569620253,0.004467609828741623,0.029784065524944156,0.014892032762472078,0.01563663440059568,0.02084884586746091,0.04318689501116903,0.0029784065524944155,0.03425167535368578,0.02531645569620253,0.010424422933730455,0.10722263588979895,0.0014892032762472078,0.058823529411764705,0.02531645569620253,0.029784065524944156,0.05584512285927029,0.08041697691734921,0.012658227848101266,0.034996276991809384,0.01563663440059568,0.007446016381236039,0.039463886820551006,0.004467609828741623,0.017870439314966492,0.0014892032762472078,0.008935219657483246,0.006701414743112435,0.0007446016381236039,1.0,0.006582420446906146,0.0165156105358625,-0.008229606146935159,-0.015901422633144667,0.017381133971370595,0.04715082898613843,0.021776583510032456,0.0057155776856867525,0.016738770996400122,-0.01874089492682634,0.0127527095965041,0.01803119790514302,-0.0051595500980050795,-0.03073001132430664,-0.013414148844041917,-0.031720228553834176,-0.002222597577242128,-0.010399584365100635,0.03316827862580564,-0.029917117631691883,-0.0036884580266626347,-0.008522020945022944,-0.010597683037355959,-0.007297769084184242,-0.004229919992113815,-0.009118447195066853,0.007965365967415603,-0.017681285499883802,-0.030473310626675323,-0.006025962007218144,0.015951904504622933,-0.032722652772327054,0.014300309726316695,0.020016463702255276,-0.01294293698156917,0.02426371080306443,0.06790705836828669,0.015921771038990333,-0.05039467089174799,-0.00037896666920503964,1.0,0.006587325380175073,0.01649756533972107,-0.008466535540447925,-0.01611858729366255,0.017944250924962872,0.04763996970485532,0.020489818291315527,0.003922882945358465,0.017484796927057105,-0.017686409585658407,0.011630698556858396,0.01621628555280179,-0.007745071917112687,-0.03362349436330433,-0.013591998760544522,-0.030024606729141867,-0.0034376623438089763,-0.012861846913883803,0.03459433234008765,-0.028790684334119077,-0.0012155586796047516,-0.002863029285113834,-0.007359676788699051,-0.008691825187774479,-0.004017742979802339,-0.0075300025042866385,0.010397095066650078,-0.018820556182839263,-0.028880753698594747,-0.0077948549249201625,0.017247648726214423,-0.03431780194713028,0.015235894232665494,0.02274658539834869,-0.008739553238897692,0.02264768219977275,0.07326793622124152,0.015106863491727747,-0.05614365146689107,-0.0014022896916571243
3.4711754437882374,0.6111653132503276,0.8793745346239762,21.0,99.0,126.0,108.0,98.0,93.0,22.0,46.0,10.0,9.0,15.0,0.0,134.0,107.0,131.0,119.0,116.0,130.0,71.0,129.0,119.0,112.0,120.0,83.0,0.2472952086553323,0.34775888717156106,0.40494590417310666,0.28665207877461707,0.3398978847556528,0.37345003646973013,0.00967982129560685,0.010424422933730455,0.01712583767684289,0.012658227848101266,0.008190618019359643,0.007446016381236039,0.0022338049143708115,0.00967982129560685,0.0052122114668652275,0.0022338049143708115,0.05137751303052867,0.0052122114668652275,0.03648548026805659,0.0052122114668652275,0.027550260610573342,0.027550260610573342,0.014147431124348473,0.0037230081906180195,0.007446016381236039,0.0022338049143708115,0.006701414743112435,0.03127326880119136,0.0029784065524944155,0.034996276991809384,0.011169024571854059,0.011913626209977662,0.034996276991809384,0.03127326880119136,0.005956813104988831,0.04244229337304542,0.021593447505584513,0.008190618019359643,0.10349962769918093,0.0022338049143708115,0.05361131794489948,0.018615040953090096,0.04393149664929263,0.058823529411764705,0.06180193596425912,0.006701414743112435,0.03425167535368578,0.012658227848101266,0.006701414743112435,0.04839910647803425,0.0029784065524944155,0.01340282948622487,0.0029784065524944155,0.00967982129560685,0.008935219657483246,0.0014892032762472078,1.0,-0.043731830359840865,-0.001205775932137702,-0.03980308440475611,0.02651887792894187,-0.016037821652712635,0.02332897322592885,-0.01985757923190824,0.010086519905535933,-0.026898263556186484,-0.011118134939429451,0.00254769642227277,0.0003894588294162827,0.022423984502905,-0.006939457031535086,-0.06066423507705446,-0.019001502889785277,-0.057219454485261084,0.01245981112258753,-0.05818475734229701,0.0016444350476296408,-0.029856322543180554,-0.02165365703469271,0.01501976538737058,0.02529469971785793,-0.03326997559472649,0.026748819676344848,-0.0035189085596587857,-2.7449058846168346e-05,-0.017480816612265145,0.010401286429222006,-0.03447159368343875,0.024229951915955835,-0.005042678843627622,0.005269071999467167,-0.03838504215014524,-0.025212397241757556,-0.009375360004867732,0.012012424936596688,-0.003980429896337836,0.03275650393975106,1.0,-0.04376441741674092,-0.0031288913288832635,-0.04015945481922783,0.023160167321761422,-0.014233682381441296,0.020816249750859248,-0.016316638924123012,0.007058226371280414,-0.024212710423196546,-0.016023227093902376,0.0033271659080201144,-0.0028460615691627135,0.02391527210477054,-0.005633244840840231,-0.06124822764394548,-0.023227831617192794,-0.06287746977789706,0.003265158214580324,-0.06053320046876245,-0.007729436985253703,-0.027411900399429697,-0.0321525413479046,0.018032581370235695,0.017061958846665587,-0.032309023353821846,0.020588220658733968,-0.0014667337842511014,-0.002417590161185635,-0.018117833642296174,0.004732537066253815,-0.040173019527801064,0.013354965790564933,-0.0031276623789836607,-0.009674172865724544,-0.038426207918156985,-0.04492195604209645,-0.01758833654465359,-0.00014341457404768435,-0.006266151267199708,0.028199904662054645
3.501367314137334,0.6629112606777499,0.8838421444527178,0.0,107.0,122.0,123.0,96.0,96.0,30.0,32.0,26.0,11.0,4.0,2.0,134.0,107.0,127.0,127.0,112.0,126.0,107.0,123.0,113.0,112.0,121.0,107.0,0.19722650231124808,0.39445300462249616,0.4083204930662558,0.2704802259887006,0.327683615819209,0.4018361581920904,0.017870439314966492,0.007446016381236039,0.010424422933730455,0.011169024571854059,0.014147431124348473,0.01712583767684289,0.0029784065524944155,0.00967982129560685,0.004467609828741623,0.0014892032762472078,0.035740878629932984,0.01563663440059568,0.035740878629932984,0.004467609828741623,0.011169024571854059,0.022338049143708117,0.023827252419955324,0.005956813104988831,0.0037230081906180195,0.0037230081906180195,0.0022338049143708115,0.02531645569620253,0.0022338049143708115,0.028294862248696945,0.01340282948622487,0.010424422933730455,0.028294862248696945,0.040208488458674606,0.005956813104988831,0.04318689501116903,0.027550260610573342,0.011913626209977662,0.10052122114668652,0.0037230081906180195,0.05658972449739389,0.03127326880119136,0.03127326880119136,0.0573343261355175,0.06180193596425912,0.011913626209977662,0.04393149664929263,0.014892032762472078,0.005956813104988831,0.04169769173492182,0.004467609828741623,0.021593447505584513,0.0014892032762472078,0.005956813104988831,0.0052122114668652275,0.0022338049143708115,1.0,-0.02891693954024203,-0.032008687441851265,0.015508870477154458,0.03671855566847539,0.02397836987521569,0.04446306983940165,0.03404077175538905,-0.016629707045691833,-0.018382312998821704,-0.017898753734249075,0.07223811115509726,0.021644942440886904,0.0028269573723617735,-0.0028610226052180384,0.028058578356560466,-0.016883089750964066,-0.027469430490018938,0.03760058784072128,-0.02922182912390201,0.01395491058415149,-0.013708424231876739,0.009122927928971973,-0.05076638765270428,0.024021505243379,0.02829322827114015,0.0030456407986369457,-0.06711866499036732,0.01124425453200147,-0.03131795040837449,0.010400908840070746,-0.030879061059930518,0.007059788378400492,-0.019019017461552278,-0.006286729548901647,0.044776968535105946,-0.04318133336834759,0.023698539314128714,0.0012195024995806014,-0.005476097502663792,0.008693923835951994,1.0,-0.028938487185204958,-0.03292143161034603,0.01365892078320329,0.03671622994271681,0.027286748802715862,0.048529584707571564,0.037888873317558656,-0.013639690498805266,-0.020704274561326935,-0.02591679504937203,0.0658514158870193,0.02298399394388199,0.008685063033635313,-0.00042935175741311906,0.026942335569239827,-0.018214717682110346,-0.03503376472694262,0.02628288324841417,-0.031770318603854854,0.01825505250656291,-0.011246160920127157,0.006011096317809579,-0.05089371075405938,0.020945842979308633,0.027285772844835247,0.004245866549987692,-0.06485296251427178,0.013639434767818485,-0.03924170442327947,0.014012855392573909,-0.03649011950712209,0.01082115520991507,-0.018353488127431688,0.009901462043277411,0.04776987384401742,-0.04782565267524814,0.025043597847142825,0.008811508232889273,-0.00494808609722833,0.008769209564867604
3.4813320404071915,0.6333188828305536,0.8749069247952346,2.0,111.0,120.0,108.0,84.0,93.0,14.0,48.0,23.0,24.0,17.0,6.0,134.0,119.0,123.0,123.0,116.0,128.0,87.0,127.0,124.0,117.0,117.0,105.0,0.22,0.3676923076923077,0.4123076923076923,0.273943661971831,0.3380281690140845,0.3880281690140845,0.014892032762472078,0.007446016381236039,0.011913626209977662,0.014147431124348473,0.011169024571854059,0.017870439314966492,0.0014892032762472078,0.007446016381236039,0.0037230081906180195,0.004467609828741623,0.039463886820551006,0.0052122114668652275,0.03127326880119136,0.0052122114668652275,0.02308265078183172,0.02680565897244974,0.021593447505584513,0.0022338049143708115,0.00967982129560685,0.0029784065524944155,0.0037230081906180195,0.02531645569620253,0.0029784065524944155,0.02680565897244974,0.010424422933730455,0.008190618019359643,0.03201787043931496,0.04616530156366344,0.0022338049143708115,0.04169769173492182,0.03350707371556218,0.011913626209977662,0.09381980640357408,0.0052122114668652275,0.0573343261355175,0.018615040953090096,0.04095309009679821,0.05286671630677588,0.06850335070737155,0.01340282948622487,0.03350707371556218,0.008190618019359643,0.004467609828741623,0.05286671630677588,0.0014892032762472078,0.021593447505584513,0.0029784065524944155,0.010424422933730455,0.0052122114668652275,0.0014892032762472078,1.0,-0.008652986820943192,0.013338890282788979,-0.030343821805453038,-0.019678972765270447,-0.04548698278933675,0.008759017908997116,-0.00760377431648839,0.012848180297147004,-0.03410795415758191,-0.009823962902678805,-0.03622283683911909,0.0013764480666507576,0.0103685510310671,0.024704898451102426,0.0334858013266066,0.024774095623817317,-0.0243965659661251,-0.0023602419522457565,0.006039812868868736,0.012195095235671966,-0.032521266850885494,-0.0364880040280542,0.05105033582532689,0.02569980920282595,-0.056479698286144665,0.0425117213739663,0.03463131212221441,-0.006818329059695872,0.008533326549400347,-0.015803440258327795,0.01102256235374772,0.026340349570313205,-0.007076830709654374,0.012610471807924408,0.011932643800151722,0.036644693225090015,-0.06686517867621733,0.002630035158805524,-0.03911796795632902,0.02734023823379467,1.0,-0.008659434650168909,0.013284794590630086,-0.030190165752910406,-0.020444635625866125,-0.045268652465313496,0.0076004176361743605,-0.007587794285136302,0.009475434339072563,-0.035441770702911775,-0.013038365113152152,-0.035016942223215504,-0.0013677103629424594,0.01029301999037841,0.019314990077265393,0.03235685390965873,0.022287926120523938,-0.022332514723661795,-0.00113995144005855,0.011270356036522745,0.012707983434914739,-0.0332611425389898,-0.04092915889869387,0.05506642651946228,0.03077018731360513,-0.057494593885930007,0.0415822231010605,0.04016752795239836,-0.007620390887178924,0.008062865091520564,-0.018806660152745538,0.013463300623630589,0.031318225515385,-0.0069999283270012385,0.012231162889884453,0.01780651653183517,0.04308201023059168,-0.06279205731503823,0.00040216736414129143,-0.0405714642923705,0.030999339860030353
3.4357868292889053,0.6085847055306537,0.8823529411764706,5.0,104.0,126.0,118.0,85.0,98.0,28.0,48.0,8.0,9.0,11.0,2.0,134.0,108.0,129.0,127.0,116.0,128.0,53.0,129.0,109.0,111.0,122.0,89.0,0.235202492211838,0.3426791277258567,0.4221183800623053,0.28856088560885607,0.3416974169741697,0.36974169741697416,0.016381236038719285,0.005956813104988831,0.014892032762472078,0.010424422933730455,0.011913626209977662,0.01712583767684289,0.0007446016381236039,0.011169024571854059,0.0029784065524944155,0.0014892032762472078,0.04169769173492182,0.006701414743112435,0.04988830975428146,0.005956813104988831,0.01563663440059568,0.024571854058078928,0.011913626209977662,0.0022338049143708115,0.00967982129560685,0.0022338049143708115,0.0,0.03425167535368578,0.0037230081906180195,0.027550260610573342,0.014892032762472078,0.01340282948622487,0.039463886820551006,0.0379746835443038,0.0029784065524944155,0.040208488458674606,0.029784065524944156,0.008190618019359643,0.09233060312732688,0.0029784065524944155,0.06626954579300075,0.029784065524944156,0.03276247207743857,0.06403574087862993,0.06850335070737155,0.0052122114668652275,0.03052866716306776,0.014892032762472078,0.0037230081906180195,0.039463886820551006,0.0029784065524944155,0.01563663440059568,0.0014892032762472078,0.007446016381236039,0.005956813104988831,0.0,1.0,0.006283611293289173,-0.0024939632393926278,0.033714323278214005,-0.025983980895892923,-0.04284658889717449,-0.0018893495972611362,-0.002206661271426456,-0.026257888750117548,-0.0018694281127609798,-0.055366875494117396,-0.006927376477709739,0.030473989102777613,-0.0037411545240251943,0.0014111255819122786,0.0566355212005952,-0.013562261601226937,-0.027775891998431675,0.023542002691305467,0.032646875668737856,-0.04435935801614648,0.006654120272844413,0.023185742439965764,-0.026644040665953744,0.0025014806814385926,-0.04850557853563049,0.01721369746471764,0.021994639485558947,-0.046613313820728204,-0.04336121979423455,0.0035709522705629775,0.006476826522016079,-0.008746071962292538,0.003969612826658867,-0.04151490909150278,-0.00962933045959906,-0.020172850439590627,0.007138993608980855,-0.015149044241971969,0.00782798946241522,-0.03213931598441116,1.0,0.006288293566980148,-0.0025373257653302918,0.03382305976798488,-0.026528648625197184,-0.04255019581553094,-0.002621017902757252,-0.000589743029936144,-0.02428320008196498,-0.0036795023322140764,-0.057925788370873796,-0.004943513105189839,0.02951304020788226,-0.002736063362558152,-0.0014341023293432534,0.05041790768612737,-0.014193782556598885,-0.025849773068351973,0.01801302924270211,0.036263535364230215,-0.04220049197533485,0.0032372469182994283,0.023751837932125434,-0.019136983242382673,0.001972606640566041,-0.049677630522143516,0.02112783141809424,0.018801928855553242,-0.046235379892426105,-0.04296675872763225,-0.006958951965243543,0.011146818177282304,0.00036304383556244434,-0.010399462033997631,-0.05235716238833231,-0.005208479669620789,-0.02122947636777359,0.0068049309478359545,-0.021258811833001854,0.0027861535791891064,-0.034262740624941224
3.4549990649486793,0.6116564368835318,0.8763961280714817,7.0,99.0,124.0,106.0,68.0,104.0,26.0,50.0,29.0,19.0,14.0,17.0,134.0,111.0,127.0,123.0,119.0,128.0,65.0,126.0,113.0,124.0,125.0,99.0,0.24283559577677225,0.334841628959276,0.42232277526395173,0.2783357245337159,0.3436154949784792,0.3780487804878049,0.016381236038719285,0.006701414743112435,0.008935219657483246,0.011169024571854059,0.014147431124348473,0.014147431124348473,0.0014892032762472078,0.004467609828741623,0.004467609828741623,0.0052122114668652275,0.034996276991809384,0.008935219657483246,0.03201787043931496,0.0052122114668652275,0.026061057334326135,0.03127326880119136,0.010424422933730455,0.0014892032762472078,0.0052122114668652275,0.0029784065524944155,0.0022338049143708115,0.03127326880119136,0.0022338049143708115,0.03425167535368578,0.014892032762472078,0.01563663440059568,0.029784065524944156,0.05361131794489948,0.0014892032762472078,0.03723008190618019,0.024571854058078928,0.007446016381236039,0.1154132539091586,0.0022338049143708115,0.06180193596425912,0.021593447505584513,0.029039463886820552,0.05584512285927029,0.06254653760238273,0.011169024571854059,0.03276247207743857,0.01563663440059568,0.006701414743112435,0.0379746835443038,0.0029784065524944155,0.02084884586746091,0.0014892032762472078,0.00967982129560685,0.007446016381236039,0.004467609828741623,1.0,0.048175569213071465,-0.007132494650785799,0.03593685409321145,-0.017494172061178617,-0.0022157022319380646,0.00495393180685922,-0.025230645407085014,-0.016950337002890673,0.017006281203833903,-0.01856540855228579,-0.02029178105606135,0.002792450619046114,-0.03484266106912285,0.032842381514005606,-0.0026386952336526965,-0.03897456125464299,0.003860125636081746,-0.013149016686369076,0.012663858168290633,-0.014621839207943113,0.01074480800440352,0.02506388649810272,-0.00804990080282852,-0.000810073901419789,-0.007752150979742876,-0.042927173133523865,0.021596663904885845,0.007608046193853118,-0.010225056790629428,0.012374662246191694,0.026325133776338664,0.02040717795959012,-0.010835828138553586,-0.006524722484949387,-0.04833238132649828,-0.054868490160893936,-0.04878217136467693,-0.013683155034180609,0.013397241729283117,0.00273400334555243,1.0,0.04821146755078612,-0.009489534788565096,0.03691157450132128,-0.021252345074751988,0.00036226731376754314,0.003362133750812825,-0.024472059648078387,-0.014858905966004452,0.017931860598630108,-0.01886086426150124,-0.018104730227763797,0.00242326950046217,-0.03380299717864215,0.037200181340108315,-0.008868473851733326,-0.03513955483327836,0.0036967417593333917,-0.014837906888142561,0.01748674000007078,-0.01994690293841227,0.013874079507796074,0.02472126714754516,-0.013248047961177335,-0.0015818721826838789,-0.007363374736070174,-0.0445362174463156,0.027909222768961135,0.00234652635748167,-0.007946951478309608,0.013767987770102125,0.022526572745152993,0.022495689354510597,-0.018394355857975227,-0.0060266983413476555,-0.045819384275706906,-0.05801749181562066,-0.04472618528019003,-0.0038639871079171554,0.014648862839013415,0.007301381519132526
3.4495955275823027,0.6255155971300144,0.8808637379002234,4.0,108.0,120.0,115.0,95.0,84.0,39.0,66.0,21.0,18.0,13.0,3.0,133.0,110.0,125.0,123.0,119.0,127.0,99.0,123.0,111.0,113.0,118.0,110.0,0.22448979591836735,0.3629737609329446,0.41253644314868804,0.27143869596031184,0.33026222537207656,0.3982990786676116,0.016381236038719285,0.011169024571854059,0.012658227848101266,0.018615040953090096,0.01563663440059568,0.011913626209977662,0.0,0.007446016381236039,0.004467609828741623,0.0022338049143708115,0.0387192851824274,0.00967982129560685,0.023827252419955324,0.0052122114668652275,0.02084884586746091,0.01712583767684289,0.011913626209977662,0.0022338049143708115,0.0022338049143708115,0.004467609828741623,0.0029784065524944155,0.020104244229337303,0.0022338049143708115,0.02680565897244974,0.014147431124348473,0.014147431124348473,0.026061057334326135,0.04318689501116903,0.006701414743112435,0.0379746835443038,0.027550260610573342,0.014147431124348473,0.09903201787043932,0.0022338049143708115,0.06701414743112435,0.02308265078183172,0.0387192851824274,0.06701414743112435,0.06701414743112435,0.010424422933730455,0.03648548026805659,0.01712583767684289,0.0014892032762472078,0.054355919583023084,0.0014892032762472078,0.021593447505584513,0.0007446016381236039,0.012658227848101266,0.005956813104988831,0.0007446016381236039,1.0,0.02236390631366036,-0.044926461318608356,0.002366498348448272,0.019041436435312555,0.01505710863373108,0.03196174311580862,0.021372784758874247,-0.014434509984168531,-0.0036702999948361554,-0.008201011822407013,0.05825091500267237,0.002707526240395551,0.054286176280366194,-0.014116848489488628,0.01178123875403394,-0.01263025190468943,-0.021533752833167972,0.008299384473849473,0.030767528586421716,0.05326577655143252,-0.029416073945548415,0.0036525437273166607,-0.015578585112959405,0.0378618039702525,-0.009778977162406232,0.023490197499210306,-0.00833312319479847,-0.010487365488121889,0.012551438024405746,0.03077089304748184,-0.05680382478984751,-0.00596393738217088,0.006164175386444599,0.012135447179404072,0.048661702213666516,0.03381736933521752,0.024182806412754755,-0.018644827946532074,0.01732974905952187,-0.028763093294543154,1.0,0.02238057092343209,-0.04551715477565056,0.004454766841935511,0.01693385832330301,0.014615949867248507,0.033121537233108456,0.02128078068473959,-0.01303655207677845,-0.001918709721637314,-0.011001147084263398,0.05752084249687075,-0.0019145034731814388,0.05972849835992915,-0.016645687609468822,0.01703970651635053,-0.016869876171660095,-0.025233992608822812,0.004209353544852517,0.027182045068585528,0.05316299659613265,-0.026146493255351393,0.00697708192360022,-0.01760453093372466,0.030933438536519076,-0.014720179453527854,0.01974355186040617,-0.007210122186683123,-0.005322674637181917,0.013894323310896439,0.028216073911894193,-0.068829712472935,0.0013406750025639776,-0.008027846066983405,0.020368360509427887,0.04464616337542237,0.041977332062125644,0.024863953518965056,-0.014320124279931087,0.011556801418565209,-0.03851441058129278
3.4937748206924653,0.63297739031255,0.8883097542814594,1.0,107.0,124.0,110.0,89.0,88.0,44.0,26.0,20.0,4.0,17.0,0.0,134.0,113.0,129.0,127.0,119.0,127.0,101.0,123.0,113.0,111.0,113.0,106.0,0.18253968253968253,0.353968253968254,0.4634920634920635,0.2711864406779661,0.3319209039548023,0.3968926553672316,0.014147431124348473,0.004467609828741623,0.01563663440059568,0.00967982129560685,0.020104244229337303,0.010424422933730455,0.0029784065524944155,0.007446016381236039,0.0037230081906180195,0.0022338049143708115,0.035740878629932984,0.011913626209977662,0.03127326880119136,0.0052122114668652275,0.023827252419955324,0.026061057334326135,0.012658227848101266,0.0014892032762472078,0.011913626209977662,0.0037230081906180195,0.0014892032762472078,0.026061057334326135,0.0029784065524944155,0.024571854058078928,0.01563663440059568,0.012658227848101266,0.040208488458674606,0.04765450483991065,0.0029784065524944155,0.03276247207743857,0.018615040953090096,0.012658227848101266,0.10349962769918093,0.007446016381236039,0.04169769173492182,0.024571854058078928,0.03052866716306776,0.0573343261355175,0.0781831720029784,0.01563663440059568,0.04095309009679821,0.01563663440059568,0.008935219657483246,0.04318689501116903,0.004467609828741623,0.01563663440059568,0.0037230081906180195,0.010424422933730455,0.0052122114668652275,0.0,1.0,0.03703512870744181,-0.012191570598663899,-0.002991906505778762,-0.002948802415609516,0.023663979712856168,0.04920822233511743,-0.0033285080820640084,0.03829951734188733,0.026399036294458278,0.07110951214626549,-0.048680401152322104,0.005007147726899126,-0.06517263894378457,0.01999276566437173,0.03799331635795169,0.020487875141333364,0.04944247507364964,-0.004390480312276126,0.014998867879341298,0.034364902672240315,0.021215242570784117,-0.022420746553663596,-0.019454089874544053,0.012873146812597424,0.03156560774634414,0.008110325228484044,0.049491595353640366,0.014669275906937559,-0.022160300974591457,-0.021650876520393696,-0.018265993185163646,-0.0069199771100423735,-0.002899659588170167,-0.008035011444793138,0.022020190465672877,0.042429984455576705,0.025212424420885893,-0.041744193195070715,-0.02565754156212322,-0.02892080130682679,1.0,0.037062725673691795,-0.01360208348038888,-0.002038970015373581,-0.002939212146430227,0.023945752001770813,0.04765889478613661,-0.00636954154563189,0.04039833241181599,0.024057273873349896,0.07108368599873473,-0.05607978155359051,0.009511778861334365,-0.06968079300682302,0.02162176105186673,0.029032695434835984,0.013385468643493385,0.05389014173310416,-0.01242276858100467,0.02536858421817842,0.025676103039386992,0.030032681413673774,-0.030918970029592017,-0.014576192079453713,0.0009886838427788376,0.022078893424621476,-0.002600071595380977,0.04669340902052605,0.02335242503017131,-0.028671630366788495,-0.017805545563030663,-0.023794960683057077,-0.002582745066512426,-0.010962576775657956,-0.013530696580683796,0.01429249854744476,0.03931334249928982,0.020726641402273545,-0.03543696770242252,-0.013591334705596668,-0.026192507143357285
3.488204323506899,0.6430558029653901,0.8763961280714817,8.0,91.0,111.0,113.0,86.0,76.0,12.0,51.0,12.0,17.0,1.0,2.0,133.0,97.0,117.0,118.0,112.0,117.0,51.0,119.0,106.0,107.0,113.0,85.0,0.23275862068965517,0.3931034482758621,0.3741379310344828,0.28941176470588237,0.3474509803921569,0.3631372549019608,0.014147431124348473,0.00967982129560685,0.01340282948622487,0.014892032762472078,0.014147431124348473,0.01340282948622487,0.0014892032762472078,0.010424422933730455,0.006701414743112435,0.0029784065524944155,0.0387192851824274,0.011169024571854059,0.029039463886820552,0.005956813104988831,0.02084884586746091,0.021593447505584513,0.012658227848101266,0.0052122114668652275,0.011169024571854059,0.004467609828741623,0.0037230081906180195,0.023827252419955324,0.0014892032762472078,0.04169769173492182,0.008935219657483246,0.012658227848101266,0.029039463886820552,0.04616530156366344,0.0029784065524944155,0.03201787043931496,0.02084884586746091,0.014892032762472078,0.10349962769918093,0.0029784065524944155,0.045420699925539834,0.018615040953090096,0.03648548026805659,0.06924795234549516,0.06254653760238273,0.005956813104988831,0.04095309009679821,0.01563663440059568,0.006701414743112435,0.05584512285927029,0.0037230081906180195,0.014892032762472078,0.0029784065524944155,0.006701414743112435,0.005956813104988831,0.0014892032762472078,1.0,0.10031705405406635,0.023984652201958227,0.03609886381195646,0.04266655719627769,0.05077074886958073,0.03209397492670192,-0.013869539918652422,-0.04902538542825867,0.03585704883776851,0.07833982741551573,0.027138700777545995,0.06431586076966747,0.035332457994674556,0.010191954975497231,0.025172349172928134,0.03558146774082795,-0.06098604624971716,0.012662923235280461,0.062489780425039915,0.024526570711453,-0.011349539029055476,0.036376139462433156,0.05264477739372167,0.006480134484454488,0.011583314427723784,0.04396830607459097,0.005900258163273266,0.060709389858156104,-0.06579318181753525,-0.045021197283238834,-0.010148925302470602,0.01732211867128833,0.03148830672134302,0.005843814054057638,0.026258611130848947,-0.028594746791544858,0.0015969966183065367,0.02240592920705414,-0.058443461284518765,-0.039916110689130084,1.0,0.10039180595723629,0.014083853112644606,0.03272452786598861,0.03609303453923716,0.042630906749621715,0.0211810879118186,-0.02323500061519591,-0.05165196973209676,0.04186448035509582,0.07156553407148829,0.014421424732044674,0.06213017218576198,0.02206376426671543,-0.004628043324246722,0.008564728872298833,0.020081949282337475,-0.07149517892017287,0.02572515573772708,0.059026541533032426,0.01546554584442871,-0.0207383141938209,0.03011164666324187,0.0420808969817614,-0.016215527690725248,-0.009010858922221261,0.045193928988123355,0.006312695510234956,0.049506626552769085,-0.08908571022252877,-0.035512313923284,-0.011700217718902842,0.008915062730349027,0.03300585651718817,0.0016494182031426782,0.02562454192676455,-0.03290795893124118,-0.012019800747966164,-0.005011808847660016,-0.06020896941199426,-0.01883447289032087
3.4666388919219355,0.621368843813809,0.8838421444527178,10.0,102.0,125.0,108.0,103.0,114.0,21.0,25.0,11.0,28.0,13.0,2.0,134.0,110.0,128.0,122.0,119.0,130.0,73.0,127.0,121.0,119.0,123.0,99.0,0.22507552870090636,0.3776435045317221,0.3972809667673716,0.2782918149466192,0.3423487544483986,0.37935943060498223,0.02084884586746091,0.010424422933730455,0.008935219657483246,0.00967982129560685,0.014147431124348473,0.006701414743112435,0.0007446016381236039,0.011913626209977662,0.0037230081906180195,0.0007446016381236039,0.03723008190618019,0.0052122114668652275,0.0379746835443038,0.005956813104988831,0.017870439314966492,0.026061057334326135,0.01340282948622487,0.0052122114668652275,0.00967982129560685,0.0052122114668652275,0.0052122114668652275,0.017870439314966492,0.0029784065524944155,0.03350707371556218,0.00967982129560685,0.01712583767684289,0.03648548026805659,0.04095309009679821,0.0037230081906180195,0.034996276991809384,0.023827252419955324,0.011913626209977662,0.114668652271035,0.004467609828741623,0.06031273268801191,0.020104244229337303,0.02680565897244974,0.06180193596425912,0.06552494415487714,0.008190618019359643,0.0379746835443038,0.018615040953090096,0.008190618019359643,0.040208488458674606,0.0,0.0193596425912137,0.0022338049143708115,0.012658227848101266,0.005956813104988831,0.0029784065524944155,1.0,0.03401629436853622,0.029045684008097716,-0.04959220744481451,0.04809448562845839,-0.011875291491624397,0.0037819455294924105,0.03193701436204902,0.05215207922302255,0.04622657170201842,0.006650561139609626,-0.033833724727887975,-0.016807507527990484,-0.03617171229053896,-0.004927487606268096,-0.044467702559039805,-0.000691861616823199,-0.04979778105250229,-0.013604656310476996,-0.028618149000607267,-0.0028490653189835184,0.008172601577918317,-0.04249052124693575,-0.01652617218986156,-0.04039064530345369,-0.03529862061815556,-0.05503093939793557,-0.01930806172513504,0.009631533998003088,0.029439038197500732,0.005465835416845228,-0.012030781603451706,-0.02575789722574272,0.006456020591544696,0.0024095427839597085,-0.005115968771747082,-0.018227027997806046,0.08131646370104416,0.03887415891462782,0.02981104816912894,-0.019134228837926495,1.0,0.03404164183080785,0.027962574032936408,-0.051717998825610866,0.051087569281107297,-0.012587608183436162,-0.0007937512287388477,0.03809004368065127,0.04640111773216327,0.04274824551598496,0.004209804433663399,-0.03565064065204263,-0.014466836246020272,-0.03681747851214882,-0.006078022639698077,-0.04462194531147689,-0.0059764366719783765,-0.05051357101749359,-0.015767719107669595,-0.01783986805388323,0.00047340005944614735,0.019259905885620456,-0.0408658870433251,-0.008456271745587511,-0.03258056259708696,-0.03433633545816363,-0.04676265718444814,-0.017028135988172596,0.008039935775108833,0.026668936533735157,0.002164893106089615,-0.007585487702703828,-0.022506981868729452,0.012978155506747356,0.006294789201231543,-0.008464227559943412,-0.022673525287534285,0.07092244845919096,0.02809346573911157,0.015719798259239193,-0.014547313660790415
3.4745354798014674,0.6048264445615779,0.8838421444527178,2.0,102.0,118.0,119.0,90.0,78.0,44.0,36.0,5.0,28.0,1.0,2.0,134.0,103.0,123.0,125.0,123.0,122.0,97.0,127.0,107.0,106.0,121.0,104.0,0.1856,0.3872,0.4272,0.27514367816091956,0.3311781609195402,0.3936781609195402,0.018615040953090096,0.007446016381236039,0.008190618019359643,0.011913626209977662,0.01712583767684289,0.016381236038719285,0.0007446016381236039,0.0037230081906180195,0.0052122114668652275,0.0029784065524944155,0.03127326880119136,0.007446016381236039,0.029039463886820552,0.006701414743112435,0.023827252419955324,0.03350707371556218,0.011169024571854059,0.0014892032762472078,0.011169024571854059,0.0052122114668652275,0.0052122114668652275,0.02308265078183172,0.0037230081906180195,0.02531645569620253,0.012658227848101266,0.012658227848101266,0.024571854058078928,0.0379746835443038,0.0052122114668652275,0.02680565897244974,0.02531645569620253,0.012658227848101266,0.10424422933730454,0.0007446016381236039,0.05286671630677588,0.014147431124348473,0.034996276991809384,0.06031273268801191,0.06775874906924795,0.007446016381236039,0.04616530156366344,0.02084884586746091,0.006701414743112435,0.06775874906924795,0.0029784065524944155,0.021593447505584513,0.0022338049143708115,0.008935219657483246,0.00967982129560685,0.0022338049143708115,1.0,0.06570285602752098,0.03766763309337336,0.017807265722143605,0.018128732339166932,-0.054806342600771094,-0.014158873951627845,-0.01764144197993251,0.06695718235906412,-0.0037638105050103684,0.02118272590673233,0.05165831102594122,0.019987834871606033,0.03908794126056088,0.04063644754842511,-0.014332596362479128,0.04197335704517547,0.024893007841196964,-0.02331000937014629,0.01624975839012463,-0.015545679694430284,0.024605356615621986,0.02951453701788196,0.027185397655001588,0.059658690885926326,-0.029158607102036427,-0.0314814111515748,0.015112794205223531,-0.011279416077933637,0.024014806610241565,0.02286786134291596,-0.000582731910407662,0.024780287590009067,0.015374600292403567,-0.023903602148579697,0.06796723192419875,-0.015252882688374374,0.000373572274633359,-0.02118202351155499,-0.033551233188967085,-0.030806668993981844,1.0,0.06575181493663239,0.033545537812403436,0.013316743201207227,0.01503208399844241,-0.05852669628409488,-0.008503389746895249,-0.012988417590586675,0.07225073563553669,-0.00925789358029212,0.015317421260707842,0.047596744080046646,0.00830573069689895,0.04202910260023583,0.03368026656040695,-0.020323033575287773,0.042004737902570456,0.02309814439944747,-0.026567571028910726,0.01696661200549214,-0.020115683498551612,0.0253827494936041,0.024964293553240903,0.022713859256163944,0.04806657554945167,-0.050419435717318724,-0.027993463219057248,0.01308553929024834,-0.008214291024771463,0.03251559318437692,0.010138791126452657,-0.008666435490405591,0.015036475743887091,0.009405910307083515,-0.024337562890024013,0.06487927763629119,-0.02188188232054936,-0.0035838805284467913,-0.02711697291981724,-0.03085891386966864,-0.0293265905482096
3.50617134213444,0.6497468203351999,0.8816083395383469,4.0,101.0,127.0,121.0,93.0,94.0,22.0,32.0,21.0,10.0,9.0,1.0,133.0,103.0,130.0,124.0,119.0,129.0,102.0,125.0,117.0,120.0,122.0,112.0,0.2047244094488189,0.3858267716535433,0.4094488188976378,0.2694986072423398,0.3342618384401114,0.39623955431754876,0.021593447505584513,0.0007446016381236039,0.00967982129560685,0.012658227848101266,0.0193596425912137,0.012658227848101266,0.0037230081906180195,0.00967982129560685,0.0052122114668652275,0.0037230081906180195,0.04169769173492182,0.01563663440059568,0.03052866716306776,0.00967982129560685,0.016381236038719285,0.01563663440059568,0.021593447505584513,0.0029784065524944155,0.005956813104988831,0.005956813104988831,0.0014892032762472078,0.03276247207743857,0.0037230081906180195,0.024571854058078928,0.014147431124348473,0.008935219657483246,0.022338049143708117,0.03052866716306776,0.006701414743112435,0.034996276991809384,0.027550260610573342,0.011913626209977662,0.11094564408041697,0.0037230081906180195,0.044676098287416234,0.03350707371556218,0.03425167535368578,0.06552494415487714,0.05584512285927029,0.011913626209977662,0.03276247207743857,0.024571854058078928,0.008935219657483246,0.049143708116157855,0.0022338049143708115,0.018615040953090096,0.0007446016381236039,0.010424422933730455,0.005956813104988831,0.0014892032762472078,1.0,-0.012510694723475624,0.013106426630665738,0.02152706227797626,-0.05031837778635007,0.01898247918159049,0.03419262611398242,0.02524098854054963,0.02123409749175004,0.026431680240074126,0.038226407397524954,0.004398298826943609,0.030747320849887936,0.006709961863856973,0.000324604257784239,0.017473705949472635,0.03192683843974811,-0.005467867939010158,-0.011695364151195606,0.007981531080381883,-0.00011306708963550227,-0.0565604031507012,-0.027541946618322315,0.03238547775417006,0.021875276323818933,-0.0211570183004404,0.02617355867348976,-0.008052229137630693,-0.01910637543818868,0.04242499912853558,-0.039274221167088674,-0.012565009611511668,0.05902986862845347,-0.03083231581433152,0.023667525565193904,-0.049193384850472,0.004098548107504639,-0.01443873730223062,-0.009816688908169044,0.059089048845971104,0.0015281367507140845,1.0,-0.012520017148753913,0.012971256299741095,0.021906982586258773,-0.050135828678520296,0.017321319818994513,0.03578058346830285,0.02793273629105501,0.017781461136142797,0.026836031737447318,0.04100241596612967,0.005424988706228065,0.029038153645357903,0.0061414013567536105,0.0006147050959404432,0.012642458426963418,0.031139545835930836,-0.008919628193835577,-0.018394292526545744,0.003977788993190834,0.000124588811306975,-0.06296104296426948,-0.03767650011928052,0.032485657078607906,0.02470203935143627,-0.030250037175066906,0.0210327986603589,0.0013948319287586494,-0.014360738439518144,0.040630602583259484,-0.0332221858407985,-0.01158130045004502,0.05879633728417077,-0.022011459097450406,0.020036844240806248,-0.05620490209733885,0.010124703558102667,-0.010433954469286636,-0.010671779948988963,0.0487084186856324,0.007672982733521724
3.4948964894242174,0.6226095324010008,0.8838421444527178,2.0,110.0,128.0,122.0,103.0,80.0,22.0,30.0,13.0,4.0,2.0,0.0,134.0,111.0,131.0,127.0,119.0,130.0,106.0,125.0,111.0,115.0,113.0,109.0,0.18181818181818182,0.39285714285714285,0.4253246753246753,0.2718378756114605,0.32983927323549966,0.39832285115303984,0.011169024571854059,0.008935219657483246,0.008190618019359643,0.016381236038719285,0.01563663440059568,0.01340282948622487,0.0037230081906180195,0.005956813104988831,0.007446016381236039,0.0014892032762472078,0.04169769173492182,0.010424422933730455,0.03052866716306776,0.008190618019359643,0.02308265078183172,0.020104244229337303,0.016381236038719285,0.0022338049143708115,0.005956813104988831,0.0029784065524944155,0.0014892032762472078,0.026061057334326135,0.0029784065524944155,0.02680565897244974,0.01712583767684289,0.010424422933730455,0.023827252419955324,0.0379746835443038,0.007446016381236039,0.03425167535368578,0.023827252419955324,0.014147431124348473,0.10796723752792256,0.004467609828741623,0.05584512285927029,0.023827252419955324,0.04616530156366344,0.0573343261355175,0.06180193596425912,0.007446016381236039,0.04318689501116903,0.0193596425912137,0.004467609828741623,0.04690990320178704,0.0029784065524944155,0.01563663440059568,0.008190618019359643,0.006701414743112435,0.005956813104988831,0.0014892032762472078,1.0,0.014734753112331729,-0.03174253310065483,-0.0005796577673564733,0.015666499515306343,-0.00696133722265648,-0.0016697763690739715,-0.041284440795912807,-0.015106472701244059,-0.017596275926213923,0.047739301131129175,-0.030852553112594397,0.040986487142362846,0.01320584655932329,-0.013324081608530505,-0.013203254739117628,-0.04595334437955819,0.05346341361650246,0.008599631110531483,-0.021400649530876982,0.026165791194765607,-0.008728790984968324,0.0024297269468275397,0.0587925882774826,-0.011325707624350478,-0.004370731010178766,0.005586657989208128,0.01221531774075805,-0.016193212422840914,-0.004773720226429465,-0.0007028705105985704,-0.004895650034252154,-0.05295142720447905,0.01585230366575924,-0.02449591809576241,0.04569467325901647,0.010089598186238152,-0.014080869230779166,-0.06924490710074516,-0.011193026053385716,0.0007937513007151488,1.0,0.014745732809136726,-0.03201427239796415,0.0003753568077157318,0.014716984195641424,-0.007468001794926223,-0.0004936169945927605,-0.04197895314974866,-0.014272094365119874,-0.01975569034832301,0.04785083425356637,-0.032677797505805906,0.04559278052569197,0.010012416337527674,-0.014542430215028873,-0.01187506614260038,-0.050960892979389674,0.05943472814288944,0.002384749554397847,-0.013209272600292019,0.027673633031595087,-0.009940670449122497,-0.0007922869559582001,0.057105312395741646,-0.01200554366279368,8.22973607988913e-05,0.011109526945214339,0.004580200841369647,-0.008323910758034984,-0.005235481697319749,-0.00429800060601946,0.00011237136352778822,-0.05667769723602049,0.0185000007207918,-0.026145768089367902,0.04165752932564342,0.012014843548871803,-0.016971323814010585,-0.06850721352479,-0.011534316332874765,-0.01113079569437766
3.479143597868939,0.6311876748441783,0.885331347728965,0.0,115.0,125.0,107.0,91.0,70.0,47.0,33.0,4.0,5.0,21.0,7.0,134.0,119.0,129.0,119.0,117.0,126.0,103.0,127.0,119.0,123.0,119.0,111.0,0.1648,0.3312,0.504,0.2676348547717842,0.330567081604426,0.4017980636237898,0.018615040953090096,0.008935219657483246,0.014892032762472078,0.014147431124348473,0.00967982129560685,0.014147431124348473,0.0014892032762472078,0.00967982129560685,0.004467609828741623,0.0014892032762472078,0.03350707371556218,0.011169024571854059,0.040208488458674606,0.008190618019359643,0.014892032762472078,0.020104244229337303,0.014892032762472078,0.0014892032762472078,0.01340282948622487,0.0029784065524944155,0.0007446016381236039,0.023827252419955324,0.004467609828741623,0.027550260610573342,0.014892032762472078,0.010424422933730455,0.03276247207743857,0.04765450483991065,0.0052122114668652275,0.0387192851824274,0.022338049143708117,0.011169024571854059,0.09456440804169769,0.0007446016381236039,0.05212211466865227,0.023827252419955324,0.03350707371556218,0.06775874906924795,0.07148175725986597,0.006701414743112435,0.0379746835443038,0.0193596425912137,0.0052122114668652275,0.05063291139240506,0.0029784065524944155,0.01563663440059568,0.0029784065524944155,0.008190618019359643,0.005956813104988831,0.0022338049143708115,1.0,0.02566125110432122,0.019263188617899035,-0.029871603885815983,0.01588380978952797,-0.015058407067812366,0.055770394099266984,0.03219523122385408,-0.010191584031463915,-0.001432540905566822,0.01709309842058806,0.03707821561153293,-0.029357220076310572,-0.061384427750780235,0.003164427446397178,-0.01678051552898324,0.035945401524237815,0.055668090916821636,-0.023862138546428314,-0.002505648618020037,0.009389362714313175,0.005913503316966621,-0.03001254559645903,0.05093799481390301,-0.022143333544766983,-0.021340652181301906,-0.004049012445460851,0.023442494007295745,-0.04713441047263874,-0.005132911572661824,-0.004832112750313197,-0.03752283141345081,-0.014529597750115957,-0.014738765575029558,0.014037141634427997,-0.024051565208094428,0.009218082204528336,0.004461525650566768,-0.019114087501507154,-0.01703244746681361,-0.0033525901436206344,1.0,0.025680372751939934,0.018644732518018587,-0.030934618298224005,0.01715637933315789,-0.014830987683246904,0.055374010170834216,0.03112374726701306,-0.015284889821518672,0.0018806719740772923,0.017611505224040633,0.03668215410863871,-0.034084044628164924,-0.06530096294310395,0.0098793828664036,-0.01644945562788536,0.03389202866676737,0.05193695162853258,-0.03080657646048071,0.00973183013139161,0.014565117697145361,0.0018133962123461358,-0.03184804522400058,0.0490574755435073,-0.020360088333231975,-0.02611786636619676,-0.00311005021524587,0.015784317090080217,-0.04909209811613189,0.003207868697231259,9.031859132489944e-05,-0.04199411112248233,-0.00595057919446756,-0.01878089624772276,0.011435922806987771,-0.016347956329927325,0.014037676964873305,0.002306959366969847,-0.018693176634237838,-0.008699982915708856,-0.01032519347121095
3.4957116635189918,0.6252966195660269,0.8875651526433358,3.0,112.0,127.0,125.0,98.0,96.0,31.0,41.0,9.0,6.0,6.0,5.0,134.0,117.0,131.0,127.0,117.0,130.0,107.0,121.0,121.0,110.0,119.0,111.0,0.212443095599393,0.3611532625189681,0.4264036418816389,0.2664359861591695,0.328719723183391,0.40484429065743943,0.014892032762472078,0.00967982129560685,0.010424422933730455,0.021593447505584513,0.012658227848101266,0.012658227848101266,0.0014892032762472078,0.006701414743112435,0.0014892032762472078,0.0022338049143708115,0.04169769173492182,0.007446016381236039,0.03276247207743857,0.008190618019359643,0.020104244229337303,0.02084884586746091,0.02084884586746091,0.0037230081906180195,0.007446016381236039,0.0029784065524944155,0.004467609828741623,0.03723008190618019,0.004467609828741623,0.02531645569620253,0.011169024571854059,0.01340282948622487,0.024571854058078928,0.04690990320178704,0.0029784065524944155,0.029039463886820552,0.03052866716306776,0.014147431124348473,0.10722263588979895,0.0029784065524944155,0.04988830975428146,0.027550260610573342,0.03723008190618019,0.0573343261355175,0.06999255398361877,0.011169024571854059,0.03350707371556218,0.0193596425912137,0.005956813104988831,0.035740878629932984,0.004467609828741623,0.007446016381236039,0.004467609828741623,0.014892032762472078,0.0052122114668652275,0.0014892032762472078,1.0,0.002969649860246672,-0.00946317089146872,0.01885472212462191,0.0650144045616692,-0.012385701040809523,-0.005217490438031089,-0.0013305247376048362,-0.015307867195348839,0.03455424189348834,5.662520976906073e-05,0.009258309594243603,0.008519797590492342,-0.00890727959854606,0.005933458131984933,0.012966042436468093,-0.03701553381304467,-0.015256937235501025,0.00495688069850712,-0.03759979500432645,-0.008800336865892225,-0.0243615155270033,-0.03306234651973386,-0.018466170472872235,-0.014406821116762041,-0.0049208384396611056,0.03301978938095727,-0.032743518652189406,-0.026111469333195074,0.05965989843324606,-0.017667135977532715,-0.02295754673630735,0.03800611321325123,-0.02036705118858679,0.011585048512426822,0.058119489597215204,0.03323326270358121,0.022051106678254617,-6.0066671897014104e-05,-0.0031176935543224234,0.04244827359739084,1.0,0.0029718627140918586,-0.00948620024439633,0.018955431402888273,0.06503154769496801,-0.012464327535265426,-0.0043597333887723305,-0.004001579993780413,-0.019336627491895245,0.036827993258614584,0.0001217214131335477,0.010890747822788989,0.009445063161985585,-0.014196645277495347,0.006659463363734463,0.011554013382594765,-0.03831525788174711,-0.012135430722541597,0.0017269475843700974,-0.03855321026909049,-0.0030639072364216195,-0.025868397365461974,-0.03284849208725242,-0.014219543407401228,-0.01705349579528485,0.0009209215775214636,0.038609150511418666,-0.033757445085169445,-0.02109385634246438,0.05859412969022532,-0.02227829617589285,-0.012260736836015217,0.03998989484894145,-0.02955140552017907,0.021135553520032442,0.05609180348389739,0.0294914662478743,0.030914187308466984,-0.01275176851061074,-0.01174875472418353,0.04090982724993687
3.4380645229989195,0.5749966116316823,0.8801191362620998,4.0,106.0,120.0,114.0,89.0,79.0,20.0,33.0,13.0,5.0,2.0,2.0,134.0,108.0,126.0,118.0,114.0,126.0,101.0,124.0,108.0,108.0,120.0,106.0,0.19761499148211242,0.37649063032367974,0.42589437819420783,0.2756640344580043,0.32160804020100503,0.40272792534099067,0.01712583767684289,0.008190618019359643,0.011913626209977662,0.011169024571854059,0.014892032762472078,0.01563663440059568,0.0,0.004467609828741623,0.0029784065524944155,0.0014892032762472078,0.034996276991809384,0.011913626209977662,0.04095309009679821,0.0052122114668652275,0.020104244229337303,0.022338049143708117,0.012658227848101266,0.0029784065524944155,0.008190618019359643,0.0052122114668652275,0.0037230081906180195,0.02084884586746091,0.004467609828741623,0.03052866716306776,0.00967982129560685,0.01340282948622487,0.03201787043931496,0.0379746835443038,0.008190618019359643,0.03052866716306776,0.03276247207743857,0.0037230081906180195,0.1169024571854058,0.0037230081906180195,0.055100521221146684,0.01340282948622487,0.026061057334326135,0.06031273268801191,0.07371556217423679,0.0052122114668652275,0.04765450483991065,0.017870439314966492,0.004467609828741623,0.055100521221146684,0.0037230081906180195,0.01340282948622487,0.004467609828741623,0.007446016381236039,0.00967982129560685,0.0014892032762472078,1.0,0.05164382300731423,0.08753026025926659,0.04044559354896494,0.016209718425737287,-0.013156619913708718,0.003400574643525075,0.0017376669029908886,0.02670306486143338,0.01677661027387518,0.0038140307327043698,0.04607974009921298,-0.0070088915870496985,0.01887211031980722,0.02846645174663401,0.0154305055064703,0.0007501433660194714,0.04191831787175261,0.012197132479367333,0.02852684159842015,-0.023847041421795966,0.013738701472650177,0.03596934053524514,-0.0008034762581526202,-0.04604267830981198,0.026990078337790057,0.05924507711548729,0.007584660982901904,0.013468060420008815,0.013397396570564045,0.014714989437296565,0.006721529254255611,0.00010123466038331956,0.0011720307669534778,-0.008653532139357526,-0.014540921555001014,0.021885331839864606,-0.01623539588023586,0.0197558328033325,-0.023406165702845535,-0.032672507429330526,1.0,0.05168230573682789,0.08521736504799822,0.03230776759800891,0.005507500200391106,-0.020622207870751603,0.0017930858303400474,0.0036638831162456617,0.0276789266566435,0.014429388652323022,-0.0027053954926422948,0.042262376738429704,-0.012950077879879776,0.013256015598429722,0.02662687228759317,0.010305896419463667,-0.005113782425013702,0.037511180109350076,0.00815191258484294,0.020351893659242677,-0.03155735242548661,0.010418883760143091,0.0366062863266284,-0.004558044953613018,-0.054670539581818285,0.025325104060415316,0.06591154525361054,0.0010760353451385331,-0.0024293995028341194,0.005639520682917021,0.008287270443456405,0.0062118661244381515,-0.004435955577915703,-0.0034675595496113753,-0.011970564658901258,-0.012845662024980607,0.018435925125008967,-0.018011999810160027,0.021888911533553893,-0.030216993747084704,-0.042446590674124374
3.5089656829345506,0.6483002091066995,0.8808637379002234,4.0,105.0,123.0,116.0,91.0,92.0,31.0,17.0,12.0,18.0,5.0,0.0,134.0,106.0,129.0,122.0,112.0,126.0,104.0,118.0,110.0,110.0,109.0,108.0,0.18403908794788273,0.38599348534201955,0.42996742671009774,0.2723342939481268,0.3270893371757925,0.40057636887608067,0.018615040953090096,0.005956813104988831,0.012658227848101266,0.01340282948622487,0.020104244229337303,0.01563663440059568,0.0007446016381236039,0.008190618019359643,0.0022338049143708115,0.004467609828741623,0.04244229337304542,0.012658227848101266,0.03276247207743857,0.008935219657483246,0.021593447505584513,0.020104244229337303,0.021593447505584513,0.0052122114668652275,0.006701414743112435,0.0052122114668652275,0.0022338049143708115,0.023827252419955324,0.0,0.02680565897244974,0.01340282948622487,0.010424422933730455,0.03425167535368578,0.04839910647803425,0.005956813104988831,0.034996276991809384,0.03127326880119136,0.014892032762472078,0.0967982129560685,0.0037230081906180195,0.045420699925539834,0.01712583767684289,0.0379746835443038,0.06105733432613552,0.058078927773641105,0.006701414743112435,0.039463886820551006,0.014147431124348473,0.004467609828741623,0.045420699925539834,0.0029784065524944155,0.017870439314966492,0.0037230081906180195,0.00967982129560685,0.00967982129560685,0.03648548026805659,1.0,0.046923915665233705,0.013926915151585407,0.04476053103541711,0.0019313160470799697,0.036964937828986286,0.04053212858030357,0.01234641248975786,-0.03765553031882612,0.00044868250354269473,-0.011492253283110605,0.031859058882377764,-0.011973237403134135,0.026576132484985804,0.04017397452837297,0.036696802304557484,0.028610307091991912,0.008986191346638769,0.021160440889225605,0.02981887765372779,0.024083557708964327,0.016359069173781188,0.007674276844482817,-0.028528811098338897,0.03630429190227992,-0.01071305287690535,0.020623216305658585,-0.037014011061862376,0.019000973556731887,0.042941238223929305,0.0035859198223542593,0.017332986328894937,0.01687230418579018,0.015791521686522134,-0.028289493796100948,0.034776238675075614,-0.019168445328603612,0.013115293221305504,0.013785942574899967,-0.020373226159409504,-0.0057024101640411684,1.0,0.0469588813251929,0.01176850070697007,0.04376339783160222,-0.0023224054551369247,0.036227612547639204,0.03558894241170926,0.008292833532275405,-0.04303549625799546,0.0006592550899815136,-0.01299774456892798,0.03433354206979183,-0.017414651917044825,0.031033541969522106,0.03856956363899135,0.03672448346251248,0.019407583227430938,0.0019272730460758321,0.014898319103872145,0.025103335679264715,0.013809859597836238,0.010939705720201798,0.0028352159351162365,-0.02886283487182382,0.03663949332349073,-0.01826217963558145,0.022150787368927102,-0.04551553250520473,0.025682386980920124,0.037592123067056206,-0.0007087826792724716,0.008135683641870856,0.014227702106247018,0.009823831315977812,-0.035465786172376,0.022682920116839173,-0.022082523750127384,0.015244319911563926,0.010365566881561166,-0.02229885676269548,-0.007403022587804826
3.490666906009415,0.6361958435468078,0.889054355919583,2.0,113.0,126.0,117.0,103.0,102.0,35.0,32.0,17.0,8.0,3.0,15.0,134.0,113.0,129.0,123.0,123.0,130.0,111.0,127.0,121.0,123.0,121.0,121.0,0.20208023774145617,0.3640416047548291,0.4338781575037147,0.26490514905149054,0.3319783197831978,0.40311653116531165,0.0193596425912137,0.0052122114668652275,0.018615040953090096,0.012658227848101266,0.00967982129560685,0.01340282948622487,0.0037230081906180195,0.008190618019359643,0.004467609828741623,0.0029784065524944155,0.0379746835443038,0.011169024571854059,0.027550260610573342,0.008935219657483246,0.022338049143708117,0.028294862248696945,0.016381236038719285,0.0052122114668652275,0.0029784065524944155,0.008190618019359643,0.0014892032762472078,0.016381236038719285,0.0022338049143708115,0.02680565897244974,0.010424422933730455,0.00967982129560685,0.023827252419955324,0.04393149664929263,0.006701414743112435,0.040208488458674606,0.026061057334326135,0.01340282948622487,0.11094564408041697,0.0014892032762472078,0.049143708116157855,0.021593447505584513,0.049143708116157855,0.06031273268801191,0.05956813104988831,0.010424422933730455,0.034996276991809384,0.01340282948622487,0.007446016381236039,0.05063291139240506,0.0029784065524944155,0.0193596425912137,0.0037230081906180195,0.008190618019359643,0.005956813104988831,0.0022338049143708115,1.0,-0.051745470343945346,-0.03006206874546818,-0.021192606038708834,-0.03621995219134019,0.026501399168368796,-0.01960390731676995,-0.0029285300152779737,0.04154976905204525,-0.028136049521358026,0.02287472826143391,-0.02965534488933536,0.031916890016583425,0.012451808004056812,-0.0738722093990787,-0.01111926930951164,0.00555863900706291,-0.003729198719377139,0.025527246283083043,0.0030492593456781865,0.02285438663996878,-0.027327394100924832,0.022068524846577706,-0.040657963620112154,0.020721658960989237,-0.008788291984894532,-0.004346678453088944,0.0014923995986030401,0.02204628601601612,-0.0036229370742586254,0.015893411190846758,-0.0014811502808338088,0.017355022545344014,0.005388691374505999,-0.03503816260162057,0.026355827124884965,-0.01565985450796211,0.029871459587015408,0.008507101482782465,-0.03592109447136689,0.026629690802754954,1.0,-0.05178402881663083,-0.03287665124196979,-0.02464550727722503,-0.03996158286152857,0.02108568845604774,-0.020274561405729082,-0.005345519159451455,0.04000744871398024,-0.02357738273904378,0.02098236857649023,-0.02688216138167177,0.0325302972401737,0.011281046509927803,-0.06905914475666207,-0.020163757647864856,0.0023437245446314755,-0.007533777810368341,0.017987533275258115,0.011286940220564742,0.01965959908898252,-0.02405899703044993,0.02796293852626815,-0.041633810164139,0.020975247669317205,-0.014464737328544083,-0.0013263328339719672,0.00013504914785198086,0.01844689594967622,-0.002720086159597696,0.013981791591673794,0.005936544708124808,0.016114758593096388,0.015041695759046611,-0.033916948718753025,0.025686334671325292,-0.014666278047847718,0.026271257253684895,0.008107313014299178,-0.02953538800226231,0.017781611967257558
3.4674034205549167,0.6187712743182354,0.8875651526433358,5.0,106.0,119.0,116.0,94.0,92.0,28.0,13.0,9.0,2.0,18.0,1.0,134.0,107.0,122.0,121.0,110.0,128.0,105.0,119.0,107.0,112.0,121.0,107.0,0.1824212271973466,0.36650082918739635,0.45107794361525705,0.27351040918880115,0.3230437903804738,0.40344580043072503,0.008935219657483246,0.008935219657483246,0.012658227848101266,0.011169024571854059,0.011913626209977662,0.017870439314966492,0.0007446016381236039,0.005956813104988831,0.006701414743112435,0.005956813104988831,0.04244229337304542,0.00967982129560685,0.04095309009679821,0.008935219657483246,0.018615040953090096,0.022338049143708117,0.012658227848101266,0.0022338049143708115,0.010424422933730455,0.007446016381236039,0.0014892032762472078,0.028294862248696945,0.0022338049143708115,0.027550260610573342,0.00967982129560685,0.011169024571854059,0.0379746835443038,0.045420699925539834,0.0037230081906180195,0.0387192851824274,0.02084884586746091,0.008190618019359643,0.10349962769918093,0.0022338049143708115,0.06180193596425912,0.02084884586746091,0.040208488458674606,0.0573343261355175,0.06626954579300075,0.010424422933730455,0.03201787043931496,0.01712583767684289,0.0052122114668652275,0.045420699925539834,0.0022338049143708115,0.014147431124348473,0.0029784065524944155,0.007446016381236039,0.008935219657483246,0.0,1.0,0.013322238938046491,0.030596888902696316,0.01963907749129586,0.020719114171354136,0.020664814117226055,-0.03549742507558806,-0.009881149474044925,0.038617465179679095,-0.026157834557181056,0.02373242733246326,0.047702869676539125,-0.02672101604437675,0.017310049488773745,0.006328611742238551,0.01742853359197766,0.0196592313966875,0.008891677951334161,0.04656674851050406,0.0181048438263564,0.004511365714595858,0.022106013219273787,0.015740037548039404,-0.03321727255508761,-0.01982116175448696,-0.022581180169575544,-0.011517448387237419,0.04797991629264667,-0.00202828780699629,0.03807615541314996,-0.038621026251841495,-0.004912306225665629,-0.03066058576498957,0.0006846357963277452,-0.006946817028253107,0.020816010934416464,0.01880828398708576,0.0327402509744508,0.003718766618067203,-0.00630086399080266,0.0003066695909590262,1.0,0.013332166090757406,0.030470191168437695,0.018901634233963092,0.019388088979080044,0.01911439958529133,-0.0377874722155834,-0.011040061326288207,0.04028586945127372,-0.026214851098760816,0.023781577116517676,0.04985663264799737,-0.03164941272419325,0.01322591184658116,0.009166876499216523,0.013195567701889238,0.017641625969684827,0.014296526228383462,0.04086463544140029,0.013025369225350981,0.0049392813421613386,0.01528008516614335,0.01353188364887406,-0.035705712535423824,-0.02138224063399527,-0.020236336502777855,-0.014802073465714665,0.05409310564295078,-2.807960918854977e-05,0.029907306362198745,-0.04354259791679428,-0.009228321188628666,-0.03837877025219642,0.005252543219427204,-0.0010270241068301251,0.02187982858749162,0.021239477181423168,0.025913392733443345,-0.0017987275776884927,-0.010829247945715218,-0.003344213340956244
3.5030297456983797,0.6210530749302771,0.885331347728965,5.0,108.0,124.0,120.0,110.0,80.0,20.0,46.0,32.0,3.0,3.0,0.0,134.0,113.0,130.0,127.0,123.0,130.0,101.0,127.0,125.0,123.0,127.0,118.0,0.2012288786482335,0.40706605222734255,0.391705069124424,0.2645466847090663,0.33694181326116374,0.39851150202977,0.017870439314966492,0.007446016381236039,0.011169024571854059,0.016381236038719285,0.01563663440059568,0.016381236038719285,0.0007446016381236039,0.00967982129560685,0.005956813104988831,0.004467609828741623,0.029784065524944156,0.011169024571854059,0.03648548026805659,0.005956813104988831,0.02084884586746091,0.018615040953090096,0.014147431124348473,0.0029784065524944155,0.011169024571854059,0.005956813104988831,0.0052122114668652275,0.024571854058078928,0.0029784065524944155,0.02680565897244974,0.008935219657483246,0.0052122114668652275,0.03350707371556218,0.03648548026805659,0.004467609828741623,0.040208488458674606,0.02531645569620253,0.008935219657483246,0.09903201787043932,0.0014892032762472078,0.06329113924050633,0.02680565897244974,0.045420699925539834,0.06254653760238273,0.06180193596425912,0.00967982129560685,0.035740878629932984,0.014892032762472078,0.006701414743112435,0.04318689501116903,0.0014892032762472078,0.0193596425912137,0.0052122114668652275,0.008935219657483246,0.006701414743112435,0.0022338049143708115,1.0,-0.011532587498570963,0.06308955034476924,-0.0496303302839563,-0.012059837307531273,-0.03184763247006417,-0.025971020163036002,-0.060489670999525555,0.00777253067001177,0.03196909591715858,-0.00354128470193986,-0.001439020045611944,-0.00784672531007535,-0.016534981368451357,-0.012318986112492197,0.02673040366179129,-0.012645266244781897,0.012360967671055722,0.005217139622566302,0.006978362766968449,0.021989635967506464,0.02013485163388705,-0.02199118182582477,0.012059384896021803,-0.019028754859495196,0.010427652713906093,-0.003356897739235521,0.00032425742651541977,-0.008391181532286206,-0.0015239301969133048,0.017366142231143064,-0.039501775969419305,0.010719323494831061,-0.00389388601442114,-0.00023895933911468107,0.034033842636042526,0.007916797655404753,0.00982683169270496,0.005781797976618442,-0.007043481525291552,-0.014537907041542772,1.0,-0.011541181080909678,0.06305884413933077,-0.04852985232291088,-0.01710313303411621,-0.026206215611898186,-0.027370881283291106,-0.05957599757554218,0.00692975363613268,0.03666789387955639,-0.011348927372011928,-0.008548312590351277,-0.007588936328733259,-0.019039478638116225,-0.014248497612831536,0.03084889883504747,-0.009113710356017754,0.004775745956271331,0.006372701623573664,0.003929361402318182,0.02138978403626509,0.021571868836202872,-0.019461790981782936,0.011171056117720537,-0.014515219275471804,0.010321506877983439,0.001285591774463762,0.00010852703479320533,-0.00578596384858376,-0.005699717925693826,0.018521175841922928,-0.03969638592814303,0.008110051896091122,0.004477575505938383,-0.005597769619365105,0.033689773494326475,0.0072586503289092065,0.007770495340655096,0.0021265875834229346,-0.004891665030536113,-0.012107980380946343
3.4773762923665172,0.6229033713200837,0.8868205510052122,3.0,113.0,126.0,113.0,111.0,93.0,16.0,39.0,25.0,14.0,3.0,2.0,134.0,122.0,131.0,125.0,123.0,130.0,77.0,129.0,125.0,121.0,124.0,110.0,0.20516717325227962,0.39969604863221886,0.3951367781155015,0.2708476912474156,0.3404548587181254,0.388697450034459,0.0193596425912137,0.005956813104988831,0.010424422933730455,0.0193596425912137,0.008190618019359643,0.016381236038719285,0.0007446016381236039,0.007446016381236039,0.0022338049143708115,0.0029784065524944155,0.040208488458674606,0.00967982129560685,0.04393149664929263,0.005956813104988831,0.026061057334326135,0.018615040953090096,0.016381236038719285,0.005956813104988831,0.01340282948622487,0.0029784065524944155,0.0022338049143708115,0.024571854058078928,0.0007446016381236039,0.03052866716306776,0.011913626209977662,0.006701414743112435,0.03648548026805659,0.040208488458674606,0.0037230081906180195,0.0387192851824274,0.022338049143708117,0.011169024571854059,0.09828741623231571,0.0014892032762472078,0.06254653760238273,0.0193596425912137,0.034996276991809384,0.06701414743112435,0.054355919583023084,0.010424422933730455,0.035740878629932984,0.018615040953090096,0.007446016381236039,0.04318689501116903,0.0022338049143708115,0.018615040953090096,0.0037230081906180195,0.008935219657483246,0.005956813104988831,0.0014892032762472078,1.0,-0.042353355921415266,0.013469365328652824,-0.0008140921658336555,-0.00316467335143414,0.04207810385656487,-0.03999243468526074,0.00029030460598054067,0.023787698000091402,0.006723494400298636,0.021210734607946004,-0.03631873363631788,0.06331458834435358,0.06458404077289748,0.014902382845038798,-0.011909820203951422,0.007998118089446286,0.06068144629213101,0.0344194678210748,-0.0012734231031793842,-0.05099970451832025,0.0238272019722436,-0.04902621916396816,0.005787692641279663,0.016012268311833795,0.020429891147751934,-0.010132257031508357,0.011578292265052468,0.03640362446078616,0.006907804236528622,-0.026414630504040103,0.010611061383174435,-0.03187684478880048,0.03202008936041956,-0.005112905503109591,-0.018702023212496872,-0.06529350838939323,0.015905482950804618,-0.025042540074274644,-0.015889080826353926,0.013781348095018407,1.0,-0.04238491579915105,0.01171401678986536,0.0002461105829364868,-0.0033625318012734,0.042049816932668536,-0.03670389200154637,-0.003941889392858467,0.02492155478096298,0.008964924836095373,0.019594653166740354,-0.03213030568197364,0.05975838222321969,0.06964089996396478,0.020403752615924357,-0.013426608297644664,0.010809040712561065,0.05625130569914787,0.03872813379881685,0.005416390719434202,-0.053729155254432205,0.01615034654484913,-0.056201244705471325,0.004142627052802202,0.020216361519952472,0.01694424204026608,-0.026271497786666802,0.01202603358301628,0.04101229977143847,0.003461701134246814,-0.03781380636430211,-0.00012330082054795547,-0.024212132389746226,0.028781476624341537,0.001867918019826928,-0.018011491242746303,-0.07565850383306574,0.01102424577217003,-0.02472766849978118,-0.008546648607808937,0.011622885408068774
3.5153839430594602,0.6245400164939543,0.885331347728965,4.0,114.0,118.0,120.0,92.0,71.0,40.0,26.0,13.0,16.0,0.0,1.0,134.0,115.0,121.0,122.0,124.0,130.0,109.0,124.0,116.0,119.0,113.0,111.0,0.16422764227642275,0.39186991869918697,0.44390243902439025,0.2698191933240612,0.3344923504867872,0.3956884561891516,0.01563663440059568,0.0037230081906180195,0.014147431124348473,0.010424422933730455,0.0193596425912137,0.014892032762472078,0.0,0.005956813104988831,0.004467609828741623,0.005956813104988831,0.04393149664929263,0.010424422933730455,0.03350707371556218,0.00967982129560685,0.018615040953090096,0.02308265078183172,0.011913626209977662,0.0052122114668652275,0.011913626209977662,0.0052122114668652275,0.0029784065524944155,0.023827252419955324,0.0037230081906180195,0.024571854058078928,0.01340282948622487,0.007446016381236039,0.0193596425912137,0.035740878629932984,0.005956813104988831,0.0379746835443038,0.034996276991809384,0.010424422933730455,0.10722263588979895,0.0029784065524944155,0.05063291139240506,0.029039463886820552,0.027550260610573342,0.06701414743112435,0.06329113924050633,0.00967982129560685,0.034996276991809384,0.0193596425912137,0.006701414743112435,0.0387192851824274,0.004467609828741623,0.016381236038719285,0.004467609828741623,0.01340282948622487,0.014892032762472078,0.0007446016381236039,1.0,-0.05072420719160622,0.013237443177435457,0.016224925470976804,-0.022846089056102716,0.005388256351970441,-0.008837483825156709,-0.0440336886883776,-0.009994934589082495,0.01745600129404788,-0.011420984255815761,0.03699835880915618,0.031346096954060765,-0.023240264476542535,0.02285321192817332,0.007928600227683687,-0.010723904690794808,0.01580528998064423,-0.025138952095946576,-0.03314950699655998,0.022795755020020375,-0.0314386135495078,-0.010911129219864975,0.008474384082311128,0.025000034466181025,-7.098503911280266e-05,-0.0015321550752607556,-0.005637345191396795,-0.03172740575745751,0.02545271946491797,-0.04370209644174533,0.013914601029865312,0.031033155555741387,0.06422553931750298,-0.033950572130649705,0.028213969477658883,-0.014158884121808317,0.016135930591278273,-0.014826134497649782,-0.0017558910466456995,0.021997354953186353,1.0,-0.050762004663433065,0.01070799686868192,0.017517707301648974,-0.021423268400139632,0.0027736779999422718,-0.00820892960858294,-0.04465273244875972,-0.014988680040914073,0.018006866106104268,-0.0084446726085312,0.034561031074672205,0.03496996046602135,-0.02089660750118367,0.016197776033972867,0.01054654521998258,-0.007672905571775932,0.013462871905951666,-0.019762701409117324,-0.03258143109845119,0.017675428137849454,-0.027028356973067727,-0.013856138009070833,0.003029495916954709,0.0297152890974145,-0.00045934348904300983,-0.00859635337732658,-0.00446121117811355,-0.03434360395313607,0.020208020336660273,-0.0351977085507604,0.012222137953448326,0.03310569024659915,0.07639384539006787,-0.03408408416764023,0.020059453463538136,-0.011930540703872146,0.015577379853431075,-0.01702841134977895,0.006843417626088277,0.025058425326823945
3.547889027737308,0.6595541041616668,0.8860759493670886,6.0,115.0,126.0,123.0,100.0,73.0,47.0,29.0,5.0,24.0,7.0,0.0,134.0,115.0,129.0,127.0,120.0,128.0,111.0,129.0,115.0,122.0,125.0,113.0,0.1648854961832061,0.3847328244274809,0.45038167938931295,0.26634877384196187,0.329700272479564,0.4039509536784741,0.01712583767684289,0.007446016381236039,0.014892032762472078,0.01712583767684289,0.018615040953090096,0.01563663440059568,0.0022338049143708115,0.005956813104988831,0.0029784065524944155,0.006701414743112435,0.03723008190618019,0.014147431124348473,0.027550260610573342,0.0037230081906180195,0.014892032762472078,0.021593447505584513,0.01340282948622487,0.0052122114668652275,0.007446016381236039,0.005956813104988831,0.004467609828741623,0.020104244229337303,0.0022338049143708115,0.03276247207743857,0.017870439314966492,0.008935219657483246,0.026061057334326135,0.04244229337304542,0.004467609828741623,0.029784065524944156,0.03648548026805659,0.016381236038719285,0.09977661950856292,0.0037230081906180195,0.04988830975428146,0.024571854058078928,0.03052866716306776,0.06329113924050633,0.058823529411764705,0.011913626209977662,0.0387192851824274,0.020104244229337303,0.008935219657483246,0.04393149664929263,0.006701414743112435,0.012658227848101266,0.0029784065524944155,0.008935219657483246,0.00967982129560685,0.0029784065524944155,1.0,-0.02442247084611844,-0.00847962142251603,-0.006571548263571505,0.03233462690166453,-0.0016597883599065461,0.016572207090211573,0.015186011445491273,-0.009504246864552821,-0.005789452552381191,0.027185947808278873,0.026401284423049426,-0.01532973752317167,0.050181557810678915,0.019690541662053786,0.018704998446241003,0.0444530027166236,0.030676049846920756,0.0062788796938431125,-0.030947764491420966,-0.0379843349098496,0.020944804659299106,0.043532460013072455,-0.024930075134353396,-0.04925410692977453,-0.0037706582838141576,0.020392518827878063,-0.055737018490182186,-0.0013124601104895553,0.016668324392255233,0.039110147667292046,-0.02756240849237971,0.019281697824666218,0.02099588328115241,-0.04706957106058523,0.021961458694686197,0.02013386389269578,-0.0017897058015215565,0.019846005890879502,0.01105678270815372,-0.034315461159129534,1.0,-0.024440669408596925,-0.009095047350262595,-0.00702276978822472,0.03204138111181516,-0.00020060468376285152,0.01715297811688604,0.016523039931772607,-0.009549514692396247,-0.005760062302776166,0.0260981054991719,0.026784381859872586,-0.01344154075738936,0.05079359304151246,0.020962743432079736,0.01957004382542679,0.047575378693752356,0.02940150378649855,0.008261823295879054,-0.03136885754878768,-0.04572827795408727,0.014847119007741896,0.04300686686165326,-0.025273821288912274,-0.05268453740212304,-0.006638170811586778,0.01411890414732789,-0.061661067278627156,-0.00798496479467677,0.012575711072784436,0.0416964368709365,-0.024809110933516173,0.012586654748091454,0.025831950216744445,-0.043082154644277504,0.0223390169622198,0.022585157330911543,0.00617219798104771,0.027645480278566725,0.005679541876447349,-0.027804703099371122
3.5503969521230467,0.6609125768408555,0.8912881608339538,0.0,110.0,124.0,118.0,90.0,67.0,15.0,34.0,40.0,17.0,9.0,1.0,134.0,110.0,131.0,120.0,115.0,124.0,101.0,120.0,111.0,113.0,112.0,108.0,0.1616,0.424,0.4144,0.270192994996426,0.3280914939242316,0.4017155110793424,0.01563663440059568,0.010424422933730455,0.0193596425912137,0.014892032762472078,0.014147431124348473,0.017870439314966492,0.0014892032762472078,0.008935219657483246,0.005956813104988831,0.0014892032762472078,0.0387192851824274,0.014147431124348473,0.03201787043931496,0.005956813104988831,0.01712583767684289,0.022338049143708117,0.014892032762472078,0.0022338049143708115,0.0052122114668652275,0.0029784065524944155,0.0029784065524944155,0.023827252419955324,0.0037230081906180195,0.026061057334326135,0.017870439314966492,0.020104244229337303,0.022338049143708117,0.04318689501116903,0.0052122114668652275,0.03350707371556218,0.029784065524944156,0.01712583767684289,0.09084139985107967,0.0052122114668652275,0.04765450483991065,0.026061057334326135,0.039463886820551006,0.06701414743112435,0.055100521221146684,0.006701414743112435,0.03127326880119136,0.018615040953090096,0.008190618019359643,0.04616530156366344,0.004467609828741623,0.0193596425912137,0.0022338049143708115,0.008935219657483246,0.008935219657483246,0.0022338049143708115,1.0,0.003796358917038045,-0.020786733086192676,0.03455870952126327,0.033903767697888644,0.01733892377804779,0.004735850914886179,0.059213597916953166,0.03316424546336807,0.027514062911068823,0.024757029596772458,-0.039185421288978874,0.00039533637771381924,0.05521520748072633,0.044383058446410655,0.003983033878522127,-0.0027693893095805766,0.015137455412638582,-0.029014766135795005,0.009306038249839586,0.010882096285101152,0.016743417810531014,0.010297194190912816,0.004082443221723227,0.03437386286169127,-0.033064533066059186,0.010191203003003703,-0.02117784380449902,-0.011055091188959237,-0.03334206833053756,-0.01582402271098666,-0.016751350758866728,0.0017277461908965467,0.0063318006222392465,-0.003859897358774181,0.019625777230420416,-0.021022240466871255,-0.04808432545814129,0.03380925509594916,0.024178666958825205,-0.034637726750724115,1.0,0.003799187798496349,-0.02083246944545493,0.03481157454833804,0.03333217076221883,0.018635123793570012,0.004842534152647703,0.058087812021946676,0.03107510238203716,0.028801827538192246,0.02191727335748786,-0.044692762964594235,-0.004599907969985666,0.049311978541568,0.04176505072158528,0.00440395003506265,-0.007411058313483541,0.005270827395608932,-0.03203793754958686,0.010133189139070235,0.004976358081605676,0.012696728564335513,0.004064140059372401,0.00014647638749838097,0.03564706423261168,-0.028930418023002318,0.009310407231812175,-0.03154834089105942,-0.014203277170579716,-0.04070916251159735,-0.01676660332519581,-0.018867912201638738,0.008687657441230966,0.008339833703311962,-0.0003710954851452805,0.028052246679104213,-0.02094501408307978,-0.04641197944746873,0.036538418786152216,0.02723527052849337,-0.030996925549322197
3.4124566411527746,0.5914639327119666,0.885331347728965,18.0,100.0,113.0,101.0,74.0,94.0,14.0,65.0,19.0,22.0,13.0,4.0,134.0,112.0,123.0,115.0,121.0,125.0,17.0,121.0,113.0,114.0,113.0,78.0,0.2778649921507064,0.3390894819466248,0.38304552590266877,0.2954898911353033,0.36003110419906686,0.34447900466562986,0.011169024571854059,0.0022338049143708115,0.011913626209977662,0.012658227848101266,0.00967982129560685,0.008935219657483246,0.0,0.01340282948622487,0.0029784065524944155,0.0037230081906180195,0.03052866716306776,0.006701414743112435,0.039463886820551006,0.0014892032762472078,0.012658227848101266,0.027550260610573342,0.01340282948622487,0.0014892032762472078,0.01712583767684289,0.004467609828741623,0.0014892032762472078,0.0379746835443038,0.0014892032762472078,0.03425167535368578,0.008190618019359643,0.018615040953090096,0.04095309009679821,0.058078927773641105,0.0014892032762472078,0.04169769173492182,0.0193596425912137,0.011913626209977662,0.09084139985107967,0.0037230081906180195,0.06626954579300075,0.01340282948622487,0.04765450483991065,0.0573343261355175,0.06105733432613552,0.008190618019359643,0.04318689501116903,0.012658227848101266,0.008935219657483246,0.04988830975428146,0.0022338049143708115,0.011913626209977662,0.0007446016381236039,0.010424422933730455,0.0029784065524944155,0.0014892032762472078,1.0,0.001990257586297061,-0.06181766336512548,0.021295795378122383,-0.0013473558564946354,0.013302442489866763,0.014791064749072933,0.03503572906959465,0.01572237430475776,0.0313987873093204,-0.008947853546166987,-0.004528123742761011,-0.024761164572154524,0.011672305776575822,-0.007932170373496987,-0.02507771022918753,-0.030778436798953316,0.04202085074682228,0.059810851081435204,-0.023723820480158957,-0.039775124394218986,0.018795238053800015,0.010273230243106602,-0.003055877521210332,0.013621668256414365,0.00971322862463907,0.02991263824998877,-0.01790556210356946,-0.0013734854937651763,0.00842749831389386,0.02507144585640953,-0.06656319791687458,-0.014429145893863663,0.02371568274924343,0.07162085049801123,-0.030296991099754016,0.012993876271715428,-0.04596635952246862,-0.05379666435860821,0.045363457221632486,-0.034690395046722236,1.0,0.001991740639640034,-0.06191407237687515,0.021680928531606396,-0.005327223981223541,0.016110299113061975,0.013937929751317558,0.03727504814424199,0.01683604727582382,0.03575551789375663,-0.008891045464208991,-0.001180414579466911,-0.029064925462324587,0.01064367354118786,-0.014526277685977838,-0.024786237071174003,-0.03593502959341677,0.04107430705883137,0.0576777070347757,-0.014894691149333818,-0.034276294766684166,0.01890129810716411,0.008031055992852466,0.0016117021433298899,0.011133259337825708,0.00781339394500766,0.028447618711023182,-0.019942749109835043,0.0027227469319465202,0.008242729173887586,0.025314393620674946,-0.0745871633855146,-0.012445911545846334,0.01936018041939468,0.07796406303593298,-0.04072986468595129,0.022167674719104483,-0.049062353316656745,-0.04180744060113211,0.03336653096213017,-0.03645246081056513
3.46263272312497,0.6315101969637522,0.8786299329858526,0.0,107.0,120.0,115.0,82.0,77.0,50.0,27.0,17.0,6.0,3.0,2.0,134.0,107.0,129.0,118.0,112.0,126.0,106.0,118.0,109.0,110.0,112.0,106.0,0.1716171617161716,0.36303630363036304,0.46534653465346537,0.2725306416726748,0.32372025955299205,0.40374909877433307,0.014147431124348473,0.007446016381236039,0.018615040953090096,0.008935219657483246,0.018615040953090096,0.01712583767684289,0.0014892032762472078,0.0029784065524944155,0.0037230081906180195,0.0007446016381236039,0.03425167535368578,0.011169024571854059,0.04244229337304542,0.008190618019359643,0.016381236038719285,0.023827252419955324,0.01712583767684289,0.0022338049143708115,0.005956813104988831,0.0037230081906180195,0.0037230081906180195,0.02084884586746091,0.0029784065524944155,0.024571854058078928,0.014147431124348473,0.010424422933730455,0.03052866716306776,0.035740878629932984,0.004467609828741623,0.0379746835443038,0.024571854058078928,0.011169024571854059,0.10498883097542815,0.0037230081906180195,0.04839910647803425,0.020104244229337303,0.03276247207743857,0.06552494415487714,0.0781831720029784,0.014147431124348473,0.04318689501116903,0.02680565897244974,0.005956813104988831,0.04244229337304542,0.0022338049143708115,0.01712583767684289,0.0014892032762472078,0.005956813104988831,0.005956813104988831,0.0007446016381236039,1.0,0.030323527837860107,0.02460940456827096,-0.012884815770366462,0.050991994084751815,0.03493774077238697,0.07019165996040823,-0.022088066515947448,0.0625649901471711,-0.0118683877586276,0.03609843590230674,-0.008674539258639015,-0.042157244444978155,0.03004058528315456,0.07408652033329127,0.00855513472539117,0.00019705135316029136,-0.006879138164723843,0.03772450098016521,0.016360940579827316,-0.02388450031269198,-0.015539084319506069,-0.016834193055491026,0.038990320864228545,-0.016295988177554743,-0.02025159221723152,0.006665238519620237,-0.05619944211067707,-0.02596027729930337,0.01087686345988551,-0.008061331717105357,-0.011722694127386685,-0.017030873425320094,0.05198996030423554,0.001309590141936122,0.01960386091571188,-0.007468160582897422,0.01238872258418142,0.04375874199935472,0.08243208572696396,0.026410540525897728,1.0,0.03034612361121173,0.023747088804827544,-0.014385800247910497,0.051459098024262816,0.03276689744426462,0.06619400688969597,-0.0264009481719872,0.0603082653870311,-0.016095265151205844,0.02663331888373378,-0.010709466059106276,-0.0530381186593525,0.03574829807115601,0.06433575902694774,0.005746066216257411,-0.005706619736744177,-0.0003564578907449671,0.033036535772204764,0.004892397957853944,-0.03056913253740205,-0.015924640307033115,-0.021731987564295632,0.03764057786870161,-0.02794917547509207,-0.0143464360949773,0.019174577986429416,-0.06445744247968382,-0.026942670115013882,0.01217688615557177,0.0027908199397150037,-0.012620564848799155,-0.016912432618710414,0.06321137136162515,0.0012033454772504126,0.032595923572151464,-0.007917180810954655,0.00420284270288737,0.05453935732025978,0.07056729604371986,0.025846067876682772
3.4672156578003537,0.6186144419426094,0.8786299329858526,2.0,111.0,117.0,114.0,89.0,65.0,56.0,62.0,26.0,17.0,3.0,7.0,134.0,112.0,121.0,124.0,117.0,124.0,99.0,120.0,111.0,111.0,111.0,112.0,0.19282511210762332,0.36771300448430494,0.43946188340807174,0.2707736389684814,0.3316618911174785,0.3975644699140401,0.017870439314966492,0.007446016381236039,0.014892032762472078,0.016381236038719285,0.014147431124348473,0.010424422933730455,0.0014892032762472078,0.005956813104988831,0.0014892032762472078,0.0029784065524944155,0.035740878629932984,0.010424422933730455,0.03648548026805659,0.007446016381236039,0.018615040953090096,0.014892032762472078,0.01712583767684289,0.0029784065524944155,0.007446016381236039,0.005956813104988831,0.0037230081906180195,0.0193596425912137,0.0037230081906180195,0.024571854058078928,0.014147431124348473,0.012658227848101266,0.028294862248696945,0.040208488458674606,0.0022338049143708115,0.03648548026805659,0.024571854058078928,0.011169024571854059,0.10945644080416977,0.0022338049143708115,0.05286671630677588,0.029784065524944156,0.0379746835443038,0.06105733432613552,0.06626954579300075,0.00967982129560685,0.045420699925539834,0.016381236038719285,0.004467609828741623,0.05286671630677588,0.0029784065524944155,0.01563663440059568,0.0022338049143708115,0.010424422933730455,0.008935219657483246,0.0,1.0,-0.020366097596264173,0.037152793898707126,0.0436809837367776,0.0005206565196334102,-0.0035751746652921395,0.022413322001314528,0.006068795478778601,0.008717754550856752,-0.022443494624974632,0.015146014095383114,0.024823315186706395,0.014628074407590756,0.05339608494041068,0.00615173142226778,0.0001871989950808802,-0.027406472735535065,0.039803486004887804,-0.03182777130425625,-0.021537703527271027,0.02745758851838662,0.030359255010194285,-0.028288624126787593,0.020746243656660515,-0.0016696418047260687,0.00985988585916626,0.004840517987968938,-0.048348571271651264,0.017127007783712577,-0.013446339420583531,-0.005209467028551673,-0.013909255747731436,0.014785365611188633,0.01383786117143528,-0.03689810725186049,-0.022698991413209395,-0.014453046275054733,-0.010558252439338292,-0.03609799518011638,-0.012251555907270503,-0.01851175805166877,1.0,-0.020381273525918616,0.03680809811633726,0.045339646243280136,0.0009798407673426732,-0.006920418410841629,0.020326929521697894,0.007375284817743708,0.007923850006743215,-0.02475437805212347,0.013058619003183879,0.027058442483695183,0.016573508838872632,0.051421593968519544,0.004435573302523264,-0.0038455252142568187,-0.03318347767800317,0.03822141551917732,-0.0296263935164127,-0.025840988967289005,0.025868069529412438,0.0360563979228139,-0.024464032762750082,0.011616898757270662,-0.003883718659208412,0.008856219780778603,0.0036577094897549474,-0.05358677952582701,0.01391122819494874,-0.005091664008162199,-0.0027314644919198675,-0.01587876477774743,0.016623907335583235,0.017968324522101665,-0.04489731267567429,-0.023939253462386876,-0.016171440978430915,-0.005400425731017604,-0.03808686664314614,-0.006519947491067478,-0.01223505037926829
3.504123759960751,0.6251054555793603,0.8830975428145942,2.0,112.0,123.0,111.0,106.0,106.0,37.0,19.0,16.0,4.0,5.0,2.0,134.0,113.0,128.0,123.0,115.0,126.0,109.0,121.0,121.0,115.0,121.0,113.0,0.19751166407465007,0.36858475894245724,0.43390357698289267,0.26476719944405835,0.3293954134815844,0.4058373870743572,0.014892032762472078,0.010424422933730455,0.00967982129560685,0.01340282948622487,0.020104244229337303,0.01563663440059568,0.0022338049143708115,0.007446016381236039,0.0037230081906180195,0.0037230081906180195,0.040208488458674606,0.01340282948622487,0.03052866716306776,0.006701414743112435,0.01712583767684289,0.023827252419955324,0.014892032762472078,0.0029784065524944155,0.008190618019359643,0.0037230081906180195,0.0014892032762472078,0.0193596425912137,0.0037230081906180195,0.02531645569620253,0.018615040953090096,0.011169024571854059,0.02680565897244974,0.034996276991809384,0.0052122114668652275,0.0387192851824274,0.020104244229337303,0.011169024571854059,0.10796723752792256,0.0022338049143708115,0.05137751303052867,0.02531645569620253,0.03350707371556218,0.05361131794489948,0.07520476545048399,0.008190618019359643,0.0387192851824274,0.024571854058078928,0.008935219657483246,0.05063291139240506,0.0022338049143708115,0.011913626209977662,0.0029784065524944155,0.008935219657483246,0.00967982129560685,0.004467609828741623,1.0,-0.019390518802879595,-0.014249805477038486,0.0651559065265981,-0.046491893842494796,0.014474259570719919,0.0032465237799321404,-0.041749085698001884,-0.012616239490436503,0.015071473771448397,0.016819850763692724,-0.02994052184253801,-0.021593808532095585,0.03301264766348568,-0.028905949483850567,0.017007188306579525,-0.021934725076108087,0.04569912548991932,0.035297871228891636,-0.012271443252321474,0.013966924761743174,-0.0291925271280729,0.011034440829842803,0.010155379857214831,0.004334754684248833,0.005577919413859655,-0.007480151588741268,0.02251973261133514,0.002830517491018906,0.007743798412690718,0.04691476079077981,-0.06063077367829547,0.010567488084567154,0.0015980394165820084,-0.032218410285778605,0.05886030170070129,0.024979257563461355,-0.01540599882660079,0.03935971546165854,-0.035550233603104,0.004228022640714505,1.0,-0.01940496777367161,-0.014653128433803909,0.06477474109776128,-0.044554144672474115,0.01484987223537618,-0.0017595955118395261,-0.03588125199425549,-0.017964989355630998,0.014928774629570452,0.021968628165015353,-0.030964793037146856,-0.024557719142165712,0.03146662305743043,-0.02546133050943389,0.015785323260605704,-0.026995811550253233,0.05583451276326192,0.02928168168832081,-0.00834762873132078,0.008338684705733432,-0.028320512715682644,0.013266961324050256,0.003153095446908475,0.015407172971952626,0.006196920116082407,-0.008693830358562612,0.021561985570717253,-1.1660818605562838e-06,0.01719225058932544,0.04279297312141807,-0.05659999214558158,0.008466367712041796,-0.006812385452073354,-0.01785166576929974,0.048317731383861,0.032234555238729354,-0.009799143412106442,0.03179213390087051,-0.03531351940669944,0.00493248264112794
3.488669398905103,0.6117170700385178,0.8845867460908414,14.0,109.0,118.0,123.0,88.0,60.0,35.0,34.0,35.0,7.0,12.0,0.0,134.0,109.0,120.0,126.0,116.0,122.0,105.0,122.0,109.0,111.0,121.0,107.0,0.1700787401574803,0.3984251968503937,0.431496062992126,0.26961483594864477,0.32952924393723254,0.4008559201141227,0.014892032762472078,0.008935219657483246,0.011169024571854059,0.018615040953090096,0.017870439314966492,0.014147431124348473,0.0014892032762472078,0.0052122114668652275,0.0014892032762472078,0.0037230081906180195,0.04169769173492182,0.006701414743112435,0.035740878629932984,0.0037230081906180195,0.022338049143708117,0.02084884586746091,0.014147431124348473,0.0014892032762472078,0.014147431124348473,0.0007446016381236039,0.0037230081906180195,0.029039463886820552,0.0029784065524944155,0.02084884586746091,0.01563663440059568,0.011169024571854059,0.03425167535368578,0.03425167535368578,0.0037230081906180195,0.03648548026805659,0.03127326880119136,0.014892032762472078,0.10573343261355175,0.0022338049143708115,0.0573343261355175,0.027550260610573342,0.029784065524944156,0.05956813104988831,0.06031273268801191,0.007446016381236039,0.03201787043931496,0.02084884586746091,0.007446016381236039,0.049143708116157855,0.004467609828741623,0.01563663440059568,0.0037230081906180195,0.008935219657483246,0.008935219657483246,0.0014892032762472078,1.0,0.039479254306087834,0.02777881985606846,0.0167818493744278,0.0661866482982955,-0.01220973318886273,-0.005846304466719287,0.03850565882863827,-0.038468294961016974,0.008791818390300256,-0.0008046396973665453,0.06120839254572208,0.004778906988851494,-0.014710469971167334,0.04929720336962984,0.01844543848287384,0.02686134349760603,-0.03370376058153583,-0.01119606818770841,-0.02596802863069253,0.0208714556446664,-0.012976710241725276,0.00939443891005413,-0.010001311036314504,-0.01779071265953833,-0.01471856163050677,-0.04371072753181445,-0.0019423694366063693,-0.012158957940403807,0.016000365988798414,-0.040156366668373404,-0.015952284433904087,0.05714384219929038,0.02147132707157475,-0.002700297079021592,-0.01131587109548098,0.026236158923904254,-0.026807504569111698,-0.005366778891585301,-0.02573095412760899,-0.05124404921229092,1.0,0.03950867252837254,0.026300367828403334,0.014743290207747903,0.06460493522358589,-0.018139494662891196,-0.008387554499464938,0.038379885283181044,-0.04553917872709732,0.01250088978467332,0.0002796333544010805,0.05742685297484626,0.006672202551963843,-0.020734243674336,0.048469272889682724,0.01099054714785054,0.022841560145853507,-0.03433817415998855,-0.02223947679255127,-0.019982411794216427,0.023411260107983185,-0.013017695704467683,0.011546070494779554,-0.011174254112402247,-0.014861699585738368,-0.019151426484426227,-0.046205065217878136,-0.00021915173006251267,-0.002809740270316211,0.01963141279162663,-0.036782843718695495,-0.01627235249188776,0.06598690555548248,0.023170325362385853,-0.00650801099976188,-0.009528850758387239,0.014931651325130508,-0.018558699660147636,-0.004605372670371252,-0.026917101312221848,-0.04813672954062374
3.467071488710929,0.6311782446200576,0.885331347728965,0.0,109.0,119.0,110.0,93.0,91.0,17.0,29.0,9.0,5.0,1.0,0.0,134.0,110.0,127.0,120.0,120.0,120.0,99.0,121.0,113.0,113.0,113.0,110.0,0.2058319039451115,0.37221269296740994,0.4219554030874786,0.26785714285714285,0.33285714285714285,0.3992857142857143,0.01340282948622487,0.008190618019359643,0.011169024571854059,0.010424422933730455,0.014892032762472078,0.008190618019359643,0.0014892032762472078,0.011913626209977662,0.006701414743112435,0.0037230081906180195,0.03052866716306776,0.010424422933730455,0.03201787043931496,0.005956813104988831,0.017870439314966492,0.02531645569620253,0.0193596425912137,0.0022338049143708115,0.007446016381236039,0.008190618019359643,0.0037230081906180195,0.02084884586746091,0.0014892032762472078,0.03052866716306776,0.014892032762472078,0.012658227848101266,0.03127326880119136,0.04616530156366344,0.0014892032762472078,0.03127326880119136,0.014892032762472078,0.011169024571854059,0.11839166046165302,0.0014892032762472078,0.05286671630677588,0.02680565897244974,0.040208488458674606,0.07446016381236038,0.06031273268801191,0.010424422933730455,0.0379746835443038,0.01340282948622487,0.008190618019359643,0.044676098287416234,0.0037230081906180195,0.01340282948622487,0.0037230081906180195,0.008935219657483246,0.00967982129560685,0.0014892032762472078,1.0,0.08049760748667033,0.037645853099016205,-0.004401435197647902,-0.003910478659477472,0.014959478215350038,0.007330623954967036,0.01642373268959275,-0.0421140593475992,0.03252967782465102,0.0119497430121165,0.017954577631207124,0.011465269070084083,0.06420849767687505,0.017171701881512152,0.0028259928079763645,0.010371978658238828,-0.0077939382709362294,0.0168332296975702,-0.009706013517734105,-0.018388673309109715,-0.04297616276557445,0.05222273494655797,-0.027268797819863685,0.010632115972334369,-0.022647223768278962,0.040748779747518275,0.0008353347935075682,-0.0002128461657284151,0.004390113624865462,0.025553773322802925,0.03073956520036592,-0.0222534788811499,0.0021096686746589596,0.01062508872080276,-0.029912493571949812,-0.05684297649025412,0.011559412584797155,-0.045487024664352026,0.010431403705302676,0.002362262521557311,1.0,0.08055759080074386,0.031416350811572874,-0.009958269059301587,-0.004018536119780632,0.01627581526556984,0.005198579729479758,0.014478435656626865,-0.0453838765130447,0.03916238064873878,0.009600752020611029,0.01335897407947422,0.007890682808045097,0.0646306971874887,0.006118041737789234,-0.002418804305492378,0.006969194096975235,-0.005864315373104704,0.015059464043455125,-0.012803210151224455,-0.021005343850513843,-0.03580609210004068,0.05815455442499653,-0.03825742120938226,0.010770154694470195,-0.025332556270668022,0.045979500417982565,-0.009894822448640882,-0.0020105818302241546,-0.0006654950108317535,0.03890671348289662,0.017661050050175906,-0.025222054453669186,0.003130608046660756,0.02465308969020268,-0.043596878521553334,-0.05538734454398992,0.024142274996441684,-0.04401056030667133,0.014867158024779453,-0.0073632134029456755
3.4607382921759187,0.5888524429253059,0.885331347728965,20.0,101.0,118.0,117.0,88.0,83.0,21.0,60.0,37.0,13.0,6.0,2.0,134.0,107.0,126.0,123.0,122.0,130.0,93.0,127.0,118.0,121.0,122.0,113.0,0.24474474474474475,0.38288288288288286,0.37237237237237236,0.2722841225626741,0.3370473537604457,0.3906685236768802,0.010424422933730455,0.0052122114668652275,0.00967982129560685,0.011913626209977662,0.01340282948622487,0.012658227848101266,0.0014892032762472078,0.008190618019359643,0.0052122114668652275,0.0022338049143708115,0.0379746835443038,0.00967982129560685,0.0387192851824274,0.0052122114668652275,0.017870439314966492,0.01563663440059568,0.014147431124348473,0.0029784065524944155,0.010424422933730455,0.004467609828741623,0.0022338049143708115,0.027550260610573342,0.0037230081906180195,0.03052866716306776,0.006701414743112435,0.011169024571854059,0.029784065524944156,0.04988830975428146,0.005956813104988831,0.0387192851824274,0.029784065524944156,0.01340282948622487,0.11094564408041697,0.0037230081906180195,0.05063291139240506,0.027550260610573342,0.044676098287416234,0.06254653760238273,0.06701414743112435,0.006701414743112435,0.039463886820551006,0.021593447505584513,0.008935219657483246,0.035740878629932984,0.0022338049143708115,0.012658227848101266,0.0022338049143708115,0.008935219657483246,0.004467609828741623,0.0029784065524944155,1.0,0.00604631570196396,0.026438170801356166,-0.007110560951145132,-0.03412304321796114,-0.05067487812951881,-0.01249587953410587,0.03237929675674396,0.00651916564745303,0.018965725635679057,-0.028569446817451084,0.0007395260635447493,-0.033645740416590506,0.02104286755266056,-0.017714882019784568,-0.015012843697222191,0.02160984147631709,-0.008988139911332457,0.012306944773103191,-0.02791743779119951,0.013508841736076966,-0.032052613975383566,-0.0026520857889282684,-0.01012485304628612,0.02074123725121302,-0.003834494088809022,0.031686534957877176,0.011143046858350355,0.02729982521732256,0.0458832495249428,-0.05227371335910732,-0.007057056195686732,-0.02448156222420705,0.01566659936735908,0.012908623422052607,0.036853227371410564,0.020258877490723935,0.008293461636659972,-0.0017552410285833308,-0.00497174745465732,-0.021120010422910646,1.0,0.006050821153306698,0.026441956999852658,-0.007447930520586684,-0.03486539530444547,-0.05016752810667196,-0.01028810198793786,0.03505573800846516,0.005110540297304268,0.013660176804298872,-0.032411958146889935,0.001258749421327426,-0.028598211743415657,0.023886706052586134,-0.017871111564049014,-0.019690071662527415,0.01944226349565447,-0.008404935202012978,0.011860125044196165,-0.02750248181836869,0.010515358811065037,-0.028410405430406467,-0.004015758054168504,-0.008601238482788622,0.018450980929225903,-0.006127519744688731,0.03007507115978196,0.008127966298928913,0.031855112314075514,0.044715561117551476,-0.050275410962119405,-0.00985705346183616,-0.016957959156684684,0.01769255846193613,0.016577411447567927,0.02964175463170479,0.013913050911599131,0.008387677519633612,0.0023156843834833624,0.005750823082315494,-0.021258227301654567
3.45274424579185,0.6137708746886513,0.8756515264333582,2.0,97.0,119.0,111.0,79.0,89.0,12.0,31.0,16.0,4.0,23.0,6.0,134.0,101.0,124.0,127.0,115.0,124.0,77.0,128.0,107.0,109.0,121.0,104.0,0.2071307300509338,0.3565365025466893,0.4363327674023769,0.2815463165572575,0.33406272793581326,0.38439095550692925,0.01340282948622487,0.0052122114668652275,0.011169024571854059,0.010424422933730455,0.01712583767684289,0.011169024571854059,0.0,0.010424422933730455,0.0037230081906180195,0.0022338049143708115,0.029784065524944156,0.008935219657483246,0.04169769173492182,0.0037230081906180195,0.01563663440059568,0.023827252419955324,0.016381236038719285,0.0014892032762472078,0.007446016381236039,0.005956813104988831,0.0014892032762472078,0.02084884586746091,0.0014892032762472078,0.03350707371556218,0.014147431124348473,0.014147431124348473,0.027550260610573342,0.05286671630677588,0.0029784065524944155,0.03201787043931496,0.023827252419955324,0.012658227848101266,0.114668652271035,0.0052122114668652275,0.04690990320178704,0.020104244229337303,0.03425167535368578,0.06626954579300075,0.07222635889798958,0.008935219657483246,0.034996276991809384,0.0193596425912137,0.006701414743112435,0.045420699925539834,0.0037230081906180195,0.01712583767684289,0.0022338049143708115,0.014147431124348473,0.008935219657483246,0.0014892032762472078,1.0,0.07437967102895308,0.040739996607461054,-0.01647035515361368,-0.02060144140362678,0.020176063924973484,0.006984459236367961,0.007274722419953015,0.020079581587241536,0.018413331441516075,0.012976094621868918,-0.00020041372354753176,0.07634934713232336,0.055986440726479035,0.020626274351287225,0.014814943556231926,-0.04206421712415277,3.953871212696567e-05,0.00774987322295489,0.044833014375180065,0.0794056374576655,-0.00826272746899224,0.019005879801144786,-0.04753499122165972,0.013496391122926618,-0.014669613539273624,0.019958343788545118,0.04172927101552307,-0.009438309902641582,0.025476335348069652,0.030703650963422084,0.02578911393576481,0.05584910921236797,-0.0125317981694277,0.04384844330102736,-0.028944516144316746,-0.0033252128871274415,0.0030124508113658736,-0.022562598002859587,-1.747934223376138e-05,0.022832088577047542,1.0,0.07443509552301338,0.03545662416817965,-0.02222670941105035,-0.019463868654035547,0.024854201540844344,0.005035894376927005,0.00388343764025122,0.019476805592707737,0.01654510281937994,0.008993001504553757,-0.0025134313589516553,0.0782958711586152,0.04645759755572576,0.006923574692749585,0.011304367345220445,-0.04107561572779087,0.0036168784847462254,0.008432630030816133,0.042020601624017245,0.06980071923300364,-0.025113230802961732,0.014397259575152118,-0.047354630689355304,0.015568530656892185,-0.02350389203249367,0.017534771468888048,0.035071536829846935,-0.014866068722520564,0.025994476839797415,0.03086943691509856,0.017788500177966505,0.03540894528553926,-0.024373806185124317,0.04298703196720201,-0.029157758999644925,0.0052431398913035734,0.003793768364042794,-0.0256036773612156,-0.018594584445818962,0.019960989338714184
3.5135375421619224,0.6350512482553585,0.8905435591958303,3.0,113.0,125.0,121.0,91.0,70.0,64.0,31.0,10.0,2.0,16.0,4.0,134.0,113.0,129.0,125.0,123.0,130.0,119.0,128.0,119.0,124.0,127.0,119.0,0.16,0.3446153846153846,0.49538461538461537,0.26308724832214764,0.3295302013422819,0.40738255033557047,0.014892032762472078,0.00967982129560685,0.014892032762472078,0.011169024571854059,0.012658227848101266,0.010424422933730455,0.0022338049143708115,0.004467609828741623,0.006701414743112435,0.0029784065524944155,0.03723008190618019,0.011169024571854059,0.044676098287416234,0.011913626209977662,0.022338049143708117,0.02308265078183172,0.01563663440059568,0.0022338049143708115,0.005956813104988831,0.0037230081906180195,0.0052122114668652275,0.024571854058078928,0.0029784065524944155,0.029784065524944156,0.02084884586746091,0.008935219657483246,0.028294862248696945,0.035740878629932984,0.007446016381236039,0.03723008190618019,0.026061057334326135,0.01563663440059568,0.09977661950856292,0.004467609828741623,0.054355919583023084,0.0193596425912137,0.03350707371556218,0.0573343261355175,0.07371556217423679,0.011169024571854059,0.02531645569620253,0.02680565897244974,0.007446016381236039,0.04095309009679821,0.004467609828741623,0.01563663440059568,0.0007446016381236039,0.008190618019359643,0.0052122114668652275,0.0007446016381236039,1.0,0.010350667827131423,-0.012221766345562409,0.001593724722499983,0.012883075754057737,0.0032096033405905693,-0.0329798905614848,0.024453150785387418,0.03880942919212941,0.007044035152027704,0.013737095769226982,0.03546241820346486,0.014026030236125434,0.03438762953910169,-0.007926872839379207,0.05021100623699452,-0.03632072842395249,0.0377481407163988,-0.004993623856080818,-0.01131327940006182,0.0134972895938314,-0.03210772102246858,0.006017780239778244,0.03920476500126038,0.03579051132840511,0.042474028729532494,-0.012363095839590062,0.015277956805471825,0.008175146190868966,0.0008170255070885922,-0.006842904734301524,-0.0436476273398863,0.017184706349086292,0.006490601954872726,-0.04993271394618276,-0.022389321842530428,0.020226112800120613,0.0279023814408696,0.027829787888519784,-0.019000391933708585,0.035618119011411736,1.0,0.010358380694364728,-0.012348615193254102,0.0018540381973182814,0.012737537965194858,0.002996000401913864,-0.0328963112130358,0.025345602355300877,0.03761226730135012,0.006899135728899455,0.015356090860299366,0.035244451351813144,0.011622071460694468,0.036650048870061215,-0.006913134127889567,0.04974191507511368,-0.03961383673134701,0.04102834593772237,-0.009339231124892513,-0.012338039437938278,0.010332160036731122,-0.03441061734633388,0.0006906400353593358,0.03835453874222617,0.03308865372720272,0.0402971945828526,-0.015003266715188507,0.015980819711380528,0.002288056272588393,0.008514835976388146,-0.011505333912951813,-0.0420511009356521,0.009531553294435755,0.00508251368203004,-0.05386527806177302,-0.02890317063705378,0.017281500919679147,0.018952560368846405,0.02980240668519076,-0.01582983118712297,0.027726834004271592
3.5349434977197887,0.6552448066970079,0.8838421444527178,5.0,110.0,127.0,119.0,83.0,76.0,49.0,24.0,20.0,10.0,7.0,3.0,134.0,113.0,131.0,125.0,120.0,130.0,108.0,128.0,113.0,112.0,117.0,109.0,0.16587677725118483,0.3665086887835703,0.4676145339652449,0.2722222222222222,0.3263888888888889,0.4013888888888889,0.011913626209977662,0.005956813104988831,0.01563663440059568,0.017870439314966492,0.02084884586746091,0.011169024571854059,0.0022338049143708115,0.012658227848101266,0.005956813104988831,0.0022338049143708115,0.04169769173492182,0.014892032762472078,0.039463886820551006,0.006701414743112435,0.014147431124348473,0.017870439314966492,0.0193596425912137,0.0022338049143708115,0.006701414743112435,0.008190618019359643,0.005956813104988831,0.023827252419955324,0.004467609828741623,0.027550260610573342,0.017870439314966492,0.007446016381236039,0.03276247207743857,0.03648548026805659,0.0052122114668652275,0.022338049143708117,0.029784065524944156,0.011169024571854059,0.10275502606105734,0.004467609828741623,0.054355919583023084,0.026061057334326135,0.03648548026805659,0.0573343261355175,0.06403574087862993,0.006701414743112435,0.029039463886820552,0.01340282948622487,0.005956813104988831,0.049143708116157855,0.004467609828741623,0.014892032762472078,0.004467609828741623,0.012658227848101266,0.007446016381236039,0.0037230081906180195,1.0,0.006909424152988876,-0.054309082838531454,0.030229091424978132,-0.044128240698882694,0.01667285071193869,0.04257781500113042,-0.012499461279041233,-0.010120734050668757,0.008470981815250515,0.016904854923301963,0.04133336478761878,0.0035810115114479272,-0.03612583971795577,-0.020502904863173646,-0.01271274601819329,-0.005396795410210193,0.035597206480980303,-0.0324934788839444,0.01464907511376558,0.014384189972571383,0.018365506249439945,-0.024019448999148797,0.022154611683335487,0.007853873222683364,-0.024157245124184094,0.006203946794242297,-0.00880101926623195,0.004747805027102586,0.013121430296375351,0.014281816188353294,0.011917413484101733,0.026394127217985706,-0.03592700439587315,-0.005576106295568309,0.03465046793500337,-0.05127870008776983,-0.04079419567373391,-0.016029464371826042,-0.03197273778241481,-0.0577839359368184,1.0,0.0069145727551893025,-0.05444049491305576,0.031163606878892976,-0.04791189771335219,0.021116661885610098,0.03649855138059364,-0.008484731006914567,-0.008829474355773916,0.006843958928303873,0.019856584650321998,0.04063003477704845,0.0023379438525454135,-0.031582454957662286,-0.020475097153273097,-0.01431734125054831,-0.007977792071929321,0.030527080829596473,-0.03367191295808983,0.02252661651591577,0.00847132812879299,0.02461901777701085,-0.030516812763775075,0.02641239465751022,0.010202014625216907,-0.0180713315641021,0.001664656966518823,-0.01178400163621928,0.006634241646744653,0.008391175824601402,0.01592757581647421,0.011723996936858596,0.028049375179007036,-0.03421097875095504,-0.003253229025871733,0.0321107105769424,-0.05155199192605127,-0.04003682752461213,-0.02633364120962219,-0.02605192475536815,-0.0730987406663976
3.4848899824766395,0.642638693877545,0.8860759493670886,2.0,90.0,118.0,117.0,69.0,73.0,31.0,41.0,24.0,9.0,2.0,9.0,134.0,106.0,125.0,120.0,117.0,121.0,83.0,121.0,107.0,106.0,117.0,98.0,0.19829059829059828,0.37435897435897436,0.42735042735042733,0.2774907749077491,0.33210332103321033,0.3904059040590406,0.011169024571854059,0.0037230081906180195,0.018615040953090096,0.011169024571854059,0.01563663440059568,0.02531645569620253,0.0022338049143708115,0.005956813104988831,0.007446016381236039,0.0022338049143708115,0.03201787043931496,0.00967982129560685,0.034996276991809384,0.005956813104988831,0.020104244229337303,0.024571854058078928,0.012658227848101266,0.0029784065524944155,0.010424422933730455,0.004467609828741623,0.004467609828741623,0.026061057334326135,0.0,0.021593447505584513,0.01340282948622487,0.014147431124348473,0.03127326880119136,0.04765450483991065,0.0052122114668652275,0.022338049143708117,0.02680565897244974,0.016381236038719285,0.08860759493670886,0.05658972449739389,0.0,0.02084884586746091,0.035740878629932984,0.058078927773641105,0.08935219657483247,0.008190618019359643,0.03723008190618019,0.016381236038719285,0.005956813104988831,0.045420699925539834,0.0007446016381236039,0.018615040953090096,0.0052122114668652275,0.010424422933730455,0.010424422933730455,0.0014892032762472078,1.0,0.01710313198774306,0.0872494264590965,-0.007033749648298911,-0.017761088068013648,0.012300025290312095,0.022449918188141214,0.03513193800107266,0.050761865040625034,-0.0011808558629326478,0.024488567270288534,0.024040368522581956,0.031073824959327985,0.021616991880375074,0.09171309926119932,0.009401128526517184,-0.007767400358691379,-0.027535350542268383,-0.03879020017387697,0.027352268606924385,0.06140151221579113,0.019713767375375797,0.0018046907866906853,0.05217683241197627,-0.008664374730205733,0.051006989402815964,0.027740143939468193,0.01322456296119149,0.011942018202502076,0.021312948623208882,0.027534913967628524,-0.01714428152387405,-0.013070675585659702,-0.010013025899983105,0.04810106762389865,0.025257229743225768,-5.925449303344894e-05,0.07008917396866139,0.008230427766188398,0.04042974639159489,0.036564094749647114,1.0,0.01711587649742097,0.08711211892295538,-0.009984461894130766,-0.025354707568196418,0.014662303301711994,0.026080997834770844,0.03206466231055163,0.0459054571712916,-0.007737780132214498,0.017897985079211483,0.026568926583547,0.028075953914897298,0.014364207756258728,0.08660295708964848,0.0025030937392907454,-0.025503373787356502,-0.02872198334753515,-0.03723539749352672,0.02761989025193014,0.06121590623460083,0.003947937707701558,-0.020298402299859544,0.05625607719496014,-0.0066601422057351485,0.04163057161449528,0.025392608942721242,-0.0014280649159519017,-0.003172314981019336,0.02487630653316771,0.027649240793179455,-0.026967531789389976,-0.015818305885801385,-0.021191341136525186,0.03650291659568358,0.018347615548180086,-0.012727680747874946,0.06159064838672269,0.014328406523421062,0.02326446543209177,0.028466655159812528
3.5073626942749514,0.6224603369768551,0.8942665673864483,8.0,117.0,119.0,124.0,91.0,90.0,28.0,40.0,21.0,19.0,10.0,4.0,134.0,121.0,127.0,125.0,123.0,126.0,107.0,129.0,121.0,121.0,123.0,115.0,0.20566318926974664,0.38002980625931443,0.4143070044709389,0.2642663043478261,0.3328804347826087,0.40285326086956524,0.016381236038719285,0.004467609828741623,0.01340282948622487,0.014147431124348473,0.014892032762472078,0.01712583767684289,0.0,0.0037230081906180195,0.005956813104988831,0.0029784065524944155,0.04169769173492182,0.011913626209977662,0.0387192851824274,0.007446016381236039,0.0193596425912137,0.024571854058078928,0.0193596425912137,0.0022338049143708115,0.008190618019359643,0.008935219657483246,0.0029784065524944155,0.023827252419955324,0.0029784065524944155,0.028294862248696945,0.00967982129560685,0.00967982129560685,0.029039463886820552,0.044676098287416234,0.005956813104988831,0.04169769173492182,0.023827252419955324,0.01563663440059568,0.08935219657483247,0.0007446016381236039,0.045420699925539834,0.024571854058078928,0.04095309009679821,0.058078927773641105,0.07520476545048399,0.00967982129560685,0.02680565897244974,0.021593447505584513,0.00967982129560685,0.04393149664929263,0.0037230081906180195,0.018615040953090096,0.0022338049143708115,0.006701414743112435,0.008190618019359643,0.0007446016381236039,1.0,0.043534994584525095,-0.01776565992281543,-0.011837105551819332,-0.031705690624250195,-0.056914573111870086,-0.04374592444423936,0.011100216009718406,-0.03852040949094901,-0.003697065819974057,-0.009825948159111163,0.03639492045398595,-0.04080760320497519,-0.019178644896674167,0.0010888385392145573,0.0019856230243001666,-0.022702406368389754,-0.03528741975755737,0.002394786967283735,0.02946006774641388,0.015306804032468669,0.001885195771352643,-0.042792611578006005,-0.005822807319818745,0.029747396895543593,0.0012796264142292256,0.028924781590247806,0.03462895066807381,0.0020872141298370213,-0.0033884489603893866,-0.02916953283576789,0.007702003533317315,-0.04613615335336067,0.012094851571658165,0.04106912544911597,0.016014428766683485,0.025152285921534234,0.00013883878447069656,0.028983631007667567,0.008441191419099927,-0.030461934446042945,1.0,0.0435674349679711,-0.019727723062714923,-0.010237077276563788,-0.031247357477175768,-0.05494794513413276,-0.04067604654498816,0.011923329100115749,-0.043869478492962244,-0.004270054886243841,-0.016849375345437283,0.032976687290853735,-0.04832231049135371,-0.01842555095276156,-0.003512606093691299,0.0016480752756773474,-0.02596991767569014,-0.0372781484592026,-0.0037200995814901986,0.030428368676599933,0.007400632909206885,-0.003741190346727522,-0.05206984158389467,0.0003785312954692574,0.0311834893291615,-0.0035639211165713744,0.026292720260422786,0.031807070351627845,0.00015202950998644604,-0.00046483745867718397,-0.03255120818152374,0.016565395284240447,-0.04106062649313676,0.020846431147540343,0.03480893413636872,0.010776784720161631,0.03006562867119419,-0.001501688675036944,0.026746862497532567,0.015263048465152028,-0.028113649201262334
3.493483479661608,0.6566844240606555,0.8816083395383469,0.0,108.0,119.0,124.0,93.0,66.0,44.0,30.0,6.0,9.0,23.0,4.0,134.0,108.0,125.0,125.0,117.0,124.0,107.0,127.0,109.0,113.0,123.0,107.0,0.15335463258785942,0.3706070287539936,0.476038338658147,0.2713178294573643,0.3269908386187456,0.40169133192389006,0.016381236038719285,0.011169024571854059,0.018615040953090096,0.01712583767684289,0.017870439314966492,0.00967982129560685,0.0022338049143708115,0.0037230081906180195,0.006701414743112435,0.0029784065524944155,0.0387192851824274,0.010424422933730455,0.02531645569620253,0.005956813104988831,0.012658227848101266,0.029039463886820552,0.01563663440059568,0.0007446016381236039,0.008935219657483246,0.0014892032762472078,0.0029784065524944155,0.022338049143708117,0.005956813104988831,0.02308265078183172,0.01563663440059568,0.01340282948622487,0.023827252419955324,0.045420699925539834,0.0037230081906180195,0.04318689501116903,0.02084884586746091,0.012658227848101266,0.10052122114668652,0.0037230081906180195,0.04690990320178704,0.021593447505584513,0.0379746835443038,0.06775874906924795,0.07222635889798958,0.005956813104988831,0.04169769173492182,0.01712583767684289,0.010424422933730455,0.04169769173492182,0.004467609828741623,0.020104244229337303,0.0029784065524944155,0.00967982129560685,0.005956813104988831,0.0007446016381236039,1.0,-0.011530809811359422,-0.07178866705014954,0.024415749591010977,0.011281967135772,0.029590549943076295,0.018954750252853675,0.0197213353770011,0.032684501402222045,0.010166130126024683,0.02184257396975093,0.021045940065168654,-0.017251418091462373,0.015419824590180117,0.03038352832880875,-0.04833682795727689,-0.007745717783135115,0.04933044187964508,0.05702661971058218,-0.020564536684286157,-0.04265519873700745,0.0014706402612623462,0.017070699697992645,0.0007341442628304245,0.03850626419371871,0.05581667180965476,0.038064862227291406,-0.003543190995346579,0.02554569775938887,-0.05317852775904351,-0.03138239010913004,-0.00034611497920283607,-0.044295834558409845,0.00489967913527822,0.01566047406021546,0.03768199883203047,-0.005740493016988648,0.015988282975013934,-0.02729847921075691,0.010951216193672501,-0.024558287762064732,1.0,-0.01153940206904299,-0.07203848469964313,0.02287145343532643,0.006722346604361644,0.03349258373504533,0.020605170096194905,0.024547204728732074,0.03489052371434847,0.012807145524219209,0.02496681075845164,0.02034791595784569,-0.016595012293226474,0.013875477312321341,0.024768916147340826,-0.04961143444353029,-0.009565660403204149,0.03983506173004805,0.0573535813709516,-0.015386289034564803,-0.03669600732927426,-0.005843089800321791,0.009601887563237922,0.0005366072602033554,0.03889681505201147,0.05812133410602002,0.047646233353375964,0.0008249958070894232,0.027880248555728612,-0.05729472622036974,-0.03714334761260224,-0.022161540934336296,-0.057065800506752716,0.0030975058029044295,0.006691321738749626,0.0334005662725893,-0.004754157420089192,0.03655358005030272,-0.022850599729691577,0.015424645925998343,-0.02580107886411555
3.468441283451991,0.6239521591380985,0.8756515264333582,8.0,111.0,124.0,103.0,79.0,92.0,45.0,69.0,10.0,2.0,9.0,4.0,134.0,111.0,129.0,117.0,119.0,123.0,107.0,123.0,113.0,111.0,115.0,107.0,0.2576219512195122,0.29573170731707316,0.44664634146341464,0.26969481902058196,0.32647267565649396,0.4038325053229241,0.01563663440059568,0.00967982129560685,0.017870439314966492,0.008935219657483246,0.016381236038719285,0.014147431124348473,0.0022338049143708115,0.0052122114668652275,0.0029784065524944155,0.0029784065524944155,0.04393149664929263,0.01340282948622487,0.03723008190618019,0.005956813104988831,0.017870439314966492,0.02531645569620253,0.017870439314966492,0.0014892032762472078,0.007446016381236039,0.004467609828741623,0.0022338049143708115,0.024571854058078928,0.0037230081906180195,0.022338049143708117,0.018615040953090096,0.008190618019359643,0.028294862248696945,0.03723008190618019,0.0037230081906180195,0.03276247207743857,0.027550260610573342,0.01340282948622487,0.11988086373790022,0.0037230081906180195,0.06031273268801191,0.018615040953090096,0.03350707371556218,0.05212211466865227,0.07073715562174236,0.008190618019359643,0.02531645569620253,0.016381236038719285,0.00967982129560685,0.04839910647803425,0.0022338049143708115,0.017870439314966492,0.0022338049143708115,0.010424422933730455,0.0052122114668652275,0.0014892032762472078,1.0,0.036558352336928106,-0.025550081497049352,0.017362855973473958,0.009834197373653361,-0.04003092697621361,-0.01262798997316088,0.026962665815799265,-0.0013902398699611339,0.02556243649154782,-0.003668414445791567,0.026654666268777095,-0.0007924232169852055,-0.004327249914728618,0.04138539414268794,-0.033818231932823885,0.024297004923851947,0.00602328783340261,-0.010996429282329495,-0.00029283899918781513,-0.0036480002128236855,-0.0017770250714746576,-0.02976627432218202,0.026787006516054077,0.03343753653763374,0.016813500320822704,0.03369484152201283,-0.048092957402924894,-0.03866977349143364,-0.04044774023594641,-0.008078135594602858,-0.01183870778403583,-0.03439809385990247,0.02553572756930897,-0.02305196101738709,0.00026029394605460654,0.028122940023010586,0.025486310299923584,-0.028661147771349284,-0.01126390200351208,0.039977669981582635,1.0,0.036585594030174695,-0.026962783038793063,0.0193896082835844,0.007801742729637777,-0.03997350391343002,-0.009535332553433834,0.025620278859976323,-0.002662448276641637,0.028516972502217162,-0.008194217403799622,0.027520073157705757,-0.002137627093297075,-0.00276220437439279,0.042858586510028135,-0.038173854243319594,0.03065112777194058,0.001603572679402294,-0.012360643348189542,0.004717528947455089,-0.008717847562366451,-0.0012404047080810585,-0.02805491275132564,0.02506740187549031,0.033713805907676274,0.012550670543156265,0.037129858464266204,-0.05623451141664873,-0.0362137502594496,-0.03403247767063223,-0.01004564166638108,-0.005539938010562162,-0.0391121631006384,0.023685043659240686,-0.029475970695528014,0.0011901953958883503,0.03502230634636996,0.016436054912420665,-0.021887199631196962,-0.00767970983537514,0.03540167024626043
3.456266671872924,0.64474137746513,0.8786299329858526,2.0,109.0,123.0,124.0,99.0,91.0,30.0,41.0,24.0,7.0,7.0,2.0,134.0,113.0,127.0,125.0,125.0,125.0,105.0,127.0,117.0,113.0,119.0,109.0,0.20333839150227617,0.38543247344461307,0.41122913505311076,0.2682418346073662,0.33356497567755383,0.39819318971507994,0.00967982129560685,0.005956813104988831,0.006701414743112435,0.014147431124348473,0.014892032762472078,0.014892032762472078,0.0007446016381236039,0.004467609828741623,0.006701414743112435,0.0029784065524944155,0.04169769173492182,0.0029784065524944155,0.028294862248696945,0.006701414743112435,0.014892032762472078,0.014147431124348473,0.017870439314966492,0.005956813104988831,0.010424422933730455,0.005956813104988831,0.0,0.02531645569620253,0.0022338049143708115,0.024571854058078928,0.018615040953090096,0.01340282948622487,0.02308265078183172,0.05212211466865227,0.007446016381236039,0.03276247207743857,0.029784065524944156,0.01340282948622487,0.10498883097542815,0.0029784065524944155,0.058823529411764705,0.029784065524944156,0.04169769173492182,0.06031273268801191,0.07371556217423679,0.005956813104988831,0.03276247207743857,0.020104244229337303,0.006701414743112435,0.04765450483991065,0.0014892032762472078,0.017870439314966492,0.0052122114668652275,0.008190618019359643,0.008190618019359643,0.0007446016381236039,1.0,0.05617467847848924,0.056829515119283275,0.0030483562492505654,-0.043248059298950835,0.03873777771306672,0.007958001758763083,0.027527457647594605,0.0067669534161330204,0.04057912664332839,0.012269753168168897,-0.04683403325915399,0.01849318731523277,-0.01441141663820877,0.039764941869016426,0.0023347404957208334,-0.04383607380885356,0.010461285589684092,-0.0007033786251176427,-0.0037568311794631743,-0.024773766024202757,0.032088719930957084,0.014433523264469632,0.019835259183104005,0.0560856357447955,0.04909945991188535,0.047955738161596574,0.03393891862128318,0.03714180570949418,-0.03785451393680668,-0.051662092181772215,-0.02466163239356248,0.029676014133656385,-0.033640552399237314,0.016712514748091916,-0.011915877382701934,-0.003833172389522453,0.013690289263228338,-0.03147021127732242,0.019317717043564043,-0.019245120963566658,1.0,0.056216537404330136,0.053924390162435144,-0.003021560008048461,-0.04673216618490927,0.04403755200512409,0.008716844195645704,0.022294982982818335,0.0009735094425980989,0.041806616161299645,0.006573438151381551,-0.05187725364398893,0.021488196853410513,-0.007893313186485795,0.036653032673230924,-0.007129909702013137,-0.04536900487503206,0.01353474597884041,0.007985506025347904,-0.010242211869189515,-0.025777933006193722,0.039611681850020626,0.012230394505962909,0.014338093964645783,0.04996910596957092,0.05685190218165062,0.03555412621833555,0.02149028744850898,0.03515396591238992,-0.04542553367897279,-0.05528234481370143,-0.025245163929970588,0.03778883880049766,-0.050482367236608185,0.012179357389917444,-0.011597027480998405,0.0009547154399107893,0.015021551468133228,-0.027538520001023522,0.025982869486065836,-0.017361630699382034
3.496448264068501,0.6302378631149977,0.8823529411764706,6.0,108.0,122.0,109.0,94.0,64.0,40.0,32.0,17.0,11.0,9.0,12.0,133.0,109.0,127.0,117.0,115.0,123.0,109.0,123.0,109.0,110.0,111.0,110.0,0.16346153846153846,0.3701923076923077,0.46634615384615385,0.2714899713467049,0.3230659025787966,0.4054441260744986,0.01563663440059568,0.007446016381236039,0.01340282948622487,0.01340282948622487,0.01563663440059568,0.02308265078183172,0.0007446016381236039,0.00967982129560685,0.0029784065524944155,0.0029784065524944155,0.04169769173492182,0.010424422933730455,0.03052866716306776,0.005956813104988831,0.017870439314966492,0.023827252419955324,0.017870439314966492,0.0014892032762472078,0.006701414743112435,0.004467609828741623,0.0037230081906180195,0.027550260610573342,0.0022338049143708115,0.024571854058078928,0.01712583767684289,0.006701414743112435,0.024571854058078928,0.04244229337304542,0.007446016381236039,0.03350707371556218,0.022338049143708117,0.00967982129560685,0.09233060312732688,0.0014892032762472078,0.05063291139240506,0.024571854058078928,0.034996276991809384,0.06329113924050633,0.07446016381236038,0.012658227848101266,0.03127326880119136,0.018615040953090096,0.006701414743112435,0.055100521221146684,0.0029784065524944155,0.02084884586746091,0.0007446016381236039,0.00967982129560685,0.011169024571854059,0.0007446016381236039,1.0,0.027988879445665325,0.054494766946356556,-0.033217705648878,0.029499351736772705,-0.034870971876626126,-0.00878987436437113,-0.02640074842423506,0.014159449642968072,-0.017216007482580977,0.010672143907904528,0.006681177814039955,0.016953521567807956,0.023647143868268366,0.011869358881920655,-0.023527917380985898,0.03315386022628894,0.015754117772436824,0.005007383329569275,-0.006671857376688255,0.030343790744008524,0.014164461289017037,0.017752332377106408,-0.04602078591617498,-0.03149893874685984,-0.0026378926872042776,0.00039280133515863085,0.015146746066352338,0.02675384516833846,0.016771466306961913,-0.03519532635706453,-0.06425424115592733,-0.029400321714792826,-0.034491993345800366,0.0165180544436623,0.004009839565009955,-0.04587610127306697,-0.0038198543438618727,-0.08777493895499647,0.04126311636739267,-0.017459510387557,1.0,0.02800973554063228,0.053833731481714706,-0.03638020081718635,0.028706833183220277,-0.0330687075077467,-0.011252982674650486,-0.020416249680515478,0.013585794617521636,-0.014483569747974556,0.008180048653084712,0.009555481666227467,0.012197413548189725,0.024343575068560084,0.007809591227937998,-0.025675455453774237,0.03486557869532755,0.017839918347283774,-3.960430261111388e-05,-0.00314123183313557,0.02983088054216191,0.014124287890955916,0.014609203869938824,-0.04512427811396067,-0.03425882534031802,0.006611579801799638,0.000563294168241104,0.018006808394315652,0.025730575282684926,0.010560735986482411,-0.04436756022260743,-0.06438030148089492,-0.024362325469234294,-0.0325212048432754,0.021679276302869217,0.01024311216417896,-0.053629912277444486,-0.0022715837670799514,-0.09693371235004232,0.044288200336204515,-0.008406572714274443
3.5248850452622635,0.6326262035222996,0.8905435591958303,4.0,117.0,118.0,113.0,104.0,56.0,25.0,63.0,12.0,7.0,5.0,1.0,134.0,117.0,127.0,117.0,117.0,130.0,111.0,125.0,117.0,113.0,115.0,111.0,0.1968,0.3776,0.4256,0.2712691771269177,0.32357043235704325,0.405160390516039,0.020104244229337303,0.006701414743112435,0.018615040953090096,0.016381236038719285,0.014147431124348473,0.018615040953090096,0.0014892032762472078,0.0052122114668652275,0.005956813104988831,0.0014892032762472078,0.04318689501116903,0.01340282948622487,0.03276247207743857,0.0014892032762472078,0.02084884586746091,0.023827252419955324,0.01563663440059568,0.0022338049143708115,0.010424422933730455,0.0052122114668652275,0.006701414743112435,0.026061057334326135,0.0037230081906180195,0.029784065524944156,0.011169024571854059,0.011169024571854059,0.02531645569620253,0.040208488458674606,0.005956813104988831,0.034996276991809384,0.029784065524944156,0.012658227848101266,0.08637379002233805,0.004467609828741623,0.06180193596425912,0.018615040953090096,0.03648548026805659,0.06105733432613552,0.06552494415487714,0.008190618019359643,0.029039463886820552,0.0193596425912137,0.006701414743112435,0.045420699925539834,0.0029784065524944155,0.017870439314966492,0.0022338049143708115,0.011169024571854059,0.006701414743112435,0.0007446016381236039,1.0,0.07338939924529243,0.007932230080240282,0.044226427427548405,0.02947379936368394,0.015051121528448801,0.04305766929071159,-0.030583027330079837,0.0454130400636809,0.016436074900625295,-0.030708926477187624,-0.023523072681983555,-0.024555680067274162,-0.017994793004573288,-0.032885349936115776,-0.0038712392564001306,-0.004123238809944493,-0.03801930837683604,0.019740184911275972,0.0366868021511366,0.005944685292404154,0.027670555058745695,0.019161169070962946,-0.001917684357492725,-0.05159609691572274,-0.02134753956109963,-0.0029203475264566767,-0.02396321157202568,-0.010663542240765942,-0.05266291780480912,0.000894428432156646,-0.044920318162509236,-0.022665883222961713,-0.022215370821434526,-0.01694728835639076,-0.02151595389641558,0.036502595043984516,-0.02452993998592715,0.03925775496379306,0.04742604130666519,0.03140257204053462,1.0,0.07344408583191335,0.0025638561841017254,0.04379169353528447,0.023278723555788916,0.011045753346480879,0.0396577027054586,-0.039348779061599004,0.04940317963948646,0.005614998189850317,-0.03243082866521412,-0.022276570304420724,-0.026175000346838926,-0.010448327671871567,-0.03369009941802004,0.007335525810859089,-0.00010317011474135658,-0.03640177840807331,0.031354405757645816,0.037134716137069625,0.0077639170485162825,0.02578129817310028,0.014163876164252121,-0.0052862729822250555,-0.06477328616640363,-0.016449836282620253,-0.0026120410106812847,-0.030408742074143444,-0.004936732093724754,-0.051403495082441415,0.016108442420977302,-0.04712986165748697,-0.0015061431607036047,-0.007986730552734645,-0.015201718689145056,-0.008727390844334593,0.040229574946143126,-0.024430587009314796,0.04097746038990684,0.04051140332700114,0.02487949417366189
3.4845190817075227,0.6009256926447835,0.8883097542814594,5.0,124.0,128.0,120.0,96.0,100.0,45.0,45.0,6.0,10.0,2.0,5.0,134.0,124.0,131.0,127.0,125.0,130.0,103.0,127.0,125.0,124.0,125.0,113.0,0.21865889212827988,0.33819241982507287,0.44314868804664725,0.26276881720430106,0.33669354838709675,0.40053763440860213,0.00967982129560685,0.0022338049143708115,0.010424422933730455,0.011169024571854059,0.01340282948622487,0.014892032762472078,0.0007446016381236039,0.00967982129560685,0.005956813104988831,0.0022338049143708115,0.034996276991809384,0.010424422933730455,0.04765450483991065,0.006701414743112435,0.01712583767684289,0.023827252419955324,0.020104244229337303,0.0037230081906180195,0.008935219657483246,0.006701414743112435,0.0029784065524944155,0.02308265078183172,0.0022338049143708115,0.022338049143708117,0.014892032762472078,0.007446016381236039,0.03201787043931496,0.04988830975428146,0.0029784065524944155,0.04765450483991065,0.02680565897244974,0.01340282948622487,0.0953090096798213,0.0022338049143708115,0.04765450483991065,0.03127326880119136,0.040208488458674606,0.05584512285927029,0.07073715562174236,0.011169024571854059,0.040208488458674606,0.01712583767684289,0.008935219657483246,0.0387192851824274,0.0029784065524944155,0.00967982129560685,0.0022338049143708115,0.005956813104988831,0.010424422933730455,0.0029784065524944155,1.0,0.01306775627048717,-0.014220918772915989,0.017247492928968332,-0.01827000482615152,-0.014159402695288889,0.02561663224476532,0.012505464315923042,0.007487199528988384,0.02757856539125142,0.005399878211307742,-0.03685211332885169,0.04339328588114419,0.00892406254686902,0.07234040551289861,0.001442831979021324,-0.009333271217102106,-0.020849021323959726,-0.027717987490069047,-0.03304480147927456,0.020922036593944163,-0.04071558922425046,-0.04416004262728474,0.0032777259640273918,0.03573873194995364,-0.01675831992841917,-0.03943715601724555,0.03925233820151174,0.035298743539344035,0.051054824258422296,-0.03948080234888042,-0.025138814386299595,-0.020894260170098537,-0.005248861056682322,0.04169049771235219,0.021356547464464748,0.003801902323510529,-0.010710515876130025,-0.006103389836794186,-0.03653779520854041,0.0014534148224269045,1.0,0.013077493793788551,-0.014415614411356468,0.017670256506863456,-0.019011169215852275,-0.013210298161443593,0.025284868138511885,0.012144932667127024,0.008075432260408459,0.026562539140074438,0.005265650635084344,-0.03573361762578557,0.04413773415651061,0.00717767959136084,0.07614463110545051,-0.004660399119452834,-0.007875229541943887,-0.021059182931701087,-0.02715683934400702,-0.032656832232976996,0.019452355729839894,-0.04733335494064601,-0.04708840331438332,0.0006785340778482358,0.036509416826756104,-0.009503356572861303,-0.04764691195730919,0.041366214923279916,0.03539310955771939,0.057291441439784416,-0.04256722891069703,-0.013403866637527647,-0.02051620680750738,0.0017738955689779615,0.04312443084253124,0.02710437644608959,0.0013291423203431302,-0.02024491923825548,-0.007367829036970718,-0.03540130583166162,0.005379307777299114
3.4520318245705504,0.6277075665235327,0.8793745346239762,12.0,101.0,119.0,108.0,89.0,87.0,22.0,62.0,16.0,27.0,15.0,13.0,134.0,104.0,126.0,121.0,112.0,128.0,91.0,120.0,111.0,111.0,121.0,110.0,0.2399403874813711,0.35767511177347244,0.40238450074515647,0.2750179985601152,0.3275737940964723,0.39740820734341253,0.012658227848101266,0.008190618019359643,0.014147431124348473,0.01340282948622487,0.01712583767684289,0.00967982129560685,0.0007446016381236039,0.008935219657483246,0.0037230081906180195,0.0037230081906180195,0.03052866716306776,0.011913626209977662,0.04095309009679821,0.005956813104988831,0.01340282948622487,0.026061057334326135,0.008935219657483246,0.0022338049143708115,0.010424422933730455,0.0037230081906180195,0.0014892032762472078,0.026061057334326135,0.0022338049143708115,0.03201787043931496,0.01340282948622487,0.00967982129560685,0.02680565897244974,0.03723008190618019,0.0007446016381236039,0.03425167535368578,0.02308265078183172,0.014147431124348473,0.10275502606105734,0.0007446016381236039,0.05361131794489948,0.023827252419955324,0.040208488458674606,0.06924795234549516,0.0781831720029784,0.0052122114668652275,0.03425167535368578,0.022338049143708117,0.008935219657483246,0.04988830975428146,0.005956813104988831,0.0193596425912137,0.0029784065524944155,0.007446016381236039,0.005956813104988831,0.0014892032762472078,1.0,0.01270715815360715,0.0037807341337062214,-0.021736170873921778,0.03406118539719741,-0.015928679482677455,-0.01785795575578242,0.02217417608485547,0.0014821310846674452,-0.008332945220004174,0.05311493063820698,0.03879755467253417,0.02138497571771752,-0.010442660183286342,0.007250454821238987,-0.028099993872166384,-0.04679798400435069,-0.014516409390673326,0.024115416554140064,0.001953651866702043,0.00819745787496063,-0.0018026996517255852,0.013495359251080826,-0.0163779149435679,-0.0033177879484350818,0.00407660157596588,-0.01510951232528419,-0.04429072129233826,0.004620427482470844,-0.02232968580659732,-0.0034752541629004207,0.024854894844467738,0.03638825781552838,-0.028492809226427742,-0.035796228683745344,0.04052981019809577,0.01286090796263164,-0.008984902309537444,0.002452738294677211,-0.020124484918958307,0.018986725572217294,1.0,0.012716626974884064,0.003625246458921727,-0.021882736445045934,0.034726886548170695,-0.016755895969873078,-0.01827204182334382,0.024494731037766185,-0.0009435156711414083,-0.008305827728843562,0.05599103939601838,0.035622533921220126,0.020200404941708158,-0.007374470732167342,0.0045559279120029016,-0.028989238743629155,-0.045391659743588025,-0.013115710363781029,0.022207687394799093,0.0011672926833461354,0.008409044893166368,-0.006209396330872398,0.0076882268838072325,-0.014995593357004441,-0.003321010336947899,0.00665094547169829,-0.010489721010786476,-0.038069925268759616,0.00652336090522939,-0.026714224161855097,-0.005987203603076347,0.02734678853206205,0.029426287402713917,-0.02856427961829614,-0.030794609097039922,0.043393724858123206,0.010741718883215968,-0.0022489435721304435,0.008897907412850441,-0.024478189228876363,0.021010036263546555
3.50735101662176,0.6417718043092449,0.8734177215189873,9.0,100.0,122.0,107.0,94.0,89.0,16.0,29.0,29.0,6.0,5.0,12.0,134.0,103.0,126.0,115.0,117.0,123.0,91.0,125.0,112.0,117.0,113.0,103.0,0.20550161812297735,0.3818770226537217,0.41262135922330095,0.27701232777374907,0.3343002175489485,0.38868745467730237,0.017870439314966492,0.0052122114668652275,0.014147431124348473,0.006701414743112435,0.014147431124348473,0.01712583767684289,0.0029784065524944155,0.008935219657483246,0.0052122114668652275,0.0014892032762472078,0.03648548026805659,0.005956813104988831,0.04095309009679821,0.008935219657483246,0.02084884586746091,0.02308265078183172,0.021593447505584513,0.0029784065524944155,0.012658227848101266,0.007446016381236039,0.0052122114668652275,0.02680565897244974,0.0014892032762472078,0.03350707371556218,0.012658227848101266,0.012658227848101266,0.0193596425912137,0.04690990320178704,0.0029784065524944155,0.04616530156366344,0.014892032762472078,0.01340282948622487,0.09307520476545049,0.0014892032762472078,0.05584512285927029,0.021593447505584513,0.03052866716306776,0.06552494415487714,0.058823529411764705,0.008190618019359643,0.039463886820551006,0.022338049143708117,0.007446016381236039,0.04244229337304542,0.0037230081906180195,0.018615040953090096,0.0037230081906180195,0.008935219657483246,0.006701414743112435,0.0007446016381236039,1.0,-0.002766291954621113,-0.0031608926795581066,-0.0073754909304786075,2.429363311022061e-05,-0.01154065473467309,0.024415035769372723,-0.003284100422694485,0.03433439880589911,0.003456030519042478,-0.029383029080086415,-0.0070296710197679,0.011330741131426323,0.002807451525186136,0.013657322201719044,-0.07040440456371662,-0.02116050069255734,-0.006155521758456361,0.02559958562256567,0.021453077238661338,0.017421288370091617,0.01420217340668193,0.0016564758133588804,-0.03675157553215602,0.012104901711548429,0.033059343115387746,-0.024550888097412932,0.026010737893811576,0.014549605109986236,-0.0017423169177441427,0.017299924985082298,0.003699584154971812,-0.005218094028809256,0.030201692583158815,0.03379064533186311,0.02629578357763127,-0.039828241486234844,-0.030605686587675558,-0.008288054244298829,0.005797886818607467,-0.04151753679371473,1.0,-0.0027683532750045854,-0.0031732950110319983,-0.007409710752867776,-2.6961418897174877e-05,-0.011631698757460056,0.024409872441651395,-0.0032488649289801803,0.03454009193078202,0.003989386933005601,-0.02957010062145024,-0.006162539708920488,0.010592536613989095,0.003393312997535892,0.012233163890870808,-0.0718258775423175,-0.02165882772564343,-0.006492951369261342,0.026632550967092043,0.02283790915967267,0.014059346316648425,0.01731267669856712,0.002306280961420246,-0.031471418765126144,0.014494711636053228,0.02985197548658968,-0.02993324953150921,0.025313442541147334,0.01525226216097414,0.0025162634905540266,0.014262100155035665,0.0018319159406131932,-0.005994549220071604,0.028721335543140325,0.04027928566388622,0.03277759373696359,-0.041753645370268495,-0.03123224900842152,-0.013689213146805214,0.0023194442593450094,-0.039159378427438364
3.4496470980916736,0.5986525703819152,0.8816083395383469,10.0,92.0,119.0,111.0,87.0,91.0,5.0,65.0,34.0,21.0,10.0,0.0,134.0,109.0,129.0,120.0,117.0,123.0,32.0,123.0,119.0,123.0,117.0,89.0,0.25736434108527134,0.3922480620155039,0.35038759689922483,0.2846441947565543,0.3588014981273408,0.35655430711610486,0.012658227848101266,0.008935219657483246,0.011913626209977662,0.014892032762472078,0.011913626209977662,0.01712583767684289,0.0014892032762472078,0.00967982129560685,0.0037230081906180195,0.0022338049143708115,0.04169769173492182,0.010424422933730455,0.0379746835443038,0.0029784065524944155,0.017870439314966492,0.01712583767684289,0.014147431124348473,0.0022338049143708115,0.00967982129560685,0.0052122114668652275,0.0014892032762472078,0.03276247207743857,0.0029784065524944155,0.04393149664929263,0.00967982129560685,0.010424422933730455,0.02531645569620253,0.054355919583023084,0.0037230081906180195,0.034996276991809384,0.021593447505584513,0.011169024571854059,0.10201042442293373,0.0029784065524944155,0.04690990320178704,0.024571854058078928,0.03648548026805659,0.06180193596425912,0.06552494415487714,0.008190618019359643,0.05063291139240506,0.011169024571854059,0.008935219657483246,0.04318689501116903,0.0007446016381236039,0.014892032762472078,0.0022338049143708115,0.008935219657483246,0.0037230081906180195,0.0007446016381236039,1.0,0.00970498019261646,0.06596172648558409,-0.019554354925647305,0.041473981677457736,-0.024660475363516905,0.03832886149064774,-0.009689837520810048,-0.022990353192983586,0.03663284845944456,-0.002772709469973978,-0.01547794935843949,0.004624581870037943,-0.0324719923372872,-0.008598400986079918,0.00981146878895544,-0.09298280074589772,-0.03368636201322474,-0.0024903780816944916,0.062019148462502456,-0.03408490633883524,0.006431866711236451,0.055291940723587264,0.027865649752962227,-0.013123538829077939,0.014951926824912063,-0.047603157536836964,0.0412170515547201,0.019002850622518035,0.04039530664594611,-0.005037546812022207,0.018189173628675448,-0.0019089028643738018,0.02893742220764468,-0.05180572298767755,-0.006165851313143313,-0.05947195513634789,-0.03752212316541223,-0.054475321418950985,-0.005962087013144367,-0.00034984774768540635,1.0,0.009712211921523026,0.06597199929236244,-0.020931194859815188,0.037820003385333104,-0.023076746103291287,0.03372307411679335,-0.0060266683609371905,-0.03020681932829295,0.04218642875399783,-0.004254662138629404,-0.019325937992834344,0.0075977061358817,-0.035117543069665316,-0.005056166059875267,0.01255993080498073,-0.09732421909495244,-0.02707720582868144,0.007292384950926208,0.06449760908990666,-0.02862825462623987,-0.006943689870690023,0.0726345766559602,0.023272792415251986,-0.025801386543893315,0.015443460757969716,-0.04700957933978159,0.04282858324391958,0.017654336739757116,0.02706634624042616,0.0018244726508882315,0.004494009613481281,-0.00126376213443223,0.019542915523145268,-0.06214182475668532,0.012775444753763623,-0.05604149471170789,-0.050393085804533985,-0.03499793588179178,0.004022659989430993,0.012790544283290201
3.4298407894932423,0.5777620620442733,0.8808637379002234,7.0,104.0,118.0,110.0,98.0,86.0,5.0,49.0,19.0,12.0,12.0,1.0,134.0,109.0,125.0,123.0,117.0,123.0,25.0,123.0,109.0,111.0,119.0,96.0,0.2286634460547504,0.38486312399355876,0.3864734299516908,0.289193302891933,0.350076103500761,0.3607305936073059,0.006701414743112435,0.0052122114668652275,0.00967982129560685,0.008935219657483246,0.016381236038719285,0.010424422933730455,0.0007446016381236039,0.011169024571854059,0.0029784065524944155,0.0029784065524944155,0.040208488458674606,0.007446016381236039,0.034996276991809384,0.0037230081906180195,0.024571854058078928,0.020104244229337303,0.016381236038719285,0.0037230081906180195,0.01340282948622487,0.0052122114668652275,0.0037230081906180195,0.0379746835443038,0.0029784065524944155,0.035740878629932984,0.008935219657483246,0.011169024571854059,0.035740878629932984,0.05286671630677588,0.0022338049143708115,0.0387192851824274,0.02084884586746091,0.005956813104988831,0.0953090096798213,0.0022338049143708115,0.055100521221146684,0.021593447505584513,0.04839910647803425,0.04839910647803425,0.06329113924050633,0.0029784065524944155,0.04839910647803425,0.014892032762472078,0.005956813104988831,0.0573343261355175,0.0022338049143708115,0.01712583767684289,0.0014892032762472078,0.004467609828741623,0.008190618019359643,0.0007446016381236039,1.0,-0.0015581073395435064,0.05495532702648568,0.04505027007231386,-0.03178959777051582,-0.05789658045342865,-0.00021205698188172633,-0.04154179780502212,0.010850073424242665,-0.02908270531988084,0.018619527853994608,-0.022580869494260553,0.010691479144633718,0.09968732094884165,0.044226776392286275,0.004490256224264774,0.031726965173150726,-0.016011798212302395,0.025953639929575795,-0.05309940522385735,-0.02431066437741839,0.005050531684295547,-0.04899385331999758,0.0030213489829838645,-0.034554800229721065,0.016966286650920356,0.0014706574148825734,0.004246379660473287,-0.029975416870408507,0.0528932380415947,-0.027629933781370054,0.01890374467274871,0.007448009489009088,0.009148141078370574,-0.04876893503730085,-0.017157237679404923,-0.00275558284304747,-5.979020193211726e-05,0.028438524005342622,0.01591926809441177,-0.0284818289784614,1.0,-0.0015592683733285562,0.05503499122688593,0.04545582720008753,-0.03484426777163211,-0.06371360230742713,0.0010567232690596793,-0.03195690707496672,0.0153113060989262,-0.029278487253184063,0.017110793587853224,-0.023228070983245166,0.007942412241003137,0.10259080404640102,0.04388294565876295,-0.0059683508005007055,0.013053149345732455,-0.010588788658912064,0.03646556648502545,-0.048142407959103496,-0.02155176734636191,0.010987087716207706,-0.040452352750249644,0.005503050572195041,-0.03761852648754688,0.023990499970732132,-0.013467107088684491,-0.005709452316843187,-0.0387186171609874,0.047530600976044175,-0.0219589933003873,0.006106913133717585,0.015816124373342295,0.014565365056481845,-0.04822832509416677,-0.01770262701618824,0.01265221835865729,0.012694619386027518,0.034196194121881074,-0.0008481698136588237,-0.0246266413470431
3.498562823893284,0.6324858178079135,0.8875651526433358,1.0,106.0,125.0,121.0,81.0,89.0,42.0,19.0,14.0,7.0,12.0,5.0,134.0,108.0,129.0,123.0,117.0,129.0,101.0,126.0,121.0,119.0,123.0,108.0,0.1752411575562701,0.35852090032154343,0.4662379421221865,0.2705146036161335,0.3337969401947149,0.3956884561891516,0.017870439314966492,0.007446016381236039,0.01340282948622487,0.021593447505584513,0.01712583767684289,0.010424422933730455,0.0,0.005956813104988831,0.0037230081906180195,0.0022338049143708115,0.04393149664929263,0.011913626209977662,0.040208488458674606,0.004467609828741623,0.020104244229337303,0.01712583767684289,0.0193596425912137,0.004467609828741623,0.005956813104988831,0.0037230081906180195,0.0029784065524944155,0.020104244229337303,0.0014892032762472078,0.03201787043931496,0.00967982129560685,0.017870439314966492,0.034996276991809384,0.04690990320178704,0.006701414743112435,0.0387192851824274,0.023827252419955324,0.011913626209977662,0.10126582278481013,0.0029784065524944155,0.05137751303052867,0.020104244229337303,0.028294862248696945,0.05658972449739389,0.05658972449739389,0.011169024571854059,0.034996276991809384,0.018615040953090096,0.0052122114668652275,0.04765450483991065,0.0037230081906180195,0.022338049143708117,0.0007446016381236039,0.010424422933730455,0.007446016381236039,0.0022338049143708115,1.0,0.015037818428236963,0.05701664421875722,-0.012898880154887465,0.034933863042896654,-0.025108717945881653,0.003493670568462887,-0.058432226962386674,0.023783109492303,-0.0413860310589775,0.046809597774128395,-0.048844852101135504,0.0061663726324714015,-0.012396032703834551,-0.0007921329904149705,0.05146153965358275,-0.003927527949309586,-0.02531959763049905,0.0008500806719623139,-0.022507214878529486,0.019107682345702322,0.0005059145514010328,-0.005725864088883003,0.027812016410699032,0.007632577496689499,-0.02684524525575429,0.002015077666232649,0.020494661175360824,0.0219517320117079,-0.052581626988883225,0.04348150927363988,0.002081914396166578,0.032209191760770355,-0.0169858186106988,0.06724761887349855,-0.033841036040727766,0.0690162317391175,-0.013750522671570698,0.02208001780770855,0.009952346749643525,0.015908572660379542,1.0,0.015049023956126856,0.05688809072951391,-0.014645008653175307,0.032311360557047974,-0.02477043176337669,0.0003270185708902358,-0.05539362854210337,0.023960620272942185,-0.03485824051611961,0.04429688693655507,-0.0430558467351271,-0.0016185378581945326,-0.0034419537624454906,-0.009404392282868185,0.061438609257589594,-0.013199124519269292,-0.023887986956819336,-0.005048804517229267,-0.018660027037932195,0.0169276264066519,0.00725823874995516,-0.005618884191866447,0.027138886680863922,0.006811858758163894,-0.03621483693441644,0.006070687409896182,0.026254620568749783,0.01879915083065521,-0.05300410362588549,0.04062348181808269,0.005824314064398761,0.029526507294366244,-0.015733057427626623,0.06768238547805239,-0.03317182114062499,0.056730605959710446,-0.0027550268340022555,0.0033246108456786517,0.029633396570182047,0.0027300028618252865
3.5000925316772307,0.6534623856076776,0.8830975428145942,1.0,102.0,117.0,120.0,74.0,92.0,25.0,47.0,31.0,9.0,16.0,1.0,134.0,111.0,125.0,125.0,112.0,126.0,73.0,128.0,111.0,106.0,127.0,88.0,0.2204724409448819,0.36850393700787404,0.4110236220472441,0.2840409956076135,0.3323572474377745,0.383601756954612,0.012658227848101266,0.0052122114668652275,0.008935219657483246,0.011913626209977662,0.01340282948622487,0.014147431124348473,0.0029784065524944155,0.006701414743112435,0.0037230081906180195,0.0029784065524944155,0.04244229337304542,0.011169024571854059,0.04095309009679821,0.005956813104988831,0.02308265078183172,0.02680565897244974,0.01712583767684289,0.0037230081906180195,0.011913626209977662,0.004467609828741623,0.0029784065524944155,0.024571854058078928,0.0037230081906180195,0.02680565897244974,0.011169024571854059,0.0193596425912137,0.0379746835443038,0.0379746835443038,0.0022338049143708115,0.03648548026805659,0.03350707371556218,0.010424422933730455,0.10052122114668652,0.0014892032762472078,0.04095309009679821,0.029039463886820552,0.035740878629932984,0.054355919583023084,0.06478034251675353,0.005956813104988831,0.035740878629932984,0.0193596425912137,0.008190618019359643,0.049143708116157855,0.0014892032762472078,0.014147431124348473,0.0029784065524944155,0.010424422933730455,0.005956813104988831,0.0022338049143708115,1.0,0.027391261934655402,-0.02033101611251234,0.05649127245280472,0.021375337745181532,0.06820896972134688,0.0031387849074409682,0.036823769904428684,0.022861930898036044,0.004399417762362863,-0.01883105969034945,0.006903994995764742,0.028137955196224845,0.0165231163984482,-0.03369619143881736,-0.02258142316258099,0.010910467683557122,-0.0022243640758226086,-0.05803869053195811,-0.0485939918536246,0.03946785757680771,-0.033615452168449134,-0.02093682642933716,-0.000884513090662291,0.043590414575174465,0.03822000107548079,-0.0325713563241602,-0.0029676207683572865,-0.007364978277152928,-0.029303992333999468,0.02000864743699723,-0.046130509908671236,-0.00017467301300247822,0.025555842451675564,-0.018759309160884117,0.021736885827093745,-0.0006062444170825916,0.029102862561000538,-0.03475576421185714,0.021067326838872802,0.015010104353688998,1.0,0.02741167271105977,-0.021128614121454628,0.05783610487144554,0.017817538159648882,0.070143746868068,-0.003090003432756536,0.03846412169474041,0.012760879025777444,0.002953996109413976,-0.027633835162619295,0.005153757848090449,0.020797850168457886,0.0159807240783366,-0.03586023200438229,-0.021467000681540702,0.0063896329976193,-0.0021780848595930016,-0.05737701236995259,-0.04454040998511021,0.0406404933765213,-0.03153784360191127,-0.0067693551330508216,0.003571851952351108,0.05187289992404296,0.037324742340772196,-0.021201115490900257,-0.0023848817193695923,-0.01600102502028839,-0.035809091060837385,0.023286466983858226,-0.04742001198558587,-0.0007015143593551574,0.020087375818230984,-0.005323781483393154,0.025897951171660643,-0.006769098634734241,0.02480878082554249,-0.036031911848236106,0.03256469568395156,-0.0005641369604453211
3.5065954623726245,0.6413906638700673,0.885331347728965,1.0,105.0,120.0,108.0,69.0,71.0,19.0,54.0,18.0,16.0,17.0,1.0,134.0,106.0,127.0,116.0,117.0,119.0,105.0,123.0,106.0,107.0,109.0,107.0,0.21035058430717862,0.35225375626043404,0.4373956594323873,0.27325581395348836,0.3241279069767442,0.40261627906976744,0.014892032762472078,0.008935219657483246,0.016381236038719285,0.014892032762472078,0.014147431124348473,0.011169024571854059,0.0037230081906180195,0.008190618019359643,0.005956813104988831,0.0029784065524944155,0.0379746835443038,0.007446016381236039,0.03201787043931496,0.005956813104988831,0.022338049143708117,0.018615040953090096,0.016381236038719285,0.0022338049143708115,0.008190618019359643,0.0029784065524944155,0.0029784065524944155,0.029039463886820552,0.0022338049143708115,0.024571854058078928,0.00967982129560685,0.00967982129560685,0.022338049143708117,0.05286671630677588,0.0037230081906180195,0.03723008190618019,0.03052866716306776,0.011913626209977662,0.09307520476545049,0.005956813104988831,0.04988830975428146,0.022338049143708117,0.034996276991809384,0.05658972449739389,0.06701414743112435,0.01563663440059568,0.04169769173492182,0.024571854058078928,0.005956813104988831,0.05137751303052867,0.0037230081906180195,0.0193596425912137,0.0037230081906180195,0.005956813104988831,0.005956813104988831,0.0,1.0,-0.013092310251133965,0.03560885021725908,0.04142990451259106,-0.004021969020174148,0.03169429154928052,0.012708704616127981,0.029514138332204794,-0.032784729235150016,-0.002804579722235073,0.06166210393147031,0.04230064299717256,-0.0001675533970374874,0.024663640474073167,0.011370311842862456,0.057183432819197064,-0.023182426950527055,0.04261054551079079,-0.023912295953362514,-0.015298340545726262,0.023434214938052606,-0.012035481826574936,0.0055253720134553035,-0.00618511560623625,0.017065742449791463,0.013424909099106767,0.0373640314708476,0.014809824710973717,0.025363032591036488,0.022841841838629282,-0.0029523047480805933,-0.035131945940183734,0.005245513251731941,0.047906272878059895,-0.0028279077846391173,0.05469248063361606,0.004648777013199417,0.03867970803957266,0.05000783994320188,0.048235345462049065,-0.04398524860160744,1.0,-0.013102066070993216,0.03549638744346104,0.0424992290081601,-0.004188367858346362,0.028779150234803628,0.012190116229598232,0.02832324270802618,-0.03573091500970323,-0.0066130357622788535,0.06159291820287398,0.04746176599904817,-0.005212473010744381,0.017940178167580843,0.00993820454447823,0.056544821960026526,-0.02994389511231265,0.03338896056384329,-0.025212370247391144,-0.013040162707135407,0.013470294671602875,-0.012746566881280497,-0.0003536064081822986,-0.0032627653897217097,0.013361085157285943,0.009920711084603706,0.035609463796679425,0.009806268880253391,0.02253126092173481,0.02345051229905308,-0.010539371054327616,-0.040975028553317666,-0.0007413032741369198,0.05599769711873098,-0.0005511806483032335,0.04904184942081344,0.0031428311289624267,0.03384908658288807,0.046210031551477286,0.0375600628804804,-0.06058908188668906
3.4916309939705483,0.6365099598848034,0.8823529411764706,6.0,110.0,123.0,119.0,97.0,81.0,52.0,25.0,4.0,13.0,6.0,3.0,134.0,111.0,129.0,123.0,117.0,130.0,109.0,127.0,111.0,113.0,119.0,109.0,0.1752738654147105,0.3646322378716745,0.460093896713615,0.27304469273743015,0.3240223463687151,0.4029329608938548,0.014892032762472078,0.00967982129560685,0.017870439314966492,0.01340282948622487,0.012658227848101266,0.01712583767684289,0.0022338049143708115,0.005956813104988831,0.006701414743112435,0.0052122114668652275,0.04393149664929263,0.014892032762472078,0.0379746835443038,0.0022338049143708115,0.01712583767684289,0.02680565897244974,0.01563663440059568,0.0037230081906180195,0.007446016381236039,0.0022338049143708115,0.0037230081906180195,0.02308265078183172,0.0014892032762472078,0.022338049143708117,0.011913626209977662,0.011169024571854059,0.027550260610573342,0.04839910647803425,0.0037230081906180195,0.03350707371556218,0.029039463886820552,0.010424422933730455,0.09903201787043932,0.0014892032762472078,0.06403574087862993,0.034996276991809384,0.03648548026805659,0.049143708116157855,0.06478034251675353,0.006701414743112435,0.03723008190618019,0.016381236038719285,0.0052122114668652275,0.039463886820551006,0.0007446016381236039,0.016381236038719285,0.0037230081906180195,0.008935219657483246,0.008935219657483246,0.0022338049143708115,1.0,-0.005135348141728672,0.008489786742028112,0.024657940119819692,0.0006037065972224847,-0.011636226851262548,0.029631346542637632,0.004144462148517535,0.0053003798423812195,-0.0005710604993615718,-0.007498660383228964,-0.006103506382785029,-0.01121971900216097,0.006585009911007275,0.011510969557061823,0.023363772535448732,0.005556644156450206,0.04827723144002219,-0.046569985184786236,-0.022130186649076896,-0.016037948550610095,-0.01424056371271822,-0.024218493565824326,0.024628014994890993,-0.026158572411140505,0.02406236115161972,0.04701526866308214,0.003173706688635087,-0.03290988650410314,-0.022061011809662134,0.011825868446343658,-0.011496325653333781,-0.011221551675791724,-0.01564113856331847,-0.011545315955536053,0.06589978619589364,-0.01503027552555222,0.009350544898599737,0.01217024421637782,-0.006823085367468767,0.016548124137804283,1.0,-0.005139174779688234,0.008476261366481733,0.02480246764332065,0.0007915194954009121,-0.012104408029608925,0.0290378206032723,0.004650120866741898,0.005452390080821381,-0.002026747028477249,-0.008061861077333591,-0.005790186942354593,-0.011967628810798272,0.006894880797690051,0.011859904905453262,0.024098607722976534,0.0056711300539781994,0.04825378673253735,-0.04718042437696735,-0.024150439943112667,-0.0184212557887939,-0.013688477518660314,-0.023189138167001556,0.02194215046463607,-0.023426319655259566,0.02706783260090496,0.0501966735703837,0.006469652872803159,-0.03428608065486561,-0.028038313249792973,0.01082692231684823,-0.012206025023369642,-0.015380588116181588,-0.016352951334490873,-0.010764599842926773,0.0792152426788174,-0.011786754757175081,0.011360646980210385,0.008625234112380383,-0.006711288184616731,0.010116628740940383
3.505560061323436,0.6646070993626099,0.8801191362620998,7.0,119.0,128.0,116.0,95.0,95.0,28.0,77.0,20.0,14.0,10.0,3.0,134.0,119.0,131.0,123.0,123.0,128.0,117.0,125.0,115.0,119.0,123.0,117.0,0.25140449438202245,0.3441011235955056,0.4044943820224719,0.26255088195386705,0.3256445047489824,0.4118046132971506,0.01712583767684289,0.006701414743112435,0.01340282948622487,0.01712583767684289,0.014892032762472078,0.01712583767684289,0.0022338049143708115,0.008190618019359643,0.011169024571854059,0.0029784065524944155,0.04169769173492182,0.00967982129560685,0.03350707371556218,0.005956813104988831,0.021593447505584513,0.02531645569620253,0.0193596425912137,0.0022338049143708115,0.006701414743112435,0.0029784065524944155,0.0014892032762472078,0.014892032762472078,0.0037230081906180195,0.023827252419955324,0.01563663440059568,0.014892032762472078,0.022338049143708117,0.04690990320178704,0.0022338049143708115,0.039463886820551006,0.02531645569620253,0.010424422933730455,0.114668652271035,0.0029784065524944155,0.05212211466865227,0.023827252419955324,0.03350707371556218,0.05137751303052867,0.058823529411764705,0.008190618019359643,0.035740878629932984,0.02308265078183172,0.006701414743112435,0.04169769173492182,0.0029784065524944155,0.016381236038719285,0.0014892032762472078,0.008935219657483246,0.014147431124348473,0.0022338049143708115,1.0,-0.0027124104231605038,-0.015370944156010704,0.005483043682638424,-0.0012996527202561508,0.017723125415478266,-0.05079770009046206,-0.0022652496619922735,0.0028618743264722237,-0.008428567626757252,0.02459340142916325,0.021165694521658215,0.012544438202598387,0.00761896546453643,0.003742270364789049,0.005195667147639969,0.029273688516843498,-0.008067099340059935,-0.013178607323366629,-0.04957367825736105,0.042612233551141084,0.009653950837680548,-0.04002428323899157,0.01809694624552649,-0.0024042478187470437,0.01639993101732994,-0.0006244315070116356,0.0002051377932995997,-0.024122325494929035,-0.01382710683264355,-0.04039461858742696,-0.0063731352420868005,-0.0066307350372828726,0.008978705012037668,0.010311306503306144,-0.0287519090475306,-0.027474868629814967,-0.006784977241495778,0.0006981926483880066,-0.002304569838974791,-0.050846035936734216,1.0,-0.002714431593371501,-0.015401350373959474,0.005412407784779131,-0.0015114258773909687,0.017954673981255692,-0.051034530648611735,-0.001937995599475234,0.001087237722333353,-0.007920621028049265,0.0244163184112113,0.02304412121738943,0.01112692125909183,0.007872380958037219,0.004515730965393095,0.003746893155665886,0.03153098901542453,-0.005959221510685832,-0.011669870472895982,-0.050180725538334095,0.043056067975139174,0.007024534907790756,-0.03670949982355137,0.01705332133969919,-0.0038253405943921444,0.011040925311486524,0.0009476778749487117,0.0020061694565798264,-0.030505238452945588,-0.009043286760282949,-0.042947209037169455,-0.007214684983522959,-0.007321876580500973,0.011703258486402732,0.009111704027585071,-0.02747335990560627,-0.03619730233584332,-0.010529471435678787,0.0011790588248837331,0.0021455986216145214,-0.04963181907403888
3.4874394741759644,0.6015407852582779,0.8801191362620998,4.0,101.0,116.0,118.0,92.0,71.0,21.0,34.0,17.0,24.0,7.0,2.0,134.0,106.0,124.0,124.0,115.0,126.0,75.0,115.0,113.0,115.0,115.0,107.0,0.17957166392092258,0.4135090609555189,0.40691927512355847,0.2739225712198685,0.34112490869247625,0.38495252008765524,0.014892032762472078,0.008190618019359643,0.014892032762472078,0.014147431124348473,0.014892032762472078,0.011169024571854059,0.0022338049143708115,0.008935219657483246,0.0022338049143708115,0.0007446016381236039,0.039463886820551006,0.007446016381236039,0.0387192851824274,0.0037230081906180195,0.017870439314966492,0.02084884586746091,0.016381236038719285,0.0022338049143708115,0.007446016381236039,0.008190618019359643,0.0029784065524944155,0.024571854058078928,0.0022338049143708115,0.034996276991809384,0.01340282948622487,0.022338049143708117,0.024571854058078928,0.04393149664929263,0.007446016381236039,0.034996276991809384,0.029784065524944156,0.01563663440059568,0.0975428145941921,0.005956813104988831,0.05063291139240506,0.03052866716306776,0.0379746835443038,0.06850335070737155,0.05956813104988831,0.008935219657483246,0.03723008190618019,0.014147431124348473,0.0037230081906180195,0.04616530156366344,0.0022338049143708115,0.010424422933730455,0.004467609828741623,0.005956813104988831,0.0037230081906180195,0.0007446016381236039,1.0,-0.00027130388734814676,0.01575930944725071,0.02642011473816689,-0.00559273098372096,0.05206833356952761,0.00025528505821547905,0.037219514118529834,4.005348056682527e-05,0.009370874581277631,0.008310004797709129,-0.004359158269828525,0.02268743709139158,-0.03449081294277305,0.020528978238021807,0.049704102604703364,-0.0068848323089445275,-0.03841704642924272,0.014133443938332267,0.009912206630080068,0.007972060855415283,0.005200137508076801,-0.007995947000519029,-0.036513914588263446,-0.03686019150041408,-0.02357765891237987,0.0038667329347874427,-0.00379445860540235,-0.019402594617862385,0.00036942797459426003,0.007414057465084261,0.0026213046834241828,0.03000500182207099,0.010605452388483413,-0.010491644264489546,-0.017969100165468477,0.04407734374372405,0.04295864250805762,0.016826605932437105,-0.02973498035811345,-0.025834617716136328,1.0,-0.0002715060511986259,0.015782740712369913,0.02649436842133307,-0.005838856794866675,0.05147040874846501,-0.00022502015156878157,0.03627303422860985,-0.0026949371519859842,0.00907001702222671,0.0038358759160765756,-0.004122068064472888,0.018533553225692098,-0.034961629434070524,0.018377016345896245,0.04977811801541825,-0.005727906513098713,-0.044594156459234195,0.016206188316718696,0.008818616600399324,0.00720292018061024,0.0024467534114660816,-0.007637928693097357,-0.03865049959042118,-0.0375780168101211,-0.0234878648340728,0.005005774181592429,-0.002052760755810842,-0.013207134714570568,0.0034542702922684757,0.007536209978705735,0.008856431773646251,0.037340606310495,0.011016362144457252,-0.013807964658190765,-0.019083437230647978,0.044814319836085074,0.04396981468570833,0.019226221033058384,-0.032926996321095914,-0.02961805722096591
3.536015648359004,0.6560868642542402,0.8860759493670886,4.0,109.0,127.0,119.0,90.0,93.0,40.0,23.0,37.0,27.0,12.0,7.0,134.0,113.0,129.0,123.0,117.0,130.0,97.0,127.0,119.0,119.0,127.0,108.0,0.1744186046511628,0.39680232558139533,0.42877906976744184,0.27096327096327094,0.33125433125433124,0.39778239778239777,0.01340282948622487,0.008190618019359643,0.014892032762472078,0.01563663440059568,0.012658227848101266,0.018615040953090096,0.0014892032762472078,0.0052122114668652275,0.0022338049143708115,0.0022338049143708115,0.03648548026805659,0.012658227848101266,0.039463886820551006,0.004467609828741623,0.02680565897244974,0.020104244229337303,0.01712583767684289,0.0029784065524944155,0.008935219657483246,0.008190618019359643,0.007446016381236039,0.02680565897244974,0.0037230081906180195,0.023827252419955324,0.014147431124348473,0.01563663440059568,0.027550260610573342,0.04244229337304542,0.008190618019359643,0.03723008190618019,0.024571854058078928,0.00967982129560685,0.09456440804169769,0.0022338049143708115,0.058078927773641105,0.021593447505584513,0.03201787043931496,0.04988830975428146,0.07297096053611318,0.008190618019359643,0.03052866716306776,0.014892032762472078,0.007446016381236039,0.04690990320178704,0.0029784065524944155,0.01563663440059568,0.0052122114668652275,0.01340282948622487,0.006701414743112435,0.0037230081906180195,1.0,0.03950867029950953,-0.0010852297099655862,0.004480903051771991,0.023325938762527823,-0.027593689968029234,0.001069608463337579,0.016373404383736512,0.0401667770101732,-0.008753966592643327,-0.02744270499160126,0.012055393222955478,0.03663371798550653,-0.05117243634618639,-0.004754772307080562,-0.04006374035328245,-0.011740101985733817,-0.042398285483730244,0.005046860835317428,0.019525350053312976,0.004442033180617266,-0.006686533234387111,-0.020117302928753935,0.0077290813180684054,0.015941093038447696,0.020165844399563742,-0.05317006034776908,-0.029167834258200458,-0.035493283337892395,-0.01946371822753647,-0.01193369186629428,0.024984497791999894,0.002985849851472899,-0.035959077351252616,-0.009360815093473822,-0.04094643400361228,0.008122871816913443,0.03462579282117534,0.019180010387120378,0.022839753399665264,0.010094179187709726,1.0,0.039538110441312446,-0.0026542597290497,0.004646261330079081,0.023067461248925593,-0.029580397758212893,0.0034407745699272367,0.01602569164038129,0.03890071215789914,-0.010625830386326056,-0.02792864928044297,0.013455124459805937,0.03522403710679729,-0.051982448897522834,-0.00041957535533925167,-0.04434000527928146,-0.01010958132408499,-0.03653258167813696,0.0074242865785286395,0.01887596115213842,-0.00040773969013928747,-0.00024823662392237957,-0.0204321886476147,0.009184476769545435,0.01795111291249249,0.02402378655528039,-0.060068321167805375,-0.02771223639541615,-0.03710791186469381,-0.01305861170878354,-0.012870184002738507,0.021725758982885313,-0.003048559902982744,-0.03723904468746996,0.0004797330236860065,-0.04240514025844887,0.014162591638178021,0.03594106763831041,0.020952310328966845,0.017667985017817304,0.009748414531197786
3.4259143304835113,0.6084856961904017,0.8816083395383469,9.0,81.0,115.0,116.0,77.0,78.0,15.0,32.0,10.0,14.0,9.0,0.0,134.0,90.0,125.0,120.0,116.0,119.0,47.0,117.0,102.0,106.0,104.0,79.0,0.21402877697841727,0.3902877697841727,0.39568345323741005,0.29388403494837173,0.3526608419380461,0.3534551231135822,0.010424422933730455,0.004467609828741623,0.007446016381236039,0.014147431124348473,0.014147431124348473,0.014147431124348473,0.0022338049143708115,0.0052122114668652275,0.004467609828741623,0.0022338049143708115,0.04244229337304542,0.00967982129560685,0.03648548026805659,0.0037230081906180195,0.016381236038719285,0.022338049143708117,0.018615040953090096,0.0014892032762472078,0.00967982129560685,0.0037230081906180195,0.0029784065524944155,0.03201787043931496,0.0007446016381236039,0.020104244229337303,0.006701414743112435,0.012658227848101266,0.03723008190618019,0.0379746835443038,0.004467609828741623,0.03648548026805659,0.03052866716306776,0.012658227848101266,0.10573343261355175,0.0029784065524944155,0.06031273268801191,0.026061057334326135,0.034996276991809384,0.06180193596425912,0.07371556217423679,0.004467609828741623,0.04765450483991065,0.014892032762472078,0.0029784065524944155,0.044676098287416234,0.0022338049143708115,0.018615040953090096,0.0029784065524944155,0.005956813104988831,0.010424422933730455,0.0014892032762472078,1.0,0.048938153344815286,-0.016484699601087238,0.04266614611808512,0.08094758473058972,0.10009101484333864,0.05621164643606579,0.06164122501468895,0.03651868456576812,0.044668463256677386,0.03745876852171699,0.055962635293688195,0.051326543234725484,0.008757997726756667,-0.018999056809461637,0.03896554192774223,0.02232524749315158,0.051821389139594456,0.011848390092136582,0.014772509947879967,0.035874870611197096,0.01221673688062812,0.03770650057177036,0.0050382132917798,0.03387017245263532,0.021692851876904895,0.05040159871205295,-0.007160938798246928,0.02561630552625038,-0.016865268099541402,-0.00744964559944405,0.02765776304769081,0.03012504084081586,0.05967196574886511,0.014835621611366112,0.014793000101749,-0.006520620824205521,0.061218270720533166,0.05037779464776422,0.03958224584215149,0.0004602154218446457,1.0,0.04897461992703943,-0.018953258323823344,0.0446368145693499,0.07684809787079853,0.09538141775862458,0.050032358506058854,0.05660601102386692,0.021634868749835452,0.027810368994561404,0.015646537159466525,0.03695565779573752,0.03078249848219307,-0.009180926183093008,-0.03723571952947126,0.020898435852621442,-0.0026432874531281576,0.04021086913913021,0.0004400846780940745,0.010018633565353999,0.024168032414521652,-0.0011608475717644231,0.024947408552112405,-0.00870411142766121,0.02366983783325828,0.009826269116124189,0.04141081345152753,-0.026093080368942714,0.01611728186617077,-0.03848145542026718,-0.019156805080832177,0.013372150911811312,0.018990544705649256,0.055939921430456646,0.01270400142773778,0.0113193147310447,-0.01783609425966667,0.04594156222129571,0.03394679572201733,0.03185104408586066,-0.009192266514917896
3.5111434134971935,0.6353770899855568,0.8883097542814594,7.0,105.0,124.0,114.0,80.0,81.0,33.0,50.0,27.0,19.0,15.0,2.0,134.0,109.0,131.0,119.0,117.0,130.0,73.0,128.0,113.0,119.0,122.0,105.0,0.2100456621004566,0.365296803652968,0.4246575342465753,0.28,0.3342857142857143,0.38571428571428573,0.011913626209977662,0.006701414743112435,0.012658227848101266,0.0193596425912137,0.014892032762472078,0.01712583767684289,0.0022338049143708115,0.007446016381236039,0.0037230081906180195,0.0014892032762472078,0.04616530156366344,0.00967982129560685,0.04244229337304542,0.00967982129560685,0.016381236038719285,0.020104244229337303,0.008935219657483246,0.0029784065524944155,0.014892032762472078,0.0029784065524944155,0.0029784065524944155,0.0193596425912137,0.005956813104988831,0.027550260610573342,0.014892032762472078,0.01563663440059568,0.03201787043931496,0.04616530156366344,0.0029784065524944155,0.0387192851824274,0.03127326880119136,0.011913626209977662,0.10201042442293373,0.0037230081906180195,0.055100521221146684,0.02680565897244974,0.04095309009679821,0.04616530156366344,0.0573343261355175,0.006701414743112435,0.03201787043931496,0.020104244229337303,0.005956813104988831,0.040208488458674606,0.0037230081906180195,0.01712583767684289,0.0014892032762472078,0.010424422933730455,0.008190618019359643,0.0007446016381236039,1.0,0.07731941105515433,0.025386951609612393,0.040813714626544685,-0.002488988983086345,0.017427235066914053,0.014087995578481166,-0.009384166502593006,-0.039339469131978305,-0.009649156987312842,-0.006653089295816196,-0.00043808037059679564,0.043508242433220816,-0.0072058332374421675,0.010841080879245417,-0.021959251306329978,0.03613792233789418,0.005562532188827824,-0.03335200704432612,-0.05088155010604039,0.003346498479147066,-0.029711556616005247,-0.029520529450018852,0.05617257796364428,0.008717826448427087,0.011958397460104079,0.032388600842605066,-0.02069488397949457,-0.016060996120783773,0.02613104808399594,-0.011185969065596066,-0.015078619409886697,-0.00024302625020113672,-0.024295492855591447,0.02105569386268844,-0.014200079338024404,-0.019718920973960965,-0.04001415484596814,-0.029157658094654364,0.005145348440846265,-0.0013810846632260805,1.0,0.0773770261155531,0.019554688065858743,0.03770324625457891,-0.008981175293485024,0.01684330392962195,0.010352351971441014,-0.011570584767330732,-0.04016944587528947,-0.0040994828868057285,-0.003436198813387108,0.003181445296379445,0.04450975432531458,-0.012151234417523736,0.01182589120544827,-0.027720155049930868,0.040114221507190774,-0.0025295943939252228,-0.035120239983024513,-0.05000651138344871,0.01692669588872798,-0.027939085109884715,-0.023082391700642982,0.06187704348228871,0.0070423083185757645,0.012494847098150364,0.02275185656165579,-0.025895717753344313,-0.022024162421664724,0.02508729181355824,-0.013737598864730544,-0.005227627469788103,-0.001521243412931184,-0.018086235689987466,0.03012761814641243,-0.020288897844489385,-0.01965449606835306,-0.04377684219793939,-0.02086552251170023,0.008377457401680806,-0.003362724539032265
3.530866053274297,0.6655048116886544,0.8942665673864483,3.0,113.0,128.0,119.0,97.0,62.0,35.0,60.0,5.0,5.0,4.0,1.0,134.0,113.0,131.0,123.0,119.0,130.0,111.0,129.0,123.0,121.0,119.0,113.0,0.19778481012658228,0.3575949367088608,0.44462025316455694,0.2680763983628922,0.3315143246930423,0.4004092769440655,0.010424422933730455,0.007446016381236039,0.01712583767684289,0.011169024571854059,0.017870439314966492,0.011913626209977662,0.004467609828741623,0.0052122114668652275,0.005956813104988831,0.0014892032762472078,0.034996276991809384,0.01712583767684289,0.03276247207743857,0.006701414743112435,0.018615040953090096,0.03052866716306776,0.020104244229337303,0.004467609828741623,0.006701414743112435,0.0029784065524944155,0.005956813104988831,0.02084884586746091,0.0037230081906180195,0.02531645569620253,0.014147431124348473,0.008935219657483246,0.029039463886820552,0.035740878629932984,0.0037230081906180195,0.03648548026805659,0.027550260610573342,0.014147431124348473,0.09903201787043932,0.004467609828741623,0.05361131794489948,0.02308265078183172,0.03648548026805659,0.0573343261355175,0.06775874906924795,0.012658227848101266,0.029039463886820552,0.026061057334326135,0.008190618019359643,0.04839910647803425,0.0022338049143708115,0.014147431124348473,0.004467609828741623,0.010424422933730455,0.008190618019359643,0.0007446016381236039,1.0,0.012495073601657821,0.015503542897024828,0.013189426891049228,0.005982960123040977,-0.024933392262144718,0.02687804920943263,-0.021392550866742677,-0.008689797365312607,0.021199020062863644,0.006799269409796602,-0.003218906806104487,-0.00035080194503868455,0.022347309127032696,0.004620571016916881,-0.03314264536192048,0.0370916693221825,-0.000641566798368695,0.01545077214817017,-0.005590044794337995,0.020518352876894224,0.012683190831504047,-0.012389945374913653,-0.0021208947117769303,0.0037529595733849885,0.01571855777675344,-0.013830019877653336,-0.014980195739078269,-0.010593224996506665,-0.009532309604583056,0.035444184449064504,0.01938173280748271,-0.04155370564012398,-0.004401471562328703,0.042799477932580786,0.005428663362837865,-0.01075035852424838,-0.014173291520681048,-0.007315756278648316,-0.015688482967265795,0.014077320393021191,1.0,0.01250438438675593,0.015372709300025414,0.012840604206500348,0.005446928903161637,-0.02558034734467623,0.027301241497175645,-0.02159875635940344,-0.008401099033470265,0.021859262077144805,0.006153303463813484,-0.0022327660271657993,-0.0027686608584070902,0.023075764130928284,0.005210605748235323,-0.03564263667191667,0.0383159660338306,-0.0002727994995503384,0.01607975829515394,-0.008085883313652226,0.019299170428285724,0.016795058570249412,-0.018435504197122466,-0.0011272252298584946,0.004847711054164331,0.017193877589882646,-0.016192884001158092,-0.017271947076478646,-0.00656747805468015,-0.011214374049840298,0.035499127795081645,0.020642204741139227,-0.04438751099364376,-0.004562167481153069,0.040646405253732656,0.010327663251593431,-0.01381604184690294,-0.01922232695075373,-0.0032056109427872847,-0.015439059510802912,0.013555396789504182
3.4861885224242957,0.6250549007262853,0.8771407297096053,2.0,104.0,116.0,105.0,83.0,74.0,14.0,50.0,9.0,15.0,11.0,7.0,134.0,111.0,127.0,120.0,119.0,129.0,57.0,121.0,106.0,118.0,113.0,105.0,0.2135593220338983,0.3593220338983051,0.4271186440677966,0.2823529411764706,0.34044117647058825,0.37720588235294117,0.011913626209977662,0.0029784065524944155,0.011169024571854059,0.021593447505584513,0.00967982129560685,0.010424422933730455,0.0007446016381236039,0.004467609828741623,0.004467609828741623,0.005956813104988831,0.04169769173492182,0.005956813104988831,0.039463886820551006,0.00967982129560685,0.016381236038719285,0.026061057334326135,0.012658227848101266,0.005956813104988831,0.006701414743112435,0.004467609828741623,0.0029784065524944155,0.024571854058078928,0.0029784065524944155,0.02680565897244974,0.011913626209977662,0.014892032762472078,0.039463886820551006,0.04169769173492182,0.0014892032762472078,0.03052866716306776,0.02084884586746091,0.014147431124348473,0.10424422933730454,0.0052122114668652275,0.05137751303052867,0.02084884586746091,0.049143708116157855,0.054355919583023084,0.07520476545048399,0.006701414743112435,0.03425167535368578,0.02084884586746091,0.006701414743112435,0.03425167535368578,0.006701414743112435,0.018615040953090096,0.0022338049143708115,0.008935219657483246,0.014147431124348473,0.0014892032762472078,1.0,-0.02653323502796869,0.03922317128330827,0.003539532999326854,-0.005122229350701249,-0.03375926358648726,-0.019131339215468467,-0.027591785820673953,-0.02616732256086619,-0.011509784112048988,-0.030369639492920132,-0.015888567081698148,-0.02491132813302444,0.009404428179893011,0.01645590675673664,0.0012759043685715904,-0.04239877055040781,-0.023610828985915943,-0.019492112606115608,0.041762150966206106,-0.03713966449183896,-0.020032830302282204,-0.018657519725880117,0.013840515181722586,0.01733833878870943,-0.006313795440092797,-0.02500415794737824,-0.03658800093183829,0.0041868703614742955,0.02774538086498058,-0.033009078303554554,0.0241631069294809,0.02137828159366782,0.016805024015886353,-0.008913334938859438,0.058519311278926615,0.0567240379002679,0.0031666619097137903,0.0031556468719855417,0.03727711996346091,5.689875216063857e-05,1.0,-0.026553006440061058,0.03860382561980658,0.005587546370046346,-0.00643418488614596,-0.034618127547460714,-0.020621486221970523,-0.026135395822241465,-0.026004015440897504,-0.011183941910002718,-0.030509434050170505,-0.018416325028762958,-0.026469384589196124,0.006557457021664083,0.01624956961176687,-0.0023920677098146007,-0.04866894257924139,-0.03163660396799677,-0.021195791329767608,0.04242562079893868,-0.03614523034350492,-0.030053958909814105,-0.023753950485555623,0.010567371798700174,0.018795382493269265,-0.010257185296847845,-0.03353811540708211,-0.04623530144879704,-0.0030857955026898413,0.0321806220114556,-0.03329351770322342,0.01830099650786972,0.015059990180814622,0.009615214900683526,-0.012636490095699822,0.060511541018514116,0.06303741889871707,-0.0032030634229765977,-0.01096268671421686,0.044052409495531616,0.014948791910569076
3.498494458452317,0.6474367564422341,0.8793745346239762,2.0,102.0,118.0,119.0,95.0,70.0,23.0,31.0,14.0,24.0,8.0,6.0,134.0,102.0,124.0,123.0,114.0,124.0,97.0,121.0,111.0,111.0,111.0,101.0,0.16830065359477125,0.4117647058823529,0.4199346405228758,0.27603787327021123,0.33430444282592864,0.3896576839038602,0.012658227848101266,0.006701414743112435,0.008190618019359643,0.011169024571854059,0.012658227848101266,0.01340282948622487,0.0014892032762472078,0.011913626209977662,0.007446016381236039,0.0029784065524944155,0.04169769173492182,0.00967982129560685,0.03425167535368578,0.005956813104988831,0.01712583767684289,0.02084884586746091,0.014892032762472078,0.0022338049143708115,0.00967982129560685,0.005956813104988831,0.0029784065524944155,0.02084884586746091,0.0037230081906180195,0.026061057334326135,0.010424422933730455,0.014892032762472078,0.022338049143708117,0.04393149664929263,0.005956813104988831,0.039463886820551006,0.02531645569620253,0.014892032762472078,0.10126582278481013,0.0037230081906180195,0.049143708116157855,0.029784065524944156,0.04095309009679821,0.07073715562174236,0.06105733432613552,0.006701414743112435,0.0379746835443038,0.01712583767684289,0.005956813104988831,0.04839910647803425,0.0014892032762472078,0.02084884586746091,0.0052122114668652275,0.008190618019359643,0.008190618019359643,0.0014892032762472078,1.0,0.013091436666995446,0.04044718640771661,0.0837567647691608,-0.03440343717036182,-0.015327128867389293,0.02963173066244374,0.02587376259466275,0.04019821753785418,0.02062599655434257,0.01755858626845488,-0.01492538030849632,0.0021747026282684287,0.03232565029426912,0.01910783116724041,0.020925783204753554,0.0465417416247413,-0.00861825006153931,-0.02984144402121431,0.024998142059814293,-0.011728790854458956,0.01036361355785539,0.047309145820345934,0.02570698691917477,-0.018546095167099933,0.035509914976298636,0.014010330912119262,-0.05996124668158648,0.011168600101141065,-0.02351570790075673,0.009312755416639269,0.006233455568535703,0.04661550286311985,0.001528262601224112,-0.0036487068920597193,-0.0024536778516936883,-0.022193803720658944,-0.03076333564294743,0.040401091565604216,0.026597612993076034,-0.020122906625041626,1.0,0.013101191835897823,0.04034279358389629,0.0830558637902428,-0.038292923348669045,-0.02147640281005928,0.026439222775679342,0.03334900251931132,0.03961350923542655,0.01146352462284713,0.01084636210698923,-0.020382653237378968,0.002097147050667218,0.03351411500531022,0.02064744035366042,0.014005276186762177,0.0362280236218855,-0.013143868465745499,-0.03469297927862585,0.021802533143809418,-0.006239396115614998,0.011364048804729212,0.036655555551917296,0.022223656885080156,-0.026194954702245737,0.028660996062197328,0.016446058661106083,-0.058381000786170596,0.0018640047361965983,-0.02924066171533379,0.018070051646083312,0.0002391810973981417,0.04703284281238128,-0.0009450894247446822,-0.005489783216519882,-0.011206853401449607,-0.019882041005765117,-0.026520266715270233,0.03503166158468308,0.030326877241990693,-0.021428810573771048
3.5140760983414636,0.6515495295605209,0.877885331347729,1.0,102.0,118.0,117.0,94.0,71.0,32.0,52.0,24.0,5.0,4.0,0.0,134.0,107.0,124.0,123.0,120.0,121.0,97.0,126.0,112.0,111.0,115.0,107.0,0.2,0.3870967741935484,0.4129032258064516,0.2727272727272727,0.33357193987115247,0.3937007874015748,0.016381236038719285,0.008935219657483246,0.017870439314966492,0.01563663440059568,0.01712583767684289,0.014147431124348473,0.0014892032762472078,0.008935219657483246,0.005956813104988831,0.004467609828741623,0.045420699925539834,0.00967982129560685,0.03127326880119136,0.005956813104988831,0.021593447505584513,0.02308265078183172,0.016381236038719285,0.008190618019359643,0.006701414743112435,0.0037230081906180195,0.006701414743112435,0.028294862248696945,0.0029784065524944155,0.026061057334326135,0.01340282948622487,0.00967982129560685,0.027550260610573342,0.04393149664929263,0.0052122114668652275,0.03648548026805659,0.022338049143708117,0.012658227848101266,0.11169024571854058,0.0014892032762472078,0.058823529411764705,0.02084884586746091,0.028294862248696945,0.05658972449739389,0.06031273268801191,0.005956813104988831,0.029784065524944156,0.014147431124348473,0.007446016381236039,0.04393149664929263,0.006701414743112435,0.018615040953090096,0.0022338049143708115,0.006701414743112435,0.006701414743112435,0.0014892032762472078,1.0,-0.005026254554939726,-0.015043093607560785,0.002889230586707839,0.008917857362221832,-0.0023658611603705653,-0.003988111502547186,0.04047710402516768,-0.017324766379597237,-0.022464363632143592,-0.009401492497811725,0.028308762710141447,-0.012574009680607231,0.01997731579187312,0.005054498373739176,0.029826165738854386,-0.030842059628318118,0.027883045801524252,0.04083215087411689,-0.01264343975307078,-0.04966662462807379,0.04973656805421654,-0.006555298778051042,-0.004891628703405371,0.029265006567228885,0.008619602266655618,0.026557578082118918,-0.036261716946431884,0.02671965369262196,0.017583771605326783,-0.027260503066948587,0.010882842049627514,-0.022994437046513078,0.02393516949799486,-0.01589539223604065,0.04896574994876783,0.005577224445422867,0.02315970197870064,-0.0022430479795485093,0.05060545301622151,0.006262806845979433,1.0,-0.005029999901105851,-0.015091211963302847,0.0027435612321703557,0.008748096504283862,-0.0022006491368327706,-0.003773134311485875,0.040545594286208214,-0.017238059384209716,-0.021555445343745226,-0.010362908849229156,0.027249315139570462,-0.01219234344021827,0.02160789955163275,0.0031058193361152473,0.03174011817499816,-0.029457871618422005,0.02896625315846892,0.0374952289467821,-0.010317899104372107,-0.05047304574068641,0.0504740049571496,-0.011100060697507944,0.001808855874957425,0.027240742411847034,0.00607128690259068,0.028430923931904554,-0.028713016968920962,0.018748226213355312,0.017181183365798294,-0.02755373831932394,0.012901559443047815,-0.030582932006907544,0.027162484878015668,-0.012230977155799913,0.049137821047369315,-0.0024503921319557606,0.03340665451760025,-0.0013233687279377523,0.046217042797472525,0.004151295827863836
3.4905215830542606,0.639215600287656,0.8897989575577067,11.0,109.0,125.0,116.0,99.0,97.0,50.0,22.0,6.0,10.0,2.0,4.0,134.0,109.0,131.0,123.0,119.0,130.0,107.0,125.0,113.0,119.0,113.0,119.0,0.19969278033794163,0.3548387096774194,0.445468509984639,0.2697642163661581,0.3287101248266297,0.4015256588072122,0.012658227848101266,0.007446016381236039,0.008935219657483246,0.011169024571854059,0.014147431124348473,0.01340282948622487,0.0014892032762472078,0.006701414743112435,0.006701414743112435,0.0022338049143708115,0.03648548026805659,0.018615040953090096,0.04169769173492182,0.004467609828741623,0.020104244229337303,0.03052866716306776,0.01340282948622487,0.0037230081906180195,0.006701414743112435,0.0052122114668652275,0.0014892032762472078,0.022338049143708117,0.0,0.02308265078183172,0.01340282948622487,0.01340282948622487,0.03350707371556218,0.05361131794489948,0.005956813104988831,0.03127326880119136,0.02308265078183172,0.012658227848101266,0.10052122114668652,0.0022338049143708115,0.04765450483991065,0.02680565897244974,0.04616530156366344,0.05137751303052867,0.06701414743112435,0.007446016381236039,0.03276247207743857,0.024571854058078928,0.007446016381236039,0.044676098287416234,0.004467609828741623,0.018615040953090096,0.0022338049143708115,0.008190618019359643,0.005956813104988831,0.0022338049143708115,1.0,0.024414897636483503,0.0010536542128717341,0.00750201815268061,-0.0010466733220857447,-0.03252180729299093,0.0016145182855702668,0.006547935969247211,-0.03946596261530107,0.011185275154829429,-0.00781242488401592,0.015568785305349404,0.033906273613128146,0.01802164065184513,-0.01956858443916131,-0.00940055314033308,0.01363901335311162,-0.016972393330883108,-0.032988793227598956,-0.02967382351744411,-0.04148940573199502,0.025685655568872815,-0.01906412538545293,0.04999763844486458,0.016410734062887265,0.027813455425308258,0.02240289746283516,0.0316159183657106,-0.010092049029241724,-0.0033346677434538184,0.02802557576032842,0.04013916472186594,-0.044245385725065776,-0.0072524443624170255,-0.0010340952598174105,-0.004894656731963308,0.005797007955970935,0.008619609904215361,0.004105495466885029,0.013308641056164265,-0.027184963427287,1.0,0.024433090555735722,0.0004585234717432776,0.007486310688157587,-0.0014175284178796785,-0.032614439734351436,0.0031645961116321185,0.006540656657656672,-0.039607535644286644,0.013150725854700665,-0.009588818180103794,0.016880840769210016,0.03376297723730853,0.014040807226093698,-0.02000940972094756,-0.009114121597163495,0.013476378686995957,-0.01442640609609864,-0.03294840733129087,-0.029214138607535745,-0.03925297385227336,0.03080431779407873,-0.02294366935248468,0.04960731628985517,0.011851462051689588,0.02423724777169448,0.023245449234811276,0.029583571157560322,-0.013135654229397435,0.0015651475276437848,0.030056717649651257,0.05032806394664078,-0.046661727968124775,-0.0056676435190618725,-0.003629940355314708,-0.002487703137389513,0.003019782771054268,0.000643365455022218,0.0012414045760195884,0.01384822770707091,-0.03250648370592885
3.505526139218514,0.6347973571887805,0.8823529411764706,3.0,107.0,119.0,112.0,98.0,78.0,37.0,20.0,22.0,18.0,4.0,1.0,134.0,109.0,128.0,125.0,110.0,130.0,99.0,126.0,114.0,109.0,121.0,100.0,0.1631663974151858,0.40387722132471726,0.43295638126009695,0.2775800711743772,0.32597864768683277,0.39644128113879,0.0193596425912137,0.010424422933730455,0.016381236038719285,0.0193596425912137,0.01563663440059568,0.011913626209977662,0.0029784065524944155,0.004467609828741623,0.004467609828741623,0.0052122114668652275,0.03201787043931496,0.011913626209977662,0.0387192851824274,0.007446016381236039,0.022338049143708117,0.020104244229337303,0.011169024571854059,0.0029784065524944155,0.01340282948622487,0.0022338049143708115,0.0007446016381236039,0.02531645569620253,0.0029784065524944155,0.02308265078183172,0.014147431124348473,0.014892032762472078,0.020104244229337303,0.05361131794489948,0.0037230081906180195,0.04169769173492182,0.03052866716306776,0.006701414743112435,0.09233060312732688,0.0029784065524944155,0.04839910647803425,0.020104244229337303,0.03201787043931496,0.07297096053611318,0.06403574087862993,0.00967982129560685,0.03425167535368578,0.010424422933730455,0.00967982129560685,0.04765450483991065,0.004467609828741623,0.014147431124348473,0.0029784065524944155,0.012658227848101266,0.011169024571854059,0.0,1.0,-0.0018385040003115428,0.025063024171185118,0.03832329595448929,0.020429211368477612,0.034968323770057715,-0.03655519499886352,0.04605057469065421,0.017622850032989544,0.012329884010784697,-0.040951637734292445,0.03487783221678514,-0.009188366145560203,0.015773612622118297,0.009713440211160537,-0.03581912992801672,-0.03551429284962372,-0.00455636054343401,-0.015284482025095322,0.013499140026738755,0.041270079096719904,0.01651138901108214,0.00035459985173254553,-0.009296462068880821,0.021218163025901304,-0.016239353146174123,0.00835814028601789,-0.024338827960689022,0.0337852363417344,0.03339409103803152,-0.06243204088988161,-0.026138798698038195,0.014328477257082401,0.015046269715808674,-0.02088250588604233,0.023652306229144816,0.04547195012747814,0.026690206163840068,0.007774314356404493,0.03144652437405527,0.020436477482559716,1.0,-0.0018398739734861364,0.025097103595598108,0.038524688108508696,0.020077962959796778,0.03337683940814934,-0.03908821946982114,0.04303879748182402,0.01681555419936981,0.011984510933716252,-0.04538486988794027,0.03422280328748452,-0.013369999169127518,0.01971140438356157,0.007723417995417216,-0.03540917555467437,-0.04498168310831706,0.002730548037274314,-0.015202581003948272,0.020108615350242748,0.04392484747811555,0.019426221063972102,-0.005262191333165758,-0.0062920573847623056,0.018259078660491482,-0.019560085279347574,0.008573275868525198,-0.02677417530802618,0.0312588110411426,0.037204612450169594,-0.05955279580632094,-0.038252055033276215,0.014939088559095202,0.012636969086275623,-0.014387651781945529,0.030380213765314554,0.04825693643470033,0.026138466871934225,0.014571646399794101,0.030641450005463006,0.003855437883460119
3.4963207066851965,0.6249790833560395,0.8816083395383469,14.0,112.0,127.0,118.0,99.0,94.0,52.0,45.0,21.0,7.0,13.0,3.0,134.0,113.0,131.0,127.0,119.0,128.0,103.0,128.0,113.0,124.0,127.0,111.0,0.2170212765957447,0.3475177304964539,0.43546099290780144,0.2674897119341564,0.33127572016460904,0.4012345679012346,0.00967982129560685,0.014892032762472078,0.011169024571854059,0.016381236038719285,0.011169024571854059,0.008190618019359643,0.0029784065524944155,0.007446016381236039,0.0052122114668652275,0.0029784065524944155,0.039463886820551006,0.010424422933730455,0.0387192851824274,0.004467609828741623,0.0193596425912137,0.026061057334326135,0.018615040953090096,0.005956813104988831,0.008935219657483246,0.005956813104988831,0.0029784065524944155,0.0193596425912137,0.0014892032762472078,0.020104244229337303,0.011913626209977662,0.008190618019359643,0.024571854058078928,0.0379746835443038,0.004467609828741623,0.04244229337304542,0.020104244229337303,0.006701414743112435,0.10126582278481013,0.0029784065524944155,0.06403574087862993,0.02308265078183172,0.03648548026805659,0.06626954579300075,0.06552494415487714,0.006701414743112435,0.03201787043931496,0.0193596425912137,0.004467609828741623,0.04988830975428146,0.005956813104988831,0.023827252419955324,0.008190618019359643,0.006701414743112435,0.010424422933730455,0.004467609828741623,1.0,0.023185481718560774,-0.005133896971262186,-0.019694434760369934,-0.024654918414847533,0.03096194102138616,0.053696491082447034,0.036772562681143074,-0.07812428046793003,0.037305025704187825,0.015549447502377385,0.027634906417796527,0.01170023229943445,-0.0016200070696561072,-0.017349902513137817,-0.006928571820594334,0.06631521210782926,0.04689478110149231,-0.010008507154883144,-0.022729198118908035,0.007254247741349556,-0.03009186918924825,0.00663117186536782,-0.01327653052472171,-0.03527648497022012,0.002310741996550427,0.024932485234409264,-0.006710191423817225,0.033802584011431304,0.035136758558279906,-0.05919938652897589,-0.015860533661676782,-0.03748017230918771,-0.015142206769313096,-0.014035036232941842,0.02244648541027161,-0.013974091036928631,0.039963580338203894,-0.030730541827983997,-0.057902501344968556,-0.03945720396046683,1.0,0.02320275853057161,-0.005682981328750755,-0.019497816102481944,-0.02386733140478022,0.03203985105549753,0.05198092681020848,0.03410438298375392,-0.07957736239861922,0.04528413880922458,0.016388777880182927,0.02340424349961238,0.0029697149763117403,0.0018318668046473283,-0.01144225460761523,-0.004187320332787766,0.05612987669908649,0.04709072522761232,-0.015409992360260766,-0.018172530572418123,0.01416282370048672,-0.03267198513770813,-0.004797402184275051,-0.023437466493547977,-0.02665174185733437,0.007419089672501733,0.020277978967988813,-0.013887547402464702,0.03793248364357581,0.03389387885001249,-0.053225155376239626,-0.013146240595712032,-0.04318801087458362,-0.01899669947734661,-0.01858951574804922,0.02068018882844145,-0.008167721536896667,0.05350014841968894,-0.0394584506898839,-0.051059026960228286,-0.03823115097876277
3.461255180388055,0.5987158070404179,0.8816083395383469,5.0,74.0,115.0,114.0,84.0,92.0,11.0,38.0,13.0,11.0,6.0,13.0,133.0,103.0,121.0,118.0,112.0,125.0,37.0,114.0,112.0,111.0,110.0,66.0,0.234375,0.3854166666666667,0.3802083333333333,0.294770206022187,0.3589540412044374,0.3462757527733756,0.011169024571854059,0.006701414743112435,0.00967982129560685,0.011913626209977662,0.012658227848101266,0.010424422933730455,0.0029784065524944155,0.007446016381236039,0.004467609828741623,0.0007446016381236039,0.0379746835443038,0.005956813104988831,0.04393149664929263,0.006701414743112435,0.020104244229337303,0.026061057334326135,0.011169024571854059,0.0014892032762472078,0.008190618019359643,0.005956813104988831,0.0007446016381236039,0.0387192851824274,0.0014892032762472078,0.03425167535368578,0.011913626209977662,0.016381236038719285,0.03052866716306776,0.044676098287416234,0.0029784065524944155,0.04616530156366344,0.022338049143708117,0.011913626209977662,0.09233060312732688,0.0029784065524944155,0.05137751303052867,0.017870439314966492,0.04169769173492182,0.058078927773641105,0.07371556217423679,0.00967982129560685,0.034996276991809384,0.01712583767684289,0.008935219657483246,0.04765450483991065,0.0029784065524944155,0.01563663440059568,0.0029784065524944155,0.0037230081906180195,0.006701414743112435,0.0037230081906180195,1.0,-0.01925279812826577,-0.006965714701017319,0.02387577217738299,0.010683313903119575,-0.012385866876228538,0.01485170217273843,0.04450246174103306,0.03139902321397491,0.038080600541047005,0.017422283326971436,0.03496133442041979,0.05644190910020782,-0.010895417151970867,-0.015012210900099996,0.007705520134126076,-0.00779672322272554,0.001719414253814265,0.022871713647545686,-0.020954269486817126,0.004110073347929533,-0.011789516022996414,0.00907038978093615,-0.02645639682444731,0.02907657753366827,-0.0059796821326133474,0.03462164554614108,-0.03913677287522492,0.0008370118659033832,0.03528581800449071,-5.3870491182645735e-05,-0.01162506640950613,0.044140490080977146,0.02691408704241505,-0.021547068823883284,-0.0347056649002623,0.015433999560151287,-0.004051283609214236,0.032083674216057845,-0.004951803892831838,0.033482226611798255,1.0,-0.019267144475604268,-0.007350054901878453,0.023662275133523876,0.01159475614859803,-0.011683178373799005,0.014049666595620222,0.04466930637716534,0.03408871290936567,0.04001132582536255,0.01724385772984072,0.0347264511455965,0.05771335617674124,-0.009695336082009709,-0.01857713449588818,9.215544117323237e-05,-0.012911157564676147,-0.0015522626804454797,0.015382691923237065,-0.02937997064353423,-0.0018709125149414863,-0.01729057520277939,0.007788268210503552,-0.02794606913325091,0.026501234086486823,-0.0034361454675660447,0.039754321677322464,-0.03891222648141915,0.002204659554457815,0.035435368430804144,0.004319698890464526,-0.00720087432011307,0.04348396589511836,0.02624997599176259,-0.01705433358775038,-0.03938467071821081,0.006842519699276699,-0.005667992589768887,0.03196894820579635,-0.00542045412136287,0.027866942828776376
3.478956813365004,0.6303014777216881,0.889054355919583,3.0,107.0,125.0,108.0,63.0,110.0,37.0,73.0,14.0,9.0,8.0,3.0,134.0,113.0,130.0,117.0,113.0,130.0,95.0,127.0,115.0,121.0,125.0,106.0,0.2818181818181818,0.29393939393939394,0.42424242424242425,0.27419354838709675,0.3267882187938289,0.39901823281907434,0.01340282948622487,0.0052122114668652275,0.01340282948622487,0.011169024571854059,0.011913626209977662,0.010424422933730455,0.0022338049143708115,0.005956813104988831,0.008935219657483246,0.0029784065524944155,0.04318689501116903,0.010424422933730455,0.04393149664929263,0.007446016381236039,0.018615040953090096,0.027550260610573342,0.02308265078183172,0.0014892032762472078,0.008935219657483246,0.0052122114668652275,0.0007446016381236039,0.02308265078183172,0.0022338049143708115,0.026061057334326135,0.005956813104988831,0.011169024571854059,0.034996276991809384,0.04169769173492182,0.005956813104988831,0.03648548026805659,0.027550260610573342,0.011913626209977662,0.0967982129560685,0.0022338049143708115,0.058078927773641105,0.023827252419955324,0.04839910647803425,0.05658972449739389,0.06478034251675353,0.006701414743112435,0.03425167535368578,0.018615040953090096,0.004467609828741623,0.039463886820551006,0.0022338049143708115,0.0193596425912137,0.004467609828741623,0.008190618019359643,0.007446016381236039,0.0007446016381236039,1.0,0.05693402248800867,0.04851062519555385,0.021508766870508015,-0.015816818045911066,-0.0010829577995499161,-0.01094864453460177,-0.017701697885098275,0.006543395113585533,0.031679819745843114,0.028107157802451797,-0.012694289458085333,0.008830250618241563,-0.01624383296423258,0.006342455451420316,-0.007759138658327788,-0.029828678739331652,-0.030155364975147855,0.03577054769115472,0.00596369665689696,-0.016879312741187542,-0.012952037287774745,0.0487347043153944,0.013990451632744797,0.03200262014996194,-0.03592120214863396,0.019385053402328517,0.024874188539322873,-0.0071844118816223185,0.019590083130340545,0.040210149870461655,0.023122290156618572,0.01561707307074236,0.05276362583186793,0.005537643593832181,0.0012498922977936789,0.03555871920050025,0.002645060356861455,-0.029816358713357187,0.013102084497342808,0.03426162247795318,1.0,0.056976447243961,0.04548431602268589,0.016410318144310567,-0.02023458855093478,-0.0009140919467492903,-0.009620033128021621,-0.015975108803577418,0.009134624445973854,0.033209375832152735,0.024577053009550646,-0.019749696047270653,0.007050380760261683,-0.01613372817731802,0.00889540464419547,-0.007168604369234734,-0.02773630826591451,-0.02767361449001884,0.0412481200951658,0.004114834538373963,-0.021649249376968372,-0.01364310923932842,0.05413872529013672,0.010204487975298816,0.025869223219628187,-0.039711693716427056,0.02502481736100722,0.023918011802150807,-0.012030036045814424,0.020233080908589225,0.04184850611941941,0.017565918595672893,0.001993097384515435,0.05001967996960869,0.002252368049099667,0.0020502476525280544,0.029197360027974788,0.0021475045084932837,-0.03271996102412738,0.019944970976061627,0.03615145658078832
3.5070003574714415,0.6444996261990701,0.877885331347729,6.0,113.0,127.0,122.0,84.0,50.0,26.0,30.0,22.0,11.0,8.0,1.0,134.0,113.0,131.0,124.0,123.0,126.0,111.0,125.0,119.0,123.0,123.0,117.0,0.14333333333333334,0.3983333333333333,0.4583333333333333,0.2620830496936692,0.33287950987066034,0.4050374404356705,0.011169024571854059,0.007446016381236039,0.011913626209977662,0.010424422933730455,0.020104244229337303,0.020104244229337303,0.0022338049143708115,0.006701414743112435,0.0052122114668652275,0.0029784065524944155,0.035740878629932984,0.005956813104988831,0.04244229337304542,0.008190618019359643,0.018615040953090096,0.02531645569620253,0.016381236038719285,0.0037230081906180195,0.006701414743112435,0.006701414743112435,0.0,0.029784065524944156,0.0014892032762472078,0.03052866716306776,0.014892032762472078,0.008190618019359643,0.029039463886820552,0.04244229337304542,0.0037230081906180195,0.034996276991809384,0.03127326880119136,0.010424422933730455,0.08637379002233805,0.0037230081906180195,0.06180193596425912,0.03052866716306776,0.03648548026805659,0.06105733432613552,0.06031273268801191,0.008190618019359643,0.03723008190618019,0.020104244229337303,0.007446016381236039,0.04318689501116903,0.0029784065524944155,0.012658227848101266,0.0037230081906180195,0.010424422933730455,0.007446016381236039,0.0014892032762472078,1.0,-0.01649734228068533,-0.010640827155641915,-0.014362059079087107,-0.01808220327473971,0.010900510679008036,-0.036178301529184984,-0.026108697637064544,0.03109898474842237,0.018728621476796464,0.009641263750923388,0.030159936305289518,0.04413484757436587,-0.030019867148162207,0.006525098059633898,-0.031322481322314966,0.02485484939245153,-0.0018406762236108211,0.013746089640128871,-0.003818805817122359,-0.006301902716347001,0.022636524309174354,-0.015600607463125913,0.010516399508969298,-0.02507694909648247,0.02242491388880076,-0.024804928411892076,-0.06803299889516114,0.028689360982286295,-0.014662540321975816,0.006515049168701553,0.031221182043411053,0.026333802622533698,-0.03441326334035134,0.024102791508969847,-0.014063176128250924,0.006417137310523946,-0.02007583090679604,-0.02255468627529866,-0.015155742756879828,0.001925843660061124,1.0,-0.016509635382235755,-0.010932244985209044,-0.014758347907273638,-0.018753000463946345,0.010006049625448576,-0.036646166385589124,-0.02784396571922289,0.029592291298679928,0.018632674722009374,0.008758161611567363,0.031946311934553266,0.04700397660218341,-0.029798305912946424,0.009002694385102095,-0.026834748195850286,0.02523722824993544,-0.0020295653425315328,0.018698858957366962,-0.00598150338759735,-0.009848325128885437,0.020455882073469833,-0.01598203591002582,0.010465520569989426,-0.02516133609131415,0.02571059206382699,-0.028493787601456433,-0.06800968863541773,0.022811610769456734,-0.015364888974302866,-8.590621646412088e-05,0.0343212318826223,0.030023739408515753,-0.04322082408871871,0.02694564276605736,-0.008271737907364294,0.009546196650867022,-0.02239764406703148,-0.008190000313430017,-0.02109326271274042,-0.0047458209145517585
3.4871460689660827,0.6100344942771763,0.885331347728965,7.0,105.0,121.0,110.0,103.0,85.0,46.0,42.0,24.0,5.0,7.0,4.0,134.0,109.0,125.0,115.0,117.0,126.0,101.0,123.0,113.0,118.0,118.0,108.0,0.20333839150227617,0.36722306525037934,0.4294385432473445,0.27221037668798864,0.3290689410092395,0.39872068230277186,0.011169024571854059,0.005956813104988831,0.012658227848101266,0.012658227848101266,0.01712583767684289,0.014147431124348473,0.0022338049143708115,0.006701414743112435,0.0037230081906180195,0.0022338049143708115,0.04095309009679821,0.012658227848101266,0.03648548026805659,0.008190618019359643,0.02680565897244974,0.023827252419955324,0.0193596425912137,0.004467609828741623,0.011169024571854059,0.004467609828741623,0.0014892032762472078,0.018615040953090096,0.0014892032762472078,0.026061057334326135,0.00967982129560685,0.01340282948622487,0.02531645569620253,0.0387192851824274,0.004467609828741623,0.0379746835443038,0.03276247207743857,0.008935219657483246,0.12062546537602382,0.0029784065524944155,0.04988830975428146,0.021593447505584513,0.0379746835443038,0.049143708116157855,0.06105733432613552,0.008190618019359643,0.0387192851824274,0.024571854058078928,0.007446016381236039,0.04318689501116903,0.004467609828741623,0.012658227848101266,0.006701414743112435,0.010424422933730455,0.0022338049143708115,0.0022338049143708115,1.0,0.01817748594829661,-0.028872436523027623,-0.010634257667673975,0.024838613615515974,-0.034626606954967776,0.043146086920783144,0.04510747776079302,-0.02080441295741405,-0.023459405961262295,0.005033906846483152,0.052294979618829944,-0.0016442614870643768,-0.0259856082178914,0.034886564846729744,0.004491175064421103,0.012619956604485222,0.010466798030325141,0.025052540657043678,-0.023737851823221967,-0.004406485523403093,0.037544984520006465,0.0008332294224404534,-0.013726550697238186,-0.03699736662278557,-0.009184013870360167,-0.008005197834319855,-0.004704631427730561,0.013586401665419785,0.041803402916324166,0.028175911886645078,-0.004576897826833653,0.01576478516228244,-0.02483994650297214,0.04435979982351232,-0.04867095547480831,0.0033592999468497237,0.027934020864413628,-0.045754415972223454,-0.0029033435371788184,0.022456306240471628,1.0,0.018191031019793073,-0.029256092425462576,-0.009595861688174067,0.024474465771887177,-0.03632753728591946,0.04615299379432761,0.0422382033882861,-0.02165018723721255,-0.017586352758411597,0.0021703763231259968,0.052210177683258224,-0.0017665248099940367,-0.027931836229503067,0.0361611340070624,0.0029914315208116257,0.018838679580882173,0.006470607289555055,0.017776219224956497,-0.016979135095737133,-0.001835373099068089,0.03411992189214894,-0.005756558456887337,-0.01011612041695652,-0.03751153983569674,-0.013318512022754123,-0.00496115002452065,-0.00870350329747089,0.009024945920424288,0.04129947455226417,0.03472342892110102,0.0005110754959242714,0.010949765340518548,-0.02648826856744655,0.0510751630528082,-0.05541742069252909,0.0009120845284383361,0.029088712386360766,-0.0514289920717141,0.007671335377627591,0.014668608120504398
3.4710607235896194,0.6387137792127451,0.8801191362620998,3.0,114.0,121.0,118.0,103.0,87.0,19.0,23.0,14.0,3.0,4.0,0.0,134.0,119.0,131.0,127.0,120.0,130.0,87.0,125.0,112.0,117.0,121.0,108.0,0.18555008210180624,0.39080459770114945,0.4236453201970443,0.2718378756114605,0.3326345213137666,0.39552760307477286,0.011169024571854059,0.006701414743112435,0.008935219657483246,0.011169024571854059,0.014147431124348473,0.00967982129560685,0.0014892032762472078,0.0037230081906180195,0.0037230081906180195,0.0029784065524944155,0.03648548026805659,0.012658227848101266,0.035740878629932984,0.00967982129560685,0.028294862248696945,0.03052866716306776,0.018615040953090096,0.006701414743112435,0.007446016381236039,0.004467609828741623,0.0022338049143708115,0.02680565897244974,0.0029784065524944155,0.023827252419955324,0.00967982129560685,0.014147431124348473,0.029784065524944156,0.04839910647803425,0.0037230081906180195,0.024571854058078928,0.022338049143708117,0.01340282948622487,0.11169024571854058,0.0014892032762472078,0.05584512285927029,0.024571854058078928,0.03201787043931496,0.06701414743112435,0.06775874906924795,0.010424422933730455,0.03052866716306776,0.017870439314966492,0.006701414743112435,0.045420699925539834,0.004467609828741623,0.01712583767684289,0.0014892032762472078,0.011169024571854059,0.006701414743112435,0.0014892032762472078,1.0,0.03895707742237359,0.025193053432909274,-0.026292864166142994,0.05348221273739249,-0.01445892158106265,0.006817449467557099,0.0016430228193937343,0.033862373651540774,-0.029245310129572,-0.030718669996064055,-0.006034410359424628,-0.020123052520368404,0.04627163429206662,0.07165361798887125,0.0476999820717501,-0.0541775892411144,0.048134813739042374,-0.020871682566760717,-0.026962228206146126,-0.009299516636600873,0.04913329929964049,0.0011429178355589575,-0.03703771326079335,-0.0028961449273858194,-0.0137049135052932,-0.0007295070275053722,-0.013072392767023473,0.040095125396943564,-0.00429671276283366,-0.05281551328574455,-0.03145390674349051,0.014091234646178294,-0.028879023214040858,0.034094427034051654,0.04708410722974074,-0.03445090792278668,-0.042343459195075775,-0.03462727711228651,0.0011468316897859966,-0.00758154891053058,1.0,0.03898610654116821,0.02374680362073071,-0.02829675100149349,0.0552988748634987,-0.01754857712689121,0.00472695004726777,0.005068434462765465,0.02980200771814905,-0.030355794688527223,-0.030914938288105206,-0.0004496252097787871,-0.02386343701615101,0.05157082508940181,0.0721401384505076,0.039083182079311676,-0.058298340771580186,0.05204311584599774,-0.025723544818539505,-0.03678393929304296,0.004163154371910797,0.039201522808781385,-0.0036529003810440138,-0.03414760248374286,0.014044630693733604,-0.019797302984766955,0.0017786499638378333,-0.009822110014347393,0.026288448870026987,-0.009680653716199826,-0.05462140499730435,-0.02078564045957443,0.011268048129460787,-0.01754123779696409,0.034739402659157634,0.04277965454544651,-0.04744757307628955,-0.029652951525235092,-0.029657552147948428,-0.003072281410265992,0.0013866874767807682
3.454574466689733,0.608564450581591,0.8920327624720774,11.0,87.0,120.0,114.0,88.0,89.0,6.0,74.0,15.0,6.0,11.0,1.0,134.0,113.0,130.0,127.0,110.0,130.0,33.0,129.0,125.0,114.0,126.0,86.0,0.2797427652733119,0.35852090032154343,0.3617363344051447,0.2896094325718497,0.3507737656595431,0.3596168017686072,0.008935219657483246,0.006701414743112435,0.012658227848101266,0.014892032762472078,0.012658227848101266,0.00967982129560685,0.0007446016381236039,0.011913626209977662,0.005956813104988831,0.0052122114668652275,0.04616530156366344,0.008190618019359643,0.03350707371556218,0.0052122114668652275,0.014892032762472078,0.029784065524944156,0.01563663440059568,0.0029784065524944155,0.011169024571854059,0.0022338049143708115,0.0014892032762472078,0.04244229337304542,0.0029784065524944155,0.03127326880119136,0.011913626209977662,0.01712583767684289,0.03201787043931496,0.0573343261355175,0.0014892032762472078,0.04244229337304542,0.02308265078183172,0.008190618019359643,0.09456440804169769,0.0014892032762472078,0.05658972449739389,0.016381236038719285,0.034996276991809384,0.0573343261355175,0.06180193596425912,0.0052122114668652275,0.035740878629932984,0.016381236038719285,0.008190618019359643,0.04988830975428146,0.0029784065524944155,0.012658227848101266,0.0022338049143708115,0.005956813104988831,0.0052122114668652275,0.0014892032762472078,1.0,0.006723149949131242,-0.0053730358158661905,0.029610550000820114,-0.0035917220103657637,0.015555062742096391,0.012293498686209452,0.02317669917206447,-0.0075426574215991535,0.009793187820600398,-0.017523938556034267,0.008644788132276825,-0.017548613180456304,0.025744442693460715,0.0219188793066824,0.007060186571722941,0.02373362735315706,0.010392164612171078,-0.006661266262300418,0.002772112128842909,-0.011380958543938155,-0.002137371565835015,0.0232646665252848,-0.018079018152674375,0.02184373266103752,-0.01782348153690981,0.006645550829560293,-0.03363561017383859,0.050064654013264695,-0.013044002315842358,-0.00852306528899354,-0.009801146932334762,0.011548380527271161,0.0206728911334574,0.009169264919601555,-0.03812952589195695,0.008326002046484591,0.040488644017598455,-0.030061874571695766,0.01293621635635168,-0.025070655297088795,1.0,0.006728159747901102,-0.005426563076077197,0.02975197698650598,-0.0040423366006859095,0.016009338841731408,0.011212851102166396,0.023577439639619984,-0.008736223366297433,0.009705126885801383,-0.019477283557011497,0.009436785488206017,-0.019668962003259564,0.027388771712003403,0.020152225547572237,0.009220771788186904,0.022077580567660748,0.010793767992277468,-0.008211323138616116,0.0018887143910455725,-0.01507356628219424,-0.0021885445285992613,0.021170907825750443,-0.01801697511178689,0.022827848174045012,-0.018826935140583593,0.00952906751808292,-0.03719865343759642,0.05305876878126903,-0.017984948809549584,-0.006107646688166063,-0.01595598493451328,0.01641901519572503,0.017843466519846352,0.014820935397252412,-0.04606666174424213,0.013980227535052396,0.03676038616499923,-0.027281002681454825,0.009567132357712024,-0.02548445034746493
3.5429515683321617,0.6441240818470343,0.8868205510052122,3.0,111.0,129.0,122.0,95.0,86.0,17.0,35.0,13.0,16.0,5.0,0.0,134.0,111.0,131.0,125.0,121.0,130.0,105.0,129.0,113.0,121.0,125.0,111.0,0.1962025316455696,0.38924050632911394,0.41455696202531644,0.2699175824175824,0.32967032967032966,0.40041208791208793,0.01563663440059568,0.007446016381236039,0.012658227848101266,0.02084884586746091,0.01563663440059568,0.014147431124348473,0.0014892032762472078,0.004467609828741623,0.008935219657483246,0.0022338049143708115,0.039463886820551006,0.011169024571854059,0.03127326880119136,0.006701414743112435,0.026061057334326135,0.017870439314966492,0.017870439314966492,0.0022338049143708115,0.0037230081906180195,0.005956813104988831,0.0037230081906180195,0.023827252419955324,0.0037230081906180195,0.026061057334326135,0.014147431124348473,0.00967982129560685,0.027550260610573342,0.04616530156366344,0.007446016381236039,0.045420699925539834,0.02531645569620253,0.016381236038719285,0.08488458674609084,0.0022338049143708115,0.05361131794489948,0.023827252419955324,0.03350707371556218,0.05658972449739389,0.06105733432613552,0.00967982129560685,0.04095309009679821,0.018615040953090096,0.007446016381236039,0.04244229337304542,0.0052122114668652275,0.021593447505584513,0.0014892032762472078,0.007446016381236039,0.012658227848101266,0.0014892032762472078,1.0,0.0006120270162584856,0.0023880269211316685,0.014804370032063674,-0.02442337740000591,-0.010604889381881838,0.002230062438918835,0.017212282322009873,-0.01327876152079655,-0.024953597365421968,0.0023368696935180287,0.04216168734110022,-0.011164941639607295,-0.016384769266923473,-0.012726180111792088,0.029110395133951694,0.018917816972354326,-0.012292458858762149,-0.00879762058913858,-0.01776397206741443,0.010477281011747448,0.021368467134249596,2.8507513091420327e-05,0.01033080317053264,-0.018357200841373645,-0.025033633104678044,0.021951985502236336,-0.01088160492383483,0.02922889543992705,0.05751088732335903,-0.0074360986307942314,0.009972163654164243,0.030103098757797004,-0.027089825403410362,0.026610921110833616,-0.026825094855264808,0.034198652821555285,0.035594056059320894,-0.04703002819080968,0.012796392409225072,0.0172734514097572,1.0,0.0006124830721573413,0.0023912142440510055,0.014834678649311232,-0.024525206835748114,-0.010687054507263389,0.0021574529515391763,0.018097916557626163,-0.013695033682346801,-0.02582386683958346,0.0019339479541370858,0.044090211318942016,-0.010901204674793543,-0.01866379131481273,-0.014830376225555901,0.03301788392453238,0.02100915746798524,-0.014674134111655208,-0.013493475251969667,-0.015365167505382688,0.01587215635570059,0.021208260288212707,-0.005118607369430872,0.00915974031099196,-0.014875960449566827,-0.022228651310410328,0.0189466795005582,-0.01315176572283232,0.031277096287174004,0.06069742187731449,-0.006141854679589648,0.005661648364524259,0.029282190127684533,-0.02448943594865378,0.029576726499323722,-0.027401818140589958,0.035374623324198134,0.036376897966211845,-0.04575935580055042,0.008645224036542097,0.019331035916218896
3.4948602894885656,0.633288120993343,0.8883097542814594,11.0,102.0,126.0,122.0,94.0,101.0,55.0,52.0,13.0,6.0,11.0,4.0,134.0,103.0,131.0,127.0,121.0,130.0,107.0,128.0,114.0,125.0,127.0,111.0,0.23529411764705882,0.33715925394548063,0.42754662840746055,0.26886145404663925,0.3340192043895748,0.39711934156378603,0.01712583767684289,0.005956813104988831,0.011913626209977662,0.007446016381236039,0.014147431124348473,0.011913626209977662,0.0022338049143708115,0.00967982129560685,0.005956813104988831,0.0022338049143708115,0.05212211466865227,0.006701414743112435,0.029039463886820552,0.0052122114668652275,0.018615040953090096,0.028294862248696945,0.01712583767684289,0.005956813104988831,0.016381236038719285,0.0052122114668652275,0.0014892032762472078,0.02308265078183172,0.0037230081906180195,0.03052866716306776,0.012658227848101266,0.008935219657483246,0.03425167535368578,0.04988830975428146,0.0052122114668652275,0.0379746835443038,0.02084884586746091,0.01563663440059568,0.09381980640357408,0.0029784065524944155,0.055100521221146684,0.022338049143708117,0.03350707371556218,0.06552494415487714,0.05956813104988831,0.012658227848101266,0.03350707371556218,0.017870439314966492,0.0052122114668652275,0.04690990320178704,0.0014892032762472078,0.010424422933730455,0.0037230081906180195,0.011169024571854059,0.006701414743112435,0.0,1.0,-0.006449877606259472,-0.024903757329342108,0.01057524079197841,0.008376399150723914,0.02133753973434238,0.009381832428432848,-0.013980406809412134,-0.004770421183354764,-0.009501604053282932,0.03528812574953822,0.0025034318756755685,-0.00024975508961740713,-0.0017218517606269077,-0.015072539785563364,-0.04392436984900274,0.029585113881391418,0.008937757407888693,0.03779685548919364,0.014988431402813807,0.027387663906567945,-0.02276603547363585,0.02771419872944614,0.013213996768284268,-8.023099625197677e-05,-0.023656469715338697,-0.07301574291831536,0.02801601577884866,0.0309891260998424,-0.04521173974029715,-0.012615954175359316,-0.026343741477074883,-0.022547407252134208,-0.020192144454818206,0.023261232359602587,-0.03376936665621984,0.0076467004172560814,0.0430944963233035,-0.009958227230617763,0.011343837770008131,0.01624170219462334,1.0,-0.0064546837743714525,-0.02498360323149401,0.010279492090674332,0.007919864883675425,0.022060529555743617,0.010016625320864054,-0.013033771999876547,-0.005039630742406822,-0.010894179931618472,0.034892543997641384,0.00241205809456043,0.0023339676543232173,-0.0017626061807898717,-0.015574114026717413,-0.04635763193843422,0.02765073481583127,0.008440410794733871,0.04177967793968588,0.01786184222436944,0.030492710761935892,-0.024371317391307632,0.02592743988793159,0.009897940925031448,0.0009761764305388982,-0.020466159291201613,-0.07646213793385931,0.02652011788441932,0.024642915247069075,-0.04445267423710206,-0.013847328577432146,-0.02193012761280623,-0.024792725172365828,-0.022463598060825436,0.024758867758214974,-0.03203003969948163,0.011266907209758335,0.045672095789014,-0.014425642152926218,0.01449680038320784,0.00981886895370289
3.49579459190597,0.616983628934777,0.885331347728965,4.0,109.0,120.0,118.0,89.0,90.0,32.0,45.0,10.0,10.0,2.0,1.0,134.0,111.0,127.0,123.0,114.0,124.0,99.0,129.0,113.0,112.0,119.0,106.0,0.22063492063492063,0.3603174603174603,0.41904761904761906,0.2742735648476258,0.32742735648476257,0.3982990786676116,0.010424422933730455,0.006701414743112435,0.020104244229337303,0.01563663440059568,0.014892032762472078,0.011913626209977662,0.004467609828741623,0.005956813104988831,0.0029784065524944155,0.0014892032762472078,0.035740878629932984,0.00967982129560685,0.040208488458674606,0.0052122114668652275,0.021593447505584513,0.023827252419955324,0.026061057334326135,0.004467609828741623,0.007446016381236039,0.0052122114668652275,0.0037230081906180195,0.02531645569620253,0.0014892032762472078,0.027550260610573342,0.017870439314966492,0.00967982129560685,0.02531645569620253,0.049143708116157855,0.004467609828741623,0.029784065524944156,0.021593447505584513,0.011169024571854059,0.09903201787043932,0.0029784065524944155,0.045420699925539834,0.023827252419955324,0.03723008190618019,0.06552494415487714,0.06552494415487714,0.007446016381236039,0.03276247207743857,0.020104244229337303,0.00967982129560685,0.05361131794489948,0.0022338049143708115,0.01563663440059568,0.0037230081906180195,0.007446016381236039,0.005956813104988831,0.0007446016381236039,1.0,-0.015375981667007182,0.022157447691263668,-0.010825563718955315,0.005289334173981103,-0.00071866258117845,0.009416516874160327,-0.019199947191566185,-0.0005061562535812206,0.040677582619425355,-0.00546551080534094,-0.010473512281673697,0.02254057702967586,-0.03185614008973834,0.012390627222240998,0.03668257616163741,0.008781537166738948,0.019914515658946454,-0.02191889067740979,0.03220163963490259,-0.008727106252113887,0.01827841466775313,-0.04626752499097217,-0.01737914940596749,-0.02640380849606752,0.01600099309629057,0.032061905270238056,0.01763290429046514,-0.020070748429577002,-0.00017810221473377834,-0.03303698262709816,0.027272781629445454,-0.0393639295759523,0.021605729192849,0.015995751242182013,0.012472938220441342,0.020166046022594388,0.04114919658961229,-0.01757128149524956,-0.02925723603104895,-0.05031581597360879,1.0,-0.015387439179426724,0.021958919848478836,-0.010185273334897162,0.004507381377400307,-0.00011362332839164308,0.009129165374637876,-0.01892274171297426,-0.001509840391576678,0.04200533746459184,-0.004749131616396483,-0.012424896122934227,0.023507980228282956,-0.03123486474146788,0.010076525911559067,0.03885917403687474,0.010218604447945734,0.019436411769782728,-0.024069797757103974,0.03304403674646702,-0.00713356581744818,0.013938634175027149,-0.041403900685939375,-0.021021398531899604,-0.028328803367033868,0.015353124786568719,0.0339365227395408,0.01885237634801054,-0.020518546417003007,-0.0031565507064346917,-0.03379636580442793,0.025168959620130407,-0.03548885942138141,0.021244367121964435,0.019324669248993266,0.006054795784586523,0.019364012060699723,0.047143729355307785,-0.015865842935438072,-0.02600959852133523,-0.05682315016900143
3.529642558615611,0.6659016420439761,0.8957557706626954,11.0,113.0,126.0,119.0,78.0,71.0,39.0,45.0,12.0,7.0,2.0,7.0,134.0,113.0,129.0,127.0,118.0,128.0,111.0,129.0,116.0,115.0,123.0,112.0,0.2015873015873016,0.34285714285714286,0.45555555555555555,0.26872852233676975,0.32714776632302406,0.4041237113402062,0.01563663440059568,0.00967982129560685,0.011913626209977662,0.014892032762472078,0.012658227848101266,0.014892032762472078,0.0029784065524944155,0.006701414743112435,0.0037230081906180195,0.0022338049143708115,0.04393149664929263,0.011913626209977662,0.035740878629932984,0.006701414743112435,0.0193596425912137,0.027550260610573342,0.024571854058078928,0.0029784065524944155,0.007446016381236039,0.005956813104988831,0.0037230081906180195,0.014892032762472078,0.0022338049143708115,0.026061057334326135,0.0193596425912137,0.011169024571854059,0.034996276991809384,0.035740878629932984,0.006701414743112435,0.0387192851824274,0.03127326880119136,0.011913626209977662,0.10275502606105734,0.0037230081906180195,0.04765450483991065,0.020104244229337303,0.03052866716306776,0.05361131794489948,0.06626954579300075,0.008935219657483246,0.03723008190618019,0.0193596425912137,0.010424422933730455,0.040208488458674606,0.005956813104988831,0.017870439314966492,0.004467609828741623,0.007446016381236039,0.004467609828741623,0.0007446016381236039,1.0,-0.027203101488987816,0.03034509260484832,-0.02087955646429898,0.010135073079356351,-0.01725881677711812,-0.013968796166443209,-0.020723560881907504,0.04005750082064988,-0.03449699689743198,-0.003769039749271563,-0.0005272508775623818,-0.0055339107541915,-0.014410170073157978,0.023739802837557677,-0.01403442761396634,0.00474694475738178,-0.03237403953771572,-0.010970462118430445,0.010181012768302022,-0.044649367987705295,-0.01990307538328425,0.008189609225114946,0.010853113047211004,-0.04963219418039437,0.0028255054566956946,-0.05087815583169446,-0.009434446188627257,-0.03330525363053056,0.01609011289971147,-0.031988845905598966,0.05844245331198849,0.0030547253618392516,0.004784332132246423,-0.017966007330128337,-0.007778432874472543,0.01034078952487706,0.051166052862315944,-0.013471744844344782,0.005179349860514137,-0.00029967221714365854,1.0,-0.027223372056416267,0.0296712277300466,-0.019347129520642964,0.008228110904428125,-0.015683888638768947,-0.015857382418642936,-0.020324815325622886,0.0394833484057734,-0.03192733717753527,-0.008614541992608669,0.0025238991856720077,-0.008094271666014473,-0.01407585006908633,0.023808984363108517,-0.01230187402693405,-0.0007223141314358751,-0.02870443604373957,-0.014967981482725141,0.01129175089478229,-0.04513357599984183,-0.022118856468163396,0.006399971129587808,0.011709952916432757,-0.05316570174074351,0.0009863286773157858,-0.05175299655562755,-0.018748691214488734,-0.0285338075685481,0.011677151819035114,-0.03633906698486854,0.05438021507777264,0.010308014402410757,-0.008628909088531516,-0.013519142837047663,-0.014017910817516558,0.01161432920132573,0.04778387391247563,-0.007945858630054176,-0.006322174893018914,0.005471641077430825
3.4505139713648907,0.6024336814633564,0.8868205510052122,19.0,87.0,113.0,110.0,88.0,73.0,8.0,54.0,21.0,17.0,17.0,0.0,134.0,91.0,121.0,123.0,123.0,120.0,61.0,127.0,106.0,113.0,117.0,88.0,0.24052718286655683,0.38879736408566723,0.37067545304777594,0.2877643504531722,0.3512084592145015,0.3610271903323263,0.01563663440059568,0.005956813104988831,0.0193596425912137,0.011169024571854059,0.021593447505584513,0.010424422933730455,0.0007446016381236039,0.008190618019359643,0.0022338049143708115,0.0022338049143708115,0.04393149664929263,0.008190618019359643,0.0387192851824274,0.005956813104988831,0.014147431124348473,0.02084884586746091,0.01340282948622487,0.004467609828741623,0.011913626209977662,0.004467609828741623,0.0014892032762472078,0.03276247207743857,0.0022338049143708115,0.034996276991809384,0.01340282948622487,0.006701414743112435,0.029039463886820552,0.039463886820551006,0.005956813104988831,0.04244229337304542,0.02308265078183172,0.01712583767684289,0.08860759493670886,0.0037230081906180195,0.05137751303052867,0.026061057334326135,0.04169769173492182,0.055100521221146684,0.0766939687267312,0.006701414743112435,0.034996276991809384,0.014147431124348473,0.0029784065524944155,0.05956813104988831,0.0007446016381236039,0.011169024571854059,0.0014892032762472078,0.008190618019359643,0.004467609828741623,0.0,1.0,0.013396580083917085,0.04148884417805002,0.050454294099504984,0.0009671674416878242,0.056355410362041454,0.05351679643065533,0.04132404500870346,0.0343902776467381,0.012502811809828438,0.0347383289112657,-0.012934493268696372,0.0029546108998795497,0.02209949453854042,0.003230255074061438,0.006916199317080364,0.017294815122049608,0.022568494570998524,-0.006452999215258885,-0.0015559541262895567,-0.020999886271850215,0.005612790822565337,-0.010726378912695664,0.023083918445197343,0.023784181096189346,-0.02604551379397569,-0.001438451344476336,0.019157393865465687,-0.03012949337146121,0.009888325448800162,0.009422829426373213,0.017205981671871356,0.019177614619592036,0.035778007362341165,0.029698770194343353,-0.0028573765528790225,-0.0039967209448269325,0.02693918814904588,-0.027708730902324372,-0.01792914632151575,0.0242227280130976,1.0,0.013406562632414784,0.041378422916220986,0.049572277674346715,-0.0019419619202095822,0.05268574118415829,0.05045571945935132,0.036615208782214234,0.024950799931801937,0.004572313168248047,0.026757976084726562,-0.022272506193290936,-0.006378376891331124,0.01400653516186361,-0.0003858876019554461,-0.0006109438400929459,0.013142553710795557,0.022042823651836213,-0.010391999967032408,-0.005661123497117655,-0.024997879704330626,0.0054976774555813715,-0.013908558432442063,0.021740999330627408,0.0238082776345838,-0.025792225678535233,-0.0038401899567531,0.02195150066011781,-0.02745517338532142,0.004722762795874188,0.009632976102375828,0.01917691405543733,0.01705507494381753,0.03567546082056907,0.02822168004174758,-0.004389327430547958,-0.012230871779129395,0.02067995201024548,-0.032783715930350184,-0.03078810429500024,0.015927750790014166
3.5006859961180425,0.6189509114827577,0.8786299329858526,4.0,108.0,125.0,121.0,88.0,101.0,23.0,36.0,14.0,10.0,4.0,0.0,134.0,111.0,131.0,125.0,115.0,129.0,85.0,125.0,110.0,110.0,119.0,107.0,0.222397476340694,0.3675078864353312,0.41009463722397477,0.2769450392576731,0.32833690221270523,0.3947180585296217,0.010424422933730455,0.006701414743112435,0.008935219657483246,0.012658227848101266,0.0193596425912137,0.01340282948622487,0.0014892032762472078,0.00967982129560685,0.010424422933730455,0.0029784065524944155,0.03425167535368578,0.008190618019359643,0.03350707371556218,0.0037230081906180195,0.01563663440059568,0.03127326880119136,0.02531645569620253,0.004467609828741623,0.01340282948622487,0.004467609828741623,0.0037230081906180195,0.024571854058078928,0.0052122114668652275,0.023827252419955324,0.01340282948622487,0.017870439314966492,0.02308265078183172,0.0387192851824274,0.006701414743112435,0.029039463886820552,0.02308265078183172,0.006701414743112435,0.09977661950856292,0.0029784065524944155,0.058078927773641105,0.027550260610573342,0.029039463886820552,0.06626954579300075,0.07148175725986597,0.006701414743112435,0.04169769173492182,0.014892032762472078,0.0052122114668652275,0.04616530156366344,0.0029784065524944155,0.024571854058078928,0.0029784065524944155,0.005956813104988831,0.004467609828741623,0.0029784065524944155,1.0,0.01397713905720055,0.003758883834295873,0.0782172724454568,0.053640257786982816,0.037032608233577874,0.06938454028201665,0.03380893337956372,0.011408410860220762,-0.018785060377315026,-0.021405979327643182,0.02848242772021109,-0.00391688566242708,0.02436064452629506,0.05332956453755802,0.008033432839307249,0.011225854460588174,-0.006569588851639333,0.06954873363637835,0.017500223958013175,0.023931447609105632,-0.008842597411095655,0.06593420006560005,-0.004171151372508933,0.04885055923769035,0.06478146701072567,-0.020014852391194528,0.03377296831627047,-0.004796170269943892,0.026165527919883254,0.011507982938620777,0.037912671923787264,-0.006019243486025976,0.005753656680898182,-0.004754766165922777,-0.017960523974459783,0.05833405826059477,0.001924787596650728,-0.041844517231732256,0.017188683346815576,0.009721542763793386,1.0,0.013987554212980875,0.0035695366379790957,0.07830630691710479,0.05195450236469614,0.03577479085351379,0.06331184370784299,0.025128003285535057,0.003015945178704492,-0.03307615115313385,-0.03443070377849231,0.02013100637280441,-0.007984612090700165,0.027625368291648716,0.05408238340916308,0.011785220691258933,0.012409836115110914,-0.018443788220511504,0.06196721200761596,0.005747128706029024,0.01674760460853072,-0.02233059023150641,0.05892161830213144,-0.008468615903392594,0.045339943821379694,0.05205887770874329,-0.029208628067152357,0.0265430446596287,-0.024528439927446796,0.01779831257042764,-0.0006212512684346554,0.031031872910232836,-0.013206482191512653,-0.0012632544738351427,-0.00683673253220739,-0.0232458429556017,0.04767852611167452,-0.0025061588714283723,-0.053313023427652956,0.014949803050987098,-0.0010644747725706834
3.4361718117738813,0.6116363373109024,0.885331347728965,0.0,81.0,121.0,102.0,69.0,98.0,20.0,57.0,26.0,20.0,12.0,1.0,134.0,93.0,129.0,117.0,113.0,125.0,35.0,121.0,109.0,110.0,111.0,94.0,0.2553542009884679,0.357495881383855,0.3871499176276771,0.29434546862896976,0.34779240898528274,0.3578621223857475,0.020104244229337303,0.0037230081906180195,0.008935219657483246,0.011913626209977662,0.011169024571854059,0.007446016381236039,0.0007446016381236039,0.008935219657483246,0.0037230081906180195,0.0029784065524944155,0.040208488458674606,0.00967982129560685,0.040208488458674606,0.004467609828741623,0.018615040953090096,0.029784065524944156,0.01340282948622487,0.0029784065524944155,0.011913626209977662,0.0029784065524944155,0.0022338049143708115,0.029039463886820552,0.0022338049143708115,0.04169769173492182,0.011913626209977662,0.014147431124348473,0.0379746835443038,0.0379746835443038,0.004467609828741623,0.0379746835443038,0.022338049143708117,0.00967982129560685,0.10573343261355175,0.0,0.05956813104988831,0.017870439314966492,0.04095309009679821,0.06180193596425912,0.06180193596425912,0.004467609828741623,0.04169769173492182,0.014147431124348473,0.01340282948622487,0.04318689501116903,0.0014892032762472078,0.011169024571854059,0.004467609828741623,0.004467609828741623,0.0052122114668652275,0.0029784065524944155,1.0,0.05437712371082528,-0.0006655436262490096,-0.007741612124746599,0.044852845777812324,0.060774703306888986,0.03434470341849478,0.04689150247494097,-0.0008945729962028998,-0.006434531713472778,0.013349575226745068,0.023992277177929087,0.004836735814977576,0.024436903978109832,-0.008763281369374081,-0.00882818404509311,-0.0012058902808941736,0.03414293433946805,-0.006677839740597842,0.024377017053375864,-0.0008073789969732019,0.007644600593285772,0.006482974299389335,-0.02504422470440185,-0.008517060635394917,-0.01750735735183075,-0.0063373952335117655,0.04225131498986458,-0.00502375593948662,0.06291690335919646,0.010692990513202747,0.005000338687578676,-0.01128598633243525,-0.029348051973752443,-0.018638261264949222,-0.04477017140401811,-0.007425934066242547,0.009758457688028233,0.014881656488607323,-0.030270429771041562,0.013591092946392274,1.0,0.05441764317707778,-0.0036385910095210854,-0.007546985595396707,0.04595823189846134,0.05628808938723649,0.028543943935602414,0.045274694008179156,-0.006353823875498161,-0.010430720879256993,0.009226870110077001,0.01551301859489721,-0.003153016178031945,0.02365607299639731,-0.012844264875132532,-0.009903005033952129,-0.0020188096641178973,0.030462297873534532,-0.014047664698331706,0.027388277882991804,-0.002948138250514497,0.006733136602733739,0.00462652481108421,-0.029749786627551657,-0.011932894836081403,-0.017125956220172475,-0.00873378396477194,0.04559690487175548,-0.007310498933864996,0.0699507116411988,0.008400633371775221,0.004889642171857885,-0.015150224424905184,-0.03552534269686193,-0.028908246744640303,-0.04863683077265492,-0.009064206393541227,0.013958666850491635,0.018503132487733023,-0.023776075628894295,0.024656363189407785
3.5215823474019685,0.6424685059630948,0.8793745346239762,0.0,109.0,123.0,117.0,105.0,79.0,31.0,18.0,3.0,1.0,1.0,0.0,134.0,110.0,126.0,123.0,119.0,126.0,105.0,121.0,112.0,111.0,112.0,111.0,0.16524701873935263,0.3850085178875639,0.4497444633730835,0.2702127659574468,0.32978723404255317,0.4,0.014147431124348473,0.00967982129560685,0.01712583767684289,0.008935219657483246,0.01563663440059568,0.014147431124348473,0.0014892032762472078,0.004467609828741623,0.0029784065524944155,0.0052122114668652275,0.044676098287416234,0.016381236038719285,0.034996276991809384,0.005956813104988831,0.012658227848101266,0.02531645569620253,0.014892032762472078,0.0029784065524944155,0.00967982129560685,0.0037230081906180195,0.0052122114668652275,0.02308265078183172,0.0037230081906180195,0.02531645569620253,0.01563663440059568,0.014892032762472078,0.03276247207743857,0.03201787043931496,0.005956813104988831,0.03052866716306776,0.024571854058078928,0.00967982129560685,0.10871183916604617,0.004467609828741623,0.045420699925539834,0.028294862248696945,0.03648548026805659,0.055100521221146684,0.07073715562174236,0.010424422933730455,0.02531645569620253,0.0193596425912137,0.005956813104988831,0.05137751303052867,0.0022338049143708115,0.018615040953090096,0.005956813104988831,0.008935219657483246,0.011913626209977662,0.0022338049143708115,1.0,0.027902770015480746,0.036625721422965885,0.044636410352828386,0.027339653953902903,0.052412964712320875,0.018493254428778277,0.012720079222071627,0.010862881625409953,-0.058033742057706034,-0.028581755422421667,-0.030019564245953215,0.018820888020588646,0.026344652207670585,-0.014691220708041736,-0.02530340692674948,-0.015386980659160695,-0.02144238089053683,-0.002138802017674419,-0.02166330016238952,-0.02267238730135151,-0.019573149580752233,-0.008637411258374163,-0.010402846409426321,-0.051898336768427714,0.03455428540924296,-0.0005618901170932961,-0.01665613924146797,0.0023540291167409386,0.005870622150241117,0.006327963250989863,0.018695105867523622,0.001597815287640005,-0.03562134905355051,-0.0007050959364131025,-0.06975407742950164,-0.001476137677711322,-0.029892668577625525,-0.02323208929444759,0.02758710940915542,-0.028424845083776587,1.0,0.027923561945447564,0.035928635068732756,0.04283429022468767,0.023907446364696276,0.04842232609589432,0.012565145687629063,0.006535359783119199,0.004603430935588297,-0.06363312772327007,-0.030947634968857697,-0.028082878209906206,0.025834703734237605,0.03241633936503789,-0.007665197864488318,-0.02267717700765998,-0.01249650118875065,-0.020093077717757066,-0.0041545892535009895,-0.02183910960575216,-0.02243062969406678,-0.013498319823858468,0.0028487653914122868,-0.0026812369475829076,-0.04977360394219246,0.03779687044735853,-0.00014700484947100862,-0.013688850670074318,0.002178133876315508,0.007815027809838039,0.0015179903799347311,0.016943676198739682,0.0008393712836978246,-0.04544574364024361,-0.001131125647300373,-0.07427820757799641,0.0037199625847036018,-0.026471999440964285,-0.017965719939237065,0.0359843533577808,-0.016430197516556944
3.512972494912936,0.6206278940517596,0.8883097542814594,6.0,110.0,123.0,118.0,80.0,101.0,25.0,45.0,6.0,8.0,12.0,1.0,134.0,113.0,126.0,120.0,113.0,130.0,107.0,126.0,113.0,115.0,123.0,109.0,0.23937007874015748,0.33385826771653543,0.4267716535433071,0.2729181245626312,0.32260321903428973,0.40447865640307906,0.018615040953090096,0.008935219657483246,0.012658227848101266,0.010424422933730455,0.01712583767684289,0.008935219657483246,0.0022338049143708115,0.006701414743112435,0.0022338049143708115,0.0037230081906180195,0.04095309009679821,0.008190618019359643,0.04318689501116903,0.0037230081906180195,0.01712583767684289,0.020104244229337303,0.01712583767684289,0.004467609828741623,0.00967982129560685,0.006701414743112435,0.008190618019359643,0.03201787043931496,0.0029784065524944155,0.03201787043931496,0.012658227848101266,0.012658227848101266,0.027550260610573342,0.0379746835443038,0.004467609828741623,0.03127326880119136,0.03425167535368578,0.012658227848101266,0.10945644080416977,0.0037230081906180195,0.05584512285927029,0.02680565897244974,0.03276247207743857,0.05584512285927029,0.06254653760238273,0.011913626209977662,0.028294862248696945,0.018615040953090096,0.006701414743112435,0.0379746835443038,0.0022338049143708115,0.012658227848101266,0.0037230081906180195,0.007446016381236039,0.008935219657483246,0.0029784065524944155,1.0,-0.004111428993446959,0.04496474553690246,-0.03170714522830952,0.009849184306687938,-0.005293089057656339,0.01976415097884948,0.013850516486746263,0.010000315397445184,0.015164440530220997,0.04792227495576717,-0.053413896849409365,-0.03825839344176818,-0.05215945464580431,0.02904162588386463,-0.010915413386452485,-0.008908328793378018,0.05674280599776156,-0.013741559680094325,0.0036938365722689976,0.03449400635956999,-0.006801688472461456,0.01610577524403711,0.013930595332051269,0.031912376266667944,-0.0009348552336662684,-0.0014954383021480873,0.02400917219196892,-0.00455431962225978,-0.011515955016643856,0.01435680408321568,0.007296049742640378,-0.07354543422019491,-0.01403009207117269,0.01049683804086147,-0.033148075301374,-0.04136642164532806,0.014022053698089927,0.015657272070430016,0.024756361770146104,0.015340157987197319,1.0,-0.004114492651415237,0.04501564007373196,-0.0314802962204576,0.007670944367893167,-0.0024340133298242613,0.018106112315435977,0.014958049712588602,0.008154822437114717,0.01533715560652734,0.0483127677560851,-0.05477685133338463,-0.04289186273545594,-0.04625248231224398,0.028396910710067218,-0.008563233629504811,-0.016870926956910167,0.06172054580386169,-0.011648810858147113,0.00027767119603411554,0.040872942458033336,-0.0021838683147787225,0.01706541763892437,0.014548773771875344,0.019990878992562994,-0.0008841786435283598,-0.006994911638412947,0.020988091171612676,-0.0013500933227488913,-0.014014522477338132,0.017407659647837245,0.006047688117406327,-0.07646396098016534,-0.011274948580086097,0.011533438288065278,-0.029821589496065462,-0.0421824407196857,0.013052640973709437,0.024898750340991215,0.025402116795300203,0.014382240563669874
3.4830353138486614,0.6333889978500051,0.8875651526433358,8.0,109.0,125.0,114.0,79.0,90.0,46.0,53.0,25.0,13.0,10.0,0.0,134.0,108.0,129.0,121.0,123.0,130.0,103.0,127.0,112.0,124.0,124.0,109.0,0.22470238095238096,0.34375,0.43154761904761907,0.2707756232686981,0.33240997229916897,0.39681440443213295,0.014147431124348473,0.0029784065524944155,0.014147431124348473,0.00967982129560685,0.016381236038719285,0.014147431124348473,0.0022338049143708115,0.0052122114668652275,0.004467609828741623,0.0014892032762472078,0.04765450483991065,0.011169024571854059,0.03723008190618019,0.0052122114668652275,0.018615040953090096,0.027550260610573342,0.017870439314966492,0.0029784065524944155,0.012658227848101266,0.0052122114668652275,0.0022338049143708115,0.026061057334326135,0.004467609828741623,0.03276247207743857,0.010424422933730455,0.008935219657483246,0.023827252419955324,0.045420699925539834,0.004467609828741623,0.0387192851824274,0.027550260610573342,0.00967982129560685,0.11169024571854058,0.0052122114668652275,0.05658972449739389,0.024571854058078928,0.035740878629932984,0.05956813104988831,0.05584512285927029,0.005956813104988831,0.02680565897244974,0.020104244229337303,0.0052122114668652275,0.039463886820551006,0.0022338049143708115,0.02084884586746091,0.0037230081906180195,0.010424422933730455,0.008935219657483246,0.0014892032762472078,1.0,0.025374495656429113,0.01682876588999608,-0.03343606809099277,0.011746805698921363,-0.023638608686877467,-0.02029676390943277,0.009320403250369749,0.0350277768561098,-0.03863599995009394,-0.03302978065736903,0.02819913199094555,0.022719541702577138,-0.01480988904596225,-0.03310931977895952,0.008379021883067854,0.00015899582482847198,-0.024593907250194842,-0.02479135682956297,-0.00010693115928584783,0.005622157892054467,-0.014232034712400175,-0.024257694166296785,0.024849243949330392,0.021350704712153067,-0.007898029190037247,0.015001946989788175,-0.008116015541602978,0.038764119571908916,-0.04876944227127731,-0.02593617596520327,-0.019924397568139445,-0.01781557108532044,0.031127061988288608,-0.02458634701372096,0.0022050022033293978,-0.0076903832275058166,-0.049558970940545455,-0.027177747101751373,-0.00629134540674361,0.018643485524229213,1.0,0.025393403626366835,0.016219498510102782,-0.034375031809274724,0.013250470854328426,-0.023272581956756584,-0.020803806042301618,0.012121928663770414,0.03371840611906408,-0.04203602286004287,-0.03179736486806207,0.03295405103897342,0.019042871078904584,-0.01664441382277505,-0.031253832172132574,0.007768426706199665,-0.0009273883765132656,-0.021640194096381658,-0.022588997526929992,-0.005396961059329058,0.004504906044640032,-0.010184870435079832,-0.023938438144571146,0.020241860568368096,0.019340112222617993,-0.006377103136930378,0.017038515931702677,-0.014092040924953449,0.037903323575272554,-0.04456903186473209,-0.025824078195007722,-0.020986126517110057,-0.021834007182204462,0.0403433752447014,-0.029731410008855763,-0.005717525045980031,-0.009069044967335481,-0.04753660869937151,-0.02284564399900643,-0.011073138309700437,0.0161938201704601
3.458886777252258,0.5963827596568525,0.8823529411764706,3.0,111.0,126.0,111.0,88.0,65.0,38.0,34.0,19.0,4.0,3.0,4.0,134.0,111.0,131.0,119.0,117.0,123.0,109.0,123.0,115.0,116.0,113.0,109.0,0.16831683168316833,0.36633663366336633,0.46534653465346537,0.2676056338028169,0.3288732394366197,0.4035211267605634,0.018615040953090096,0.0052122114668652275,0.011913626209977662,0.01563663440059568,0.01340282948622487,0.008190618019359643,0.0007446016381236039,0.005956813104988831,0.007446016381236039,0.0037230081906180195,0.0379746835443038,0.01563663440059568,0.034996276991809384,0.008935219657483246,0.02308265078183172,0.02308265078183172,0.01712583767684289,0.0007446016381236039,0.0052122114668652275,0.0029784065524944155,0.0052122114668652275,0.02084884586746091,0.0014892032762472078,0.023827252419955324,0.010424422933730455,0.008935219657483246,0.02084884586746091,0.04169769173492182,0.0037230081906180195,0.03648548026805659,0.0387192851824274,0.00967982129560685,0.09828741623231571,0.0022338049143708115,0.06254653760238273,0.023827252419955324,0.040208488458674606,0.06031273268801191,0.07371556217423679,0.0052122114668652275,0.034996276991809384,0.0193596425912137,0.005956813104988831,0.04988830975428146,0.0029784065524944155,0.020104244229337303,0.0029784065524944155,0.007446016381236039,0.006701414743112435,0.0007446016381236039,1.0,0.025921258510066943,-0.004505676392282967,0.02122694358071986,0.020913199377660827,0.04017571717868236,0.047355145600396886,-0.021752503487009356,-0.02064266988265833,-0.004117284084798145,0.005301545180174972,0.02256637912976295,0.011379324192951666,0.0637336231063035,0.029067607016089698,0.008073251435345617,0.011638720525938749,-0.02117589993917609,0.05082821250832837,-0.0343819868838203,-0.03810179053265596,0.024303438320154386,-0.03370885030347659,0.01836569000418085,-0.025638471881967363,0.0032854522231064317,0.020072273389629722,0.015280379968454529,0.0011371410449833657,0.03331958254773319,-0.05006348883436074,-0.0081070917317669,0.02646546480134243,-0.009867674202336042,-0.0044833727713582275,-0.013405538502535785,0.03214510556787504,-0.0010747128081045464,-0.012593065340756805,-0.0037850276818384453,-0.0199165242427469,1.0,0.02594057390388964,-0.0051888012558140096,0.02154180395264627,0.01985690910783366,0.03954679242781161,0.0454451361330651,-0.024639115292759,-0.02126984778312644,-0.006991628791344772,0.002923391017515425,0.02078599262278213,0.011314450236268488,0.06837976260269311,0.027518261523313728,0.0056001496006550045,0.005756054035917211,-0.029135442231997915,0.046657993664226786,-0.04563293897437276,-0.03519681461283248,0.028432811966161552,-0.03397236492262956,0.023529792452850373,-0.033254918217954586,0.011099998475892124,0.017283465482328453,0.007572257892267539,0.00213614809469719,0.02949981079703696,-0.049216054685749674,-0.011891481497553332,0.024468594885380224,-0.0035658182463420276,-0.00465398146936338,-0.005372863962932421,0.03657465971087455,-0.000700170199474653,-0.013043515761434324,-0.013874941326119876,-0.018594886396151103
3.454471821032323,0.6145128578683059,0.8845867460908414,8.0,105.0,125.0,115.0,66.0,69.0,33.0,20.0,41.0,18.0,1.0,1.0,134.0,106.0,131.0,125.0,122.0,128.0,103.0,128.0,107.0,107.0,112.0,105.0,0.1611295681063123,0.39867109634551495,0.44019933554817275,0.27698863636363635,0.3274147727272727,0.3955965909090909,0.014892032762472078,0.0037230081906180195,0.012658227848101266,0.010424422933730455,0.017870439314966492,0.021593447505584513,0.0,0.006701414743112435,0.007446016381236039,0.0022338049143708115,0.040208488458674606,0.008190618019359643,0.039463886820551006,0.0037230081906180195,0.01340282948622487,0.029039463886820552,0.01340282948622487,0.0014892032762472078,0.007446016381236039,0.006701414743112435,0.0022338049143708115,0.02308265078183172,0.0014892032762472078,0.02531645569620253,0.011913626209977662,0.011169024571854059,0.014892032762472078,0.03350707371556218,0.0037230081906180195,0.039463886820551006,0.023827252419955324,0.01340282948622487,0.10498883097542815,0.0029784065524944155,0.06478034251675353,0.029039463886820552,0.03052866716306776,0.06478034251675353,0.06775874906924795,0.007446016381236039,0.04318689501116903,0.018615040953090096,0.00967982129560685,0.04690990320178704,0.0014892032762472078,0.02084884586746091,0.0029784065524944155,0.008190618019359643,0.00967982129560685,0.0014892032762472078,1.0,-0.003624024164515199,0.02302676172149723,0.03713149536344874,0.005931352754243502,0.033549540511583494,0.0935420443253655,0.02035517755140317,0.06368729647107459,0.03661908022051321,0.00618520412491053,0.018127059412408844,0.02157414900616784,0.00887835550122273,0.016131781072294734,-0.009118289112640437,-0.01799642580653954,0.02178723309352963,-0.02701069325411804,0.027746593768219013,-0.02894603773325232,0.03362918513184086,-0.029855949575321613,0.06383097085783582,0.030447517820929634,0.04677628070806183,0.024432544667514513,0.04746435037053221,0.0051481248160665785,0.06702365075444136,-0.000613786032545426,0.02361727767390428,0.002653075831914029,-0.016035685884118096,-0.03836549703224297,0.04432065161486417,-0.012875838549927817,-0.03035436843889363,0.0038551871664125447,0.020535649237430356,-0.07069847426154321,1.0,-0.0036267246296154344,0.023048254418897296,0.037400283378105734,0.005725194325358057,0.03206569141505444,0.09288794802991687,0.019953245794622716,0.05862434511849366,0.03082063025739995,0.0014637830669759577,0.007178751293707809,0.00962637628507911,0.0008765790115475915,0.0013492431936019207,-0.01934956118199714,-0.02620520586866422,0.014092065237265564,-0.03131116386187894,0.024795468626679147,-0.03317563263594287,0.036887179898046,-0.02893887832426572,0.06695193810641721,0.038068022686740775,0.047485073495312315,0.027359721174654846,0.04398307331247618,0.006231081855060987,0.054076329876211825,-0.011840378475449467,0.0048353744652421165,-0.018550887731939216,-0.037045643503205446,-0.058473207635629715,0.024138097544563517,-0.023729560874868223,-0.04240598955453989,-0.007591004821308428,0.03615938487997823,-0.07184557472186909
3.516366025274598,0.6370850261687283,0.8823529411764706,0.0,112.0,125.0,104.0,79.0,103.0,44.0,41.0,12.0,5.0,4.0,0.0,133.0,113.0,127.0,122.0,123.0,127.0,109.0,125.0,113.0,118.0,117.0,110.0,0.2289348171701113,0.3179650238473768,0.45310015898251194,0.26791927627000695,0.3312456506610995,0.40083507306889354,0.014892032762472078,0.0037230081906180195,0.011913626209977662,0.01712583767684289,0.014147431124348473,0.008935219657483246,0.0014892032762472078,0.005956813104988831,0.0022338049143708115,0.0052122114668652275,0.03276247207743857,0.014147431124348473,0.035740878629932984,0.010424422933730455,0.021593447505584513,0.024571854058078928,0.021593447505584513,0.0037230081906180195,0.007446016381236039,0.008190618019359643,0.0037230081906180195,0.01563663440059568,0.007446016381236039,0.02531645569620253,0.014892032762472078,0.014147431124348473,0.023827252419955324,0.03201787043931496,0.004467609828741623,0.03350707371556218,0.022338049143708117,0.00967982129560685,0.10573343261355175,0.0022338049143708115,0.06105733432613552,0.02531645569620253,0.03425167535368578,0.06626954579300075,0.06626954579300075,0.010424422933730455,0.03648548026805659,0.02531645569620253,0.005956813104988831,0.04393149664929263,0.0052122114668652275,0.01563663440059568,0.004467609828741623,0.008190618019359643,0.007446016381236039,0.0029784065524944155,1.0,0.02367063957115278,-0.004945053847028804,0.042842740502516886,0.007273398827389164,0.006336295127351259,0.018446787742495505,0.021100410217497537,0.06368085383016409,-0.029547933334518335,-0.005941589734905805,-0.0011546235651114967,0.0108153095974549,0.027809495792907025,0.0008271643490563115,0.0035389906339637093,0.0275155452769265,0.04431287678183619,-0.023214069848899503,-0.0637965184967789,0.04481524966127219,-0.03641133780248619,0.002118325239679672,0.001722965867882028,0.012670988539064502,-0.02280703178584182,-0.027072782669445003,-0.001846834082050591,-0.025887885157147347,-0.03244989238269079,0.04783754746106835,-0.00805334601728854,-0.005479492688264854,-0.017025098837498316,-0.05839718324471384,-0.01746651837878384,-0.012354417054307305,-0.021183209217310598,0.021767112583759737,-0.04886585013079569,-0.021155707359025788,1.0,0.023688277901682698,-0.005516659118309852,0.04321286154888452,0.005218906853855753,0.006571815013947992,0.016486915658154255,0.019980116802688047,0.06293201269535528,-0.034172256039719046,-0.005630115606328985,-0.0071950605739976355,0.0126074744214915,0.027195261358307125,-0.00230873215879827,0.0017342621311424757,0.022852722985007238,0.04835209964165675,-0.026578640545288704,-0.06729306392718609,0.04185774799320366,-0.041720737512568,0.011420058728719217,-0.004765152372104182,0.012733112806338655,-0.026081508725165407,-0.019487510568635544,0.005609714337938567,-0.03544686408792117,-0.025468313977729962,0.045762313637047844,-0.005098975002288796,-0.00020141499140840635,-0.02077749567596372,-0.05535692244767264,-0.010800611954931679,-0.004778369511714867,-0.022152090002715546,0.020262812503138234,-0.042447715675346165,-0.02089659183505296
3.5650230769475244,0.6586698295294346,0.885331347728965,4.0,112.0,121.0,120.0,94.0,70.0,30.0,50.0,14.0,16.0,2.0,20.0,134.0,113.0,129.0,123.0,116.0,130.0,110.0,126.0,113.0,119.0,115.0,109.0,0.18989280245022971,0.37366003062787134,0.43644716692189894,0.27139874739039666,0.3277661795407098,0.40083507306889354,0.01563663440059568,0.006701414743112435,0.016381236038719285,0.01340282948622487,0.01340282948622487,0.011169024571854059,0.0014892032762472078,0.0052122114668652275,0.0052122114668652275,0.0007446016381236039,0.045420699925539834,0.011913626209977662,0.02680565897244974,0.007446016381236039,0.020104244229337303,0.022338049143708117,0.018615040953090096,0.0022338049143708115,0.00967982129560685,0.008190618019359643,0.006701414743112435,0.022338049143708117,0.0052122114668652275,0.02084884586746091,0.01563663440059568,0.01563663440059568,0.027550260610573342,0.044676098287416234,0.008935219657483246,0.029039463886820552,0.026061057334326135,0.01712583767684289,0.08711839166046165,0.0052122114668652275,0.058078927773641105,0.02084884586746091,0.04095309009679821,0.05658972449739389,0.06329113924050633,0.005956813104988831,0.03052866716306776,0.02680565897244974,0.010424422933730455,0.044676098287416234,0.0029784065524944155,0.01340282948622487,0.006701414743112435,0.011913626209977662,0.010424422933730455,0.0022338049143708115,1.0,0.03711310414232078,0.04093298584453202,-0.01945783206571129,-0.027620949091758915,-0.010486388277716608,-0.06544830122839722,-0.005257599433960082,0.013260156633083123,0.050711810048618126,0.02393862981885887,0.032847237159777165,0.03647476132038942,-0.044745249368746395,-0.009196472446134642,-0.06297605850088672,-0.050754726496119264,0.015296768383425712,0.019067602637500968,0.011206178524102129,0.04566408405739532,0.02140388897488632,0.005329539849585308,0.06782222353104034,0.013683979315533999,-0.00576653223264885,-0.0005067433274108599,-0.03356732424785855,-0.03297160824092579,-0.010809718262685524,0.07243841567675716,-0.00835106873650834,-0.0043031502232083576,-0.02361827245787508,-0.003311743232809098,0.0037658557303020357,-0.03437323248632532,-0.028917000490463828,-0.04014045299390478,-0.04968463756908496,0.0013133911816252191,1.0,0.03714075921247154,0.03966931958716239,-0.022503299515240636,-0.027910260309179466,-0.006830474006441427,-0.06351474638489513,-0.0011222269734969214,0.017907842264286156,0.04751215750965973,0.016000200323256275,0.0275120904492741,0.03200343858541293,-0.047564328448066365,-0.004428083492620315,-0.050931532025508014,-0.045007055113953726,0.02399077249434811,0.0211671080662842,-0.0038461094763889924,0.038406779018695006,0.010369550462652859,-0.0020810773744235154,0.07468568774405333,0.022929202200075667,-0.002380765733999508,0.007504253067631974,-0.02570904991791746,-0.03792867966443723,-0.009940436071851569,0.0750858469170987,-0.02478712920100439,-0.020980651831778396,-0.019878121630042135,-0.005010840153360513,0.0026836689386491165,-0.013373083328901723,-0.02593880862506298,-0.03425968114937481,-0.04522984035501753,0.0004481561506453672
3.498008464405417,0.6372419707470051,0.885331347728965,9.0,110.0,125.0,110.0,90.0,88.0,22.0,55.0,9.0,9.0,23.0,0.0,134.0,114.0,129.0,124.0,125.0,130.0,69.0,129.0,115.0,114.0,114.0,100.0,0.23384615384615384,0.3353846153846154,0.4307692307692308,0.28131710808876165,0.34216177523264135,0.376521116678597,0.014147431124348473,0.011169024571854059,0.008190618019359643,0.011913626209977662,0.01340282948622487,0.010424422933730455,0.0014892032762472078,0.011913626209977662,0.0029784065524944155,0.0022338049143708115,0.04393149664929263,0.007446016381236039,0.03052866716306776,0.010424422933730455,0.024571854058078928,0.029784065524944156,0.016381236038719285,0.004467609828741623,0.008935219657483246,0.0052122114668652275,0.0037230081906180195,0.028294862248696945,0.0022338049143708115,0.024571854058078928,0.01340282948622487,0.017870439314966492,0.0379746835443038,0.04765450483991065,0.0029784065524944155,0.03425167535368578,0.022338049143708117,0.007446016381236039,0.10424422933730454,0.0052122114668652275,0.06105733432613552,0.022338049143708117,0.040208488458674606,0.04988830975428146,0.0573343261355175,0.008935219657483246,0.03425167535368578,0.020104244229337303,0.007446016381236039,0.04318689501116903,0.0037230081906180195,0.01340282948622487,0.0,0.008935219657483246,0.0037230081906180195,0.0037230081906180195,1.0,-0.04491875239010477,0.05911288505844467,0.01073270282683008,0.029835966516573414,0.016521374767527897,0.010193823261897992,-0.024866583118130562,-0.010082726799097722,0.010762933295985842,0.013577239305386377,-0.01509523134213923,0.01699103870240092,-0.005983304385539259,0.016826486502099298,-0.011169599460448145,0.04183337022881071,0.025519523510073323,-0.008758823985122765,0.024657673151313893,0.002393548604109071,0.011805821237769283,0.004402434873730314,0.027672064336269772,-0.08903941005563859,0.004509816542275087,-0.03389668899511248,-0.021667562349452198,-0.015104248157836734,-0.014826151244633112,-0.023525166753087506,-0.013458388241917411,-0.0024692283880132404,0.025835576870303988,-0.0022906562381348043,-0.01260802430659802,-0.019673625529292933,-0.05430420673155839,-0.009477518449118537,0.011071469670422605,-0.009991307733391313,1.0,-0.044952223889650304,0.057296123435649014,0.01592541622561159,0.027829113480577428,0.017633876645114465,0.00827625395883298,-0.027124958721670932,-0.014914911331457866,0.011524240110150128,0.01611363501425209,-0.013737667683978869,0.015564634868885527,-0.0031192671433302355,0.013484805256690071,-0.010558204239471904,0.039902358866186205,0.031523423955917666,-0.012408987580076969,0.02010827624897615,0.0029485334924718534,0.007714674399055036,0.0025135113281565882,0.02841721906724542,-0.0886653135290515,-0.007656137349993063,-0.028105246302029284,-0.022595849324254076,-0.010543322170971153,-0.010712762299264397,-0.019083385456811222,-0.016963157628478265,-0.002459379616867809,0.027198514366194672,0.0047325128033006685,-0.019464271026250975,-0.019737391162872833,-0.06185969988880625,-0.01246092837631229,0.01445182105356795,0.004216932684491917
3.5105017813912083,0.6289856815764483,0.8845867460908414,2.0,111.0,123.0,112.0,90.0,83.0,28.0,16.0,7.0,2.0,4.0,1.0,134.0,111.0,126.0,121.0,112.0,128.0,111.0,122.0,111.0,111.0,117.0,108.0,0.17443868739205526,0.3644214162348877,0.46113989637305697,0.2719546742209632,0.32223796033994334,0.40580736543909346,0.017870439314966492,0.007446016381236039,0.017870439314966492,0.010424422933730455,0.020104244229337303,0.016381236038719285,0.0007446016381236039,0.004467609828741623,0.0037230081906180195,0.0014892032762472078,0.04318689501116903,0.014892032762472078,0.03052866716306776,0.005956813104988831,0.023827252419955324,0.02084884586746091,0.016381236038719285,0.0007446016381236039,0.005956813104988831,0.0022338049143708115,0.0052122114668652275,0.023827252419955324,0.004467609828741623,0.026061057334326135,0.01563663440059568,0.00967982129560685,0.021593447505584513,0.034996276991809384,0.005956813104988831,0.03201787043931496,0.01712583767684289,0.012658227848101266,0.09381980640357408,0.0037230081906180195,0.05286671630677588,0.029039463886820552,0.03648548026805659,0.055100521221146684,0.07148175725986597,0.006701414743112435,0.0379746835443038,0.023827252419955324,0.008935219657483246,0.05361131794489948,0.005956813104988831,0.023827252419955324,0.0037230081906180195,0.008190618019359643,0.010424422933730455,0.0,1.0,0.04106768902036671,0.02255876248542779,0.00648833189057446,0.021953607563646234,0.01925071148639205,0.05176097198932283,-0.011509709826778658,-0.008287377732366557,0.03513780316232682,0.03830869079417721,0.014422462653706378,-0.0222718515723519,0.004590418692206712,0.025063034317563494,0.023697683123910542,0.047189882834646625,0.03254070893906463,0.002646607753866435,-0.006480249485384213,0.0539689980353789,0.012240895937635547,-0.01287369793569631,0.001982685011975157,0.003916657441337494,-0.028345875262118687,0.011648739711394643,-0.02033702585067581,-0.04804997041013645,-0.04232529017840167,0.019284219822054867,-0.02787581245710361,-0.018143133064124992,-0.019087039141456194,-0.002696189362166692,0.03339109513172915,-0.04115839022083635,-0.04260681807894569,-0.008270609266559564,0.01115173089761586,-0.05210249548769816,1.0,0.041098290875076396,0.02093870458691095,0.004743333419784129,0.021139922674056,0.017397314845914454,0.04972518054384024,-0.016640940620886127,-0.01000477278640491,0.03566118768861415,0.03412772417869577,0.009165326887841732,-0.027180409230961048,0.006206027846597478,0.024381849857782866,0.01671011301026586,0.04319475512947305,0.02987277452925189,-0.0003579380752434568,-0.013469929118799812,0.048638156630536604,0.006506550024335237,-0.019211930220356166,3.600769752204197e-05,0.0012404365374306385,-0.03423740647003971,0.004504613940442899,-0.02175469946769695,-0.043983176751498265,-0.04180274565856407,0.01867895462253444,-0.029075408597421536,-0.017063633261055356,-0.015443008886132608,0.0019827090251119304,0.03854731593148727,-0.0505913896402473,-0.040124689026778855,0.005841119596053525,0.018062879338709106,-0.05934700282670057
3.45893732128014,0.6097760860306312,0.8823529411764706,1.0,111.0,127.0,124.0,94.0,85.0,40.0,38.0,11.0,42.0,3.0,3.0,134.0,112.0,131.0,127.0,119.0,130.0,105.0,129.0,121.0,113.0,125.0,109.0,0.18262150220913106,0.39911634756995584,0.4182621502209131,0.27010309278350514,0.32989690721649484,0.4,0.01563663440059568,0.006701414743112435,0.01712583767684289,0.011169024571854059,0.016381236038719285,0.008935219657483246,0.0007446016381236039,0.005956813104988831,0.0029784065524944155,0.0037230081906180195,0.039463886820551006,0.010424422933730455,0.03127326880119136,0.004467609828741623,0.016381236038719285,0.03127326880119136,0.01563663440059568,0.0037230081906180195,0.007446016381236039,0.0022338049143708115,0.0029784065524944155,0.022338049143708117,0.0022338049143708115,0.026061057334326135,0.011169024571854059,0.00967982129560685,0.03425167535368578,0.029784065524944156,0.0022338049143708115,0.04095309009679821,0.02531645569620253,0.011169024571854059,0.10424422933730454,0.0022338049143708115,0.054355919583023084,0.022338049143708117,0.039463886820551006,0.0573343261355175,0.0766939687267312,0.00967982129560685,0.039463886820551006,0.017870439314966492,0.008935219657483246,0.05137751303052867,0.0007446016381236039,0.02308265078183172,0.0029784065524944155,0.00967982129560685,0.008190618019359643,0.0014892032762472078,1.0,0.013573612920725966,0.01333774189986724,-0.0287408608412322,0.02689520809541571,-0.021930102318406166,0.0027983338770365693,0.037646160535636616,-0.04721535996969717,-0.01883791918350105,-0.023530802686183815,0.03727659668234197,0.0012596054771817225,-0.052029162441783,0.018259015350038234,0.03451661811825091,0.005199265933329219,0.02140997302978573,0.028967214839710462,-0.03337762206215515,0.0005071910612517173,0.025003573610527328,0.02012644177346704,-0.044586033049243246,0.021949757325205706,-0.011340142007015053,0.007375555672907485,0.010019256054001625,-0.019989327118682846,0.04124003189315287,0.010851296729580141,0.036222884217772866,0.023960468457244342,0.01431519444023774,-0.01033686453704181,0.024710373111443786,0.011452554665679382,-0.04915758378030646,-0.0490865183944757,-0.0022179060614666815,0.009472993566595816,1.0,0.013583727386389686,0.01317554760374979,-0.029173681434471355,0.027621211283598002,-0.02204964254299317,0.0018952557295376826,0.04003519804247608,-0.05098045565143467,-0.017153797572212783,-0.020227031724254024,0.03393533191991833,0.004248330751972969,-0.056802587746375505,0.0216946451118203,0.03725660006691902,0.0008790253578574995,0.024866423418804136,0.021789914853860344,-0.03378122078086994,0.009102579698440595,0.02161277738725348,0.0134267854564359,-0.04305433476428087,0.027596799638801083,-0.009687637767143518,0.00473854536930926,0.015253415914825203,-0.025219545925213072,0.042249682718106606,0.019697583114297774,0.031240720208788705,0.022291709842940925,0.005584741099526928,-0.0005349142820696281,0.026944388906150134,0.0014069424252518765,-0.045877278430137045,-0.051665058919685994,0.003185533949923041,0.01485852216734282
3.4999065879621014,0.6497584798649538,0.8823529411764706,5.0,97.0,122.0,104.0,71.0,82.0,15.0,32.0,11.0,12.0,17.0,3.0,134.0,105.0,124.0,121.0,109.0,128.0,75.0,119.0,112.0,111.0,117.0,92.0,0.2084063047285464,0.3467600700525394,0.4448336252189142,0.2828507795100223,0.3363028953229399,0.38084632516703787,0.012658227848101266,0.006701414743112435,0.014147431124348473,0.012658227848101266,0.016381236038719285,0.011169024571854059,0.0007446016381236039,0.006701414743112435,0.004467609828741623,0.005956813104988831,0.03350707371556218,0.010424422933730455,0.03648548026805659,0.0037230081906180195,0.017870439314966492,0.02680565897244974,0.021593447505584513,0.004467609828741623,0.007446016381236039,0.0022338049143708115,0.0014892032762472078,0.026061057334326135,0.005956813104988831,0.027550260610573342,0.010424422933730455,0.011913626209977662,0.035740878629932984,0.04393149664929263,0.0052122114668652275,0.034996276991809384,0.021593447505584513,0.00967982129560685,0.0967982129560685,0.0029784065524944155,0.04839910647803425,0.028294862248696945,0.04095309009679821,0.06031273268801191,0.06180193596425912,0.011913626209977662,0.04690990320178704,0.017870439314966492,0.0037230081906180195,0.04690990320178704,0.0037230081906180195,0.018615040953090096,0.0029784065524944155,0.008935219657483246,0.007446016381236039,0.0007446016381236039,1.0,-0.027166479647149792,-0.03840872204836595,-0.024208938146271498,0.0423015803605676,0.011116464813975543,-0.000689007234126579,-0.03540089583784843,-0.008626858291730828,-0.01630019849674905,0.0036806343704846828,0.03105300457308717,0.01073281557515953,-0.03523574928718546,0.0030597095672923913,0.04812334558528086,0.04769363470606678,-0.015546046941193622,-0.0121963818970728,0.01839175993696325,-0.012423728380743555,-0.0014155330814244523,0.011893243635635788,0.011209990206817295,-0.011674115733489629,-0.029052180575127817,0.0041302981481939425,-0.00791109585034551,-0.0253274973179861,0.01493668731296613,-0.024152440028875902,0.0008340064639931294,0.02375434097240848,0.03956756434194395,-0.019333915349456943,-0.03698506569871613,-0.02636547861877578,0.041802908569298164,-0.039717466053565326,0.011093525445062414,0.015058394454804391,1.0,-0.02718672292557539,-0.039234122295799485,-0.026476874465852562,0.03957726445961558,0.011579315775439074,0.002502911858451404,-0.032793967230944666,-0.011771549349821078,-0.020584094993254122,8.370472618961557e-05,0.03255715301553908,0.01369613954230957,-0.030843237439485763,0.0025217496585571947,0.043840791844304346,0.047115279914835204,-0.007185541406620987,-0.0052453957936895,0.017241072816041383,-0.018677790828095207,-0.0016514859385957236,0.014132798823465537,0.014111147883894282,-0.006081590342481732,-0.027631163309003896,-0.0020628296515138598,-0.016573805116234557,-0.024961158019248773,0.0194879509149414,-0.028780152152000273,-0.004292149936692052,0.024192308722438178,0.039823865784927304,-0.017832396512173457,-0.03660333461084988,-0.026382029714776312,0.031571437489574326,-0.046274299953039985,0.01744834328056834,0.024793615819002086
3.47966562400561,0.605934085389569,0.8808637379002234,2.0,119.0,124.0,120.0,93.0,87.0,28.0,65.0,14.0,17.0,16.0,1.0,134.0,120.0,128.0,127.0,121.0,130.0,113.0,125.0,121.0,121.0,127.0,113.0,0.22448979591836735,0.3556851311953353,0.4198250728862974,0.2628378378378378,0.3310810810810811,0.4060810810810811,0.017870439314966492,0.008935219657483246,0.020104244229337303,0.011913626209977662,0.014892032762472078,0.008935219657483246,0.0022338049143708115,0.005956813104988831,0.0037230081906180195,0.0037230081906180195,0.039463886820551006,0.011913626209977662,0.023827252419955324,0.006701414743112435,0.02084884586746091,0.02531645569620253,0.016381236038719285,0.0014892032762472078,0.006701414743112435,0.0029784065524944155,0.0037230081906180195,0.024571854058078928,0.0022338049143708115,0.023827252419955324,0.011169024571854059,0.011169024571854059,0.02531645569620253,0.045420699925539834,0.005956813104988831,0.03425167535368578,0.028294862248696945,0.012658227848101266,0.09456440804169769,0.0007446016381236039,0.06626954579300075,0.029039463886820552,0.04169769173492182,0.06329113924050633,0.06775874906924795,0.007446016381236039,0.03723008190618019,0.01712583767684289,0.004467609828741623,0.044676098287416234,0.0014892032762472078,0.02084884586746091,0.0029784065524944155,0.008935219657483246,0.007446016381236039,0.0014892032762472078,1.0,-0.01795150420326631,0.030653046057853572,0.0028983071965878846,-0.012981740531967554,0.0033514740756241798,0.0005520358865517371,-0.006021370864964869,-0.04542539674003232,-0.024226172082126893,-0.00747618904844698,0.01338688654248559,0.013426451025093896,-0.03756668772584106,0.0033373773926995607,0.015067901583412709,0.01479370599777926,0.010325016243837009,-0.058314511431538825,0.03858073270595701,0.001322379458487888,0.030673798271751707,-0.01389799430288498,-0.07673473263495723,-0.009897332650580593,-0.048869899171064775,-0.01729114536849954,0.007654414209424675,-0.017379960561445862,0.017668095414134093,-0.0034029169323423264,0.02860541763491793,-0.059206035440243034,0.007802153254808716,-0.008600918788466045,-0.028927976945370266,-0.007460970262276322,-0.015061873827316328,0.015378638213661172,0.0009659232677455259,0.0026218721215550624,1.0,-0.017964880883000495,0.03038583244152377,0.003990386620976318,-0.013850298651464412,0.002686686164336527,0.0014786388527049776,-0.006124941612811825,-0.04624231826455054,-0.02564497431414669,-0.005560209958025537,0.014982622349401937,0.013488723074247713,-0.038822117613017716,0.0010818337589748855,0.017689004834460294,0.013717303617231115,0.006371948893327339,-0.0611401422957368,0.038411715376599764,0.008470352540640349,0.02715825056399841,-0.017550230503176906,-0.07961097692066559,-0.008362601341346384,-0.04272535067377942,-0.025077174452232353,0.007437755879164077,-0.014047014598735945,0.023408750376300237,-0.0023937625108358877,0.015108625517179099,-0.06568829156404105,2.1858105051140028e-05,-0.003405847385404652,-0.03067206050150243,-0.020762326851294262,-0.00863204289325002,0.016912077218808608,0.008319659002291088,-0.00444722308772973
3.4656213523020654,0.6418241182599522,0.8838421444527178,2.0,115.0,127.0,111.0,69.0,96.0,35.0,36.0,7.0,9.0,17.0,3.0,134.0,117.0,131.0,127.0,126.0,130.0,111.0,129.0,123.0,126.0,126.0,123.0,0.21371610845295055,0.31259968102073366,0.47368421052631576,0.26147704590818366,0.33399866932801064,0.4045242847638057,0.01712583767684289,0.005956813104988831,0.010424422933730455,0.018615040953090096,0.011169024571854059,0.00967982129560685,0.0014892032762472078,0.0037230081906180195,0.007446016381236039,0.0,0.04690990320178704,0.004467609828741623,0.021593447505584513,0.007446016381236039,0.021593447505584513,0.02680565897244974,0.0193596425912137,0.0029784065524944155,0.006701414743112435,0.0022338049143708115,0.0014892032762472078,0.028294862248696945,0.0037230081906180195,0.02531645569620253,0.018615040953090096,0.012658227848101266,0.023827252419955324,0.040208488458674606,0.0052122114668652275,0.03052866716306776,0.03201787043931496,0.016381236038719285,0.11988086373790022,0.0052122114668652275,0.049143708116157855,0.026061057334326135,0.03723008190618019,0.05956813104988831,0.06924795234549516,0.010424422933730455,0.03276247207743857,0.012658227848101266,0.0052122114668652275,0.04393149664929263,0.0037230081906180195,0.014147431124348473,0.0037230081906180195,0.011913626209977662,0.008935219657483246,0.0022338049143708115,1.0,-0.023667116595946325,-0.04945376012745584,-0.014730665921196356,-0.009247142015270453,-0.005430362840648578,0.025813066443671113,-0.029820210077767084,0.010742098125869782,0.021231869227998496,-0.031009992575431536,-0.018278586746430736,-0.05588134976160725,-0.030152980411073622,-0.0239450337906357,-0.044363162396789925,0.05774071160592214,-0.014199958662226685,0.003943202468497751,0.04596819226997121,0.044222502745871556,-0.012482926533484644,0.03575310003097122,0.005595789908926336,-0.028456433051581225,-0.0018051116942387705,0.02405445385002432,-0.004745546275783838,-0.006509387550548445,-0.05557168335469536,-0.009020074111088438,0.00910227952629266,0.0026476012114188914,-0.019881113121163207,0.06823846551566075,-0.010576898457354461,0.005264378916254216,-0.02808279133972453,0.014090218534804156,-0.010718832963352133,0.0023342559611111828,1.0,-0.023684752301308423,-0.05011659794134925,-0.017235414274243768,-0.012608773177832157,-0.007642283470741214,0.02431779265540995,-0.029812540792686082,0.011564124157479311,0.019688225508413298,-0.029739412118422123,-0.01788545793807716,-0.0608728251695218,-0.03460667267383102,-0.03468644706392772,-0.05376971727024811,0.05328115305277632,-0.020721719567454694,0.008525806332978215,0.046569367813824133,0.04910770012306584,-0.0015017188384421675,0.035227318967347265,0.011781265038491057,-0.03158361531184589,-0.013753266168320722,0.019751895624449785,-0.010467536812711896,-0.008759097090908271,-0.05672932544352091,-0.005967065970853919,0.011927317084048445,0.005490051995374699,-0.00748925199689062,0.08000860601028337,-0.004973330339127351,0.00672612931885841,-0.02336423678878196,0.011125471997217065,-0.02385108259217235,-0.006740035063176056
3.503935284702513,0.6170102299965639,0.8786299329858526,3.0,120.0,124.0,118.0,95.0,92.0,51.0,48.0,30.0,13.0,0.0,2.0,133.0,121.0,127.0,120.0,121.0,129.0,109.0,128.0,120.0,119.0,117.0,121.0,0.20545977011494254,0.367816091954023,0.4267241379310345,0.26621160409556316,0.32764505119453924,0.4061433447098976,0.018615040953090096,0.010424422933730455,0.010424422933730455,0.01340282948622487,0.01340282948622487,0.012658227848101266,0.0,0.007446016381236039,0.0029784065524944155,0.0037230081906180195,0.03648548026805659,0.011913626209977662,0.028294862248696945,0.0052122114668652275,0.01712583767684289,0.027550260610573342,0.017870439314966492,0.0052122114668652275,0.0052122114668652275,0.0052122114668652275,0.0037230081906180195,0.021593447505584513,0.005956813104988831,0.021593447505584513,0.012658227848101266,0.011913626209977662,0.024571854058078928,0.04765450483991065,0.005956813104988831,0.02680565897244974,0.03276247207743857,0.014147431124348473,0.10722263588979895,0.0007446016381236039,0.054355919583023084,0.027550260610573342,0.027550260610573342,0.05658972449739389,0.07446016381236038,0.01340282948622487,0.028294862248696945,0.020104244229337303,0.008935219657483246,0.04765450483991065,0.0037230081906180195,0.021593447505584513,0.0022338049143708115,0.014147431124348473,0.008190618019359643,0.0007446016381236039,1.0,0.04460402659960623,-0.0009920965025577361,-0.03737339739763885,0.019531400379017218,0.0121457217509668,-0.010763584912159932,-0.02636793232080363,-0.03943029125181968,0.007862014966411823,0.0650957987091363,0.03440280512653649,-0.021566854220201458,-0.030046461021855313,-0.01683797336098772,-0.02845500144485209,0.0033309563457304212,-0.029606595368820973,0.029281370347901663,0.01454541632986982,0.05230767489005607,0.021266008090780445,-0.044182053775887464,0.009024014084393852,0.0023252140054233015,0.03505038207748127,-0.020930880440721094,-0.015299418693442215,-0.06309042738818654,0.005668738298075825,0.053909015281631126,-0.047349160201301296,0.009810698764622882,-0.022624975557381515,-0.007403736934799079,0.01317917406200462,-0.01604847960914364,-0.011587656884512765,-0.034229598944150424,0.02627247400259894,-0.03215805889274661,1.0,0.04463726357918866,-0.0029920230010841015,-0.03735379085728635,0.023006686925925064,0.010226132074644324,-0.013271021309083593,-0.02389952303011501,-0.03714799172155526,0.010021446410055708,0.06364785736114452,0.02764296684162246,-0.0222077537025566,-0.024236514440248984,-0.016909549512489915,-0.03339577239718284,0.00504921680023003,-0.025624113862218332,0.03735887636433719,0.014077755544516696,0.04308843451683843,0.013872664677570682,-0.047907323868235555,0.017104643337376373,0.00369740834198032,0.0347233989554758,-0.017250445972519297,-0.00945242601112343,-0.06371268983374229,0.0014918052677797128,0.044999016941543256,-0.05845761599636256,0.026647249691542932,-0.0120488281899541,-0.016700314559133782,0.013442480423375829,-0.023222654890680025,-0.005622731488292514,-0.023394618490101955,0.024354747323868896,-0.04281295197821711
3.5157723440866553,0.6534584926978295,0.8816083395383469,13.0,116.0,125.0,111.0,99.0,97.0,64.0,34.0,14.0,10.0,6.0,2.0,134.0,117.0,129.0,125.0,117.0,130.0,97.0,123.0,116.0,117.0,119.0,117.0,0.20839363241678727,0.3386396526772793,0.45296671490593343,0.2685634975711312,0.3296321998612075,0.40180430256766136,0.011913626209977662,0.005956813104988831,0.014147431124348473,0.01340282948622487,0.02531645569620253,0.01712583767684289,0.0,0.008935219657483246,0.0029784065524944155,0.0007446016381236039,0.04095309009679821,0.007446016381236039,0.039463886820551006,0.011169024571854059,0.021593447505584513,0.027550260610573342,0.014892032762472078,0.0037230081906180195,0.0052122114668652275,0.006701414743112435,0.007446016381236039,0.03052866716306776,0.0037230081906180195,0.029039463886820552,0.010424422933730455,0.014892032762472078,0.017870439314966492,0.03723008190618019,0.0052122114668652275,0.03052866716306776,0.023827252419955324,0.01563663440059568,0.09233060312732688,0.0037230081906180195,0.04988830975428146,0.02308265078183172,0.04169769173492182,0.06031273268801191,0.06105733432613552,0.011169024571854059,0.03425167535368578,0.017870439314966492,0.008935219657483246,0.05063291139240506,0.0052122114668652275,0.0193596425912137,0.0007446016381236039,0.011913626209977662,0.0022338049143708115,0.03648548026805659,1.0,-0.03689699034934065,0.0032780362083464623,-0.015031489516060429,0.007516292429963602,0.05498711457593459,0.013708254128281997,-0.01584524788560569,-0.03083696851559175,0.07740275033399399,-0.018937592657674997,-0.018317873749199954,-0.021923836815169483,0.010668037100441678,-0.011057874892604331,0.03790869193978648,-0.002060956298691115,0.013602983575004973,0.025458233882162364,0.038250513615233586,0.006495684750385933,-0.007157165774791656,-0.004838820323960001,-0.0004597550157975122,0.0013934641943450473,-0.023399730869757978,0.005918101823428864,-0.042639652746523656,0.026514324761648646,0.0761478422536301,-0.010433110545268472,-0.024639085351710183,0.002682945939041738,0.05826432183008548,0.0005227353719168466,0.011731859518446536,-0.03924475013767063,0.025538945263126164,0.0479392848490498,0.010898932911814048,-0.002436140257677747,1.0,-0.03692448438089755,0.0019221282678498002,-0.014893542259022383,0.0064397594753119874,0.055867007758937104,0.017697363974584747,-0.014887099651787554,-0.030850742444712573,0.07571799557541035,-0.017177232753673742,-0.023061569494147897,-0.01952349375491222,0.012067559184886185,-0.018611134642187815,0.03585828948460468,0.0057782484955865455,0.020241904044258928,0.02016860256133491,0.04290010576807251,0.00804257494672099,-0.00560050014719558,-0.009324670417371093,-0.0002156792472397488,-0.010021938706977599,-0.024213331039378533,0.005856389925344711,-0.04109191800530665,0.01881310496413088,0.08515939014512186,-0.0013413614891732153,-0.023663892320017584,0.005674290624857374,0.05814063122077235,-0.007416509743274533,0.0037160662166193497,-0.028808909696095848,0.020736243899792076,0.03034047910759397,0.0140167856672828,0.01094110820034102
3.506091294928906,0.6500756655854192,0.8897989575577067,4.0,111.0,116.0,111.0,98.0,84.0,55.0,29.0,7.0,9.0,7.0,1.0,134.0,111.0,119.0,115.0,113.0,130.0,113.0,120.0,115.0,111.0,125.0,113.0,0.185126582278481,0.3560126582278481,0.4588607594936709,0.27061310782241016,0.31994362226920364,0.4094432699083862,0.016381236038719285,0.00967982129560685,0.01340282948622487,0.012658227848101266,0.017870439314966492,0.014147431124348473,0.0007446016381236039,0.007446016381236039,0.007446016381236039,0.0029784065524944155,0.035740878629932984,0.01340282948622487,0.028294862248696945,0.005956813104988831,0.011913626209977662,0.024571854058078928,0.014892032762472078,0.0052122114668652275,0.008935219657483246,0.008190618019359643,0.0052122114668652275,0.0193596425912137,0.0007446016381236039,0.029784065524944156,0.008935219657483246,0.016381236038719285,0.029039463886820552,0.04095309009679821,0.0052122114668652275,0.0387192851824274,0.03201787043931496,0.012658227848101266,0.11317944899478778,0.0037230081906180195,0.039463886820551006,0.023827252419955324,0.03723008190618019,0.05658972449739389,0.0774385703648548,0.00967982129560685,0.034996276991809384,0.017870439314966492,0.007446016381236039,0.0387192851824274,0.0029784065524944155,0.018615040953090096,0.0029784065524944155,0.006701414743112435,0.008935219657483246,0.0007446016381236039,1.0,0.002532755803610925,-0.053840149265474625,0.01988734822696226,0.006109834703903957,-0.04544971711692134,-0.004835247474050621,0.015980223525750924,0.0255602920424995,0.03943666222791353,0.02232324797817992,-0.022777737988831363,-0.03135675310129977,-0.04757211406109392,0.03878941641883778,0.006338747958977264,0.011869579055312366,0.0026169260392515372,-0.003945514686700292,-0.028429039159850508,0.02813927554981002,-0.018431743899668344,-0.016129183221246103,-0.035835970508005,0.018777635320049578,0.023027681713235573,-0.025510959120943838,-0.036538040176098,0.03720863471883528,-0.027267473246469567,-0.04038271849818232,-0.0014007388032066578,-0.024270851288110573,-0.016856997549639516,0.0016267164647600142,0.006959825045790387,0.010082002714721082,-0.019203122670150116,0.00532038829955292,0.03599141994933026,-0.006737046505005469,1.0,0.002534643103017483,-0.05392721863948239,0.02027168050816089,0.003101281012464002,-0.043630521202134606,-0.004451334124165578,0.011215589121852214,0.0269330385954802,0.04178795289755237,0.02275642605108756,-0.02044130531257048,-0.03003170286880224,-0.04953655308812564,0.0407344115239362,0.0044051259351524106,0.01524346952410899,-0.0035763593023566595,-0.010365777433129336,-0.026756257506261604,0.03338793671811145,-0.015345935682036857,-0.009123234964432734,-0.04367436122566602,0.009846470066759755,0.02059350390767942,-0.023063734816609244,-0.030818261836753947,0.032561778023464744,-0.030411197347226655,-0.035230362851911064,-0.004554122617459328,-0.030491839928579026,-0.009330976692823753,-0.009265620739817456,0.0042846551291616415,0.011767673908152707,-0.016016616200153693,0.006279185951829771,0.038667085820363094,-0.006019803945518806
3.502166482088735,0.6186240035667054,0.8868205510052122,9.0,107.0,123.0,116.0,91.0,104.0,24.0,48.0,10.0,25.0,0.0,2.0,134.0,108.0,127.0,123.0,119.0,130.0,105.0,124.0,113.0,119.0,117.0,107.0,0.24430955993930198,0.36722306525037934,0.3884673748103187,0.2720897615708275,0.332398316970547,0.3955119214586255,0.01340282948622487,0.00967982129560685,0.008190618019359643,0.014147431124348473,0.01340282948622487,0.0193596425912137,0.0014892032762472078,0.006701414743112435,0.004467609828741623,0.0022338049143708115,0.045420699925539834,0.008935219657483246,0.03201787043931496,0.006701414743112435,0.021593447505584513,0.026061057334326135,0.018615040953090096,0.0037230081906180195,0.01563663440059568,0.007446016381236039,0.0022338049143708115,0.02531645569620253,0.0052122114668652275,0.02680565897244974,0.014892032762472078,0.005956813104988831,0.03052866716306776,0.04244229337304542,0.0052122114668652275,0.03648548026805659,0.020104244229337303,0.00967982129560685,0.09233060312732688,0.0029784065524944155,0.06031273268801191,0.026061057334326135,0.0379746835443038,0.06105733432613552,0.058078927773641105,0.006701414743112435,0.035740878629932984,0.0193596425912137,0.006701414743112435,0.05063291139240506,0.0014892032762472078,0.016381236038719285,0.0007446016381236039,0.011169024571854059,0.008190618019359643,0.0,1.0,0.05041338851383777,-0.0008300596198777293,0.010304058615320378,-0.006320905692202872,0.00027896863828305737,0.0076383459986841,-0.01900667683141389,-0.009392498226078768,0.00576083538199774,-0.008305322231297851,-0.056014920771278856,0.029654383519048918,-0.010077025223014404,0.006586637379733931,-0.03198309603036037,-0.023940405831257672,0.01823146268893006,-0.03723769200684135,0.023980029388606747,-0.013844328413815055,-0.03387842460973161,0.030760259937048645,0.016441467396356647,-0.04012892832276124,0.03344150170437989,-0.0326904639070718,0.01665228896992884,-0.016625948345908262,0.04263195878610761,0.004401845464613159,0.019902337210582793,0.013172668401359442,-0.01481225099908866,0.012386483551757014,0.031388053259924394,0.04140243430433179,0.013205440422083343,-0.008396959769662845,0.007387856923357337,-0.007832764268936136,1.0,0.050450954377111876,-0.003385212766519274,0.010567013342512852,-0.007419104410681426,0.0010286487921175895,0.007482532509320796,-0.019780663270960282,-0.00752027617838934,0.006426536660599741,-0.008543038958391551,-0.05586737568171651,0.03549254898868979,-0.013311217172980094,0.008869127128480429,-0.035369528427807904,-0.01969650186023664,0.02110793959832989,-0.04239897921796355,0.029549313651684235,-0.017557410302959358,-0.032276979453055736,0.030626759442600404,0.01564795531280855,-0.04335370660913335,0.03815857478136768,-0.042668817845189326,0.02406435923439832,-0.0211084902029483,0.042598945761729595,0.006524451070483522,0.011428863335062016,0.011924531600158746,-0.013415945079361434,0.01259395893737765,0.02857425784296772,0.04227873106812366,0.004706300430517321,-0.0010947972553203393,-0.0012635445344766352,0.003057509987720356
3.5033714771099613,0.6302221306977542,0.8808637379002234,5.0,112.0,122.0,118.0,68.0,68.0,65.0,32.0,26.0,19.0,8.0,5.0,134.0,113.0,131.0,125.0,113.0,128.0,110.0,123.0,114.0,112.0,123.0,111.0,0.16203703703703703,0.35648148148148145,0.48148148148148145,0.26791927627000695,0.32289491997216424,0.4091858037578288,0.018615040953090096,0.007446016381236039,0.012658227848101266,0.01563663440059568,0.02308265078183172,0.012658227848101266,0.0014892032762472078,0.007446016381236039,0.008935219657483246,0.0052122114668652275,0.035740878629932984,0.00967982129560685,0.03276247207743857,0.005956813104988831,0.014147431124348473,0.026061057334326135,0.016381236038719285,0.0007446016381236039,0.00967982129560685,0.0029784065524944155,0.0029784065524944155,0.0379746835443038,0.0014892032762472078,0.022338049143708117,0.010424422933730455,0.008935219657483246,0.028294862248696945,0.04169769173492182,0.005956813104988831,0.03648548026805659,0.03052866716306776,0.01340282948622487,0.09903201787043932,0.0029784065524944155,0.06701414743112435,0.014147431124348473,0.04169769173492182,0.05584512285927029,0.06478034251675353,0.018615040953090096,0.029039463886820552,0.011169024571854059,0.008190618019359643,0.04393149664929263,0.004467609828741623,0.00967982129560685,0.004467609828741623,0.008190618019359643,0.005956813104988831,0.0029784065524944155,1.0,-0.02829801735580634,0.000369626140683667,0.017024460436656966,0.01656581944039292,0.00472007082486274,-0.05517978510726486,-0.050095009615369925,0.005748383162616455,-0.012314235237404225,0.008295256340457092,-0.024863874434407636,-0.02781292501515502,-0.016403464860016263,-0.031054270863337636,0.0015781737722290164,-0.018725563554355732,-0.025499462985307624,-0.001678074465858949,0.010138492883262728,-0.02356886793263653,-0.02344974435209104,0.028045980646894494,0.045628682294979614,0.020887594198019048,0.0070765931020599394,0.02938481165084343,0.0643297410276107,-0.008045421053273749,0.0384886019329429,0.0013214887748022866,0.041716651738218924,0.00764886488267063,-0.014657741605538295,-0.006144812960046377,-0.03317549520948648,-0.004238002759412263,-0.04706944988921293,-0.006731020763189238,0.03405033522533,0.02096036855692807,1.0,-0.028319103806891146,-0.00043214079499215736,0.017074521150736346,0.01760134878899472,0.005712412574068093,-0.055514831677156345,-0.05436676253517941,0.0022877117920305527,-0.010245389256953273,0.011606036570254816,-0.02239565997015117,-0.03223060260391342,-0.02450241488880769,-0.03460134075196322,0.0005866044700318329,-0.017123661290326695,-0.026843000790723773,-0.008606705414826348,0.005469517146976197,-0.02861121615437251,-0.028282641770167878,0.024671489310508894,0.04249885506222357,0.02171571244667155,0.0059697095908880895,0.02354952930895368,0.05854027680590079,-0.007454195453612429,0.04371311529696502,0.006690632165593237,0.043878061528016675,0.011435994562194662,-0.007289611095199238,-0.0028200753859784996,-0.029276588927496554,0.004083379305487456,-0.0421302666862977,0.002966625330476249,0.04261008088811359,0.033883687455439945
3.483197789581671,0.6241674370639128,0.889054355919583,2.0,107.0,126.0,122.0,102.0,86.0,62.0,35.0,4.0,15.0,5.0,0.0,134.0,107.0,129.0,127.0,121.0,130.0,107.0,127.0,107.0,109.0,121.0,107.0,0.18468468468468469,0.36486486486486486,0.45045045045045046,0.27419354838709675,0.32538569424964936,0.40042075736325383,0.011913626209977662,0.00967982129560685,0.014892032762472078,0.00967982129560685,0.010424422933730455,0.011169024571854059,0.0022338049143708115,0.0037230081906180195,0.0037230081906180195,0.0037230081906180195,0.04095309009679821,0.01340282948622487,0.03350707371556218,0.0052122114668652275,0.021593447505584513,0.023827252419955324,0.0193596425912137,0.0014892032762472078,0.007446016381236039,0.005956813104988831,0.0,0.02084884586746091,0.0029784065524944155,0.03127326880119136,0.014147431124348473,0.008935219657483246,0.02531645569620253,0.040208488458674606,0.0029784065524944155,0.0379746835443038,0.03648548026805659,0.014892032762472078,0.0960536113179449,0.0014892032762472078,0.0573343261355175,0.029039463886820552,0.029784065524944156,0.06254653760238273,0.06254653760238273,0.01563663440059568,0.039463886820551006,0.026061057334326135,0.0052122114668652275,0.049143708116157855,0.005956813104988831,0.00967982129560685,0.0022338049143708115,0.008935219657483246,0.007446016381236039,0.0014892032762472078,1.0,0.017527377216907954,0.025672603333950324,0.005822959723692577,0.07360219998246512,-0.005872424850639885,0.058680209257916185,0.05965442650591413,0.020679729865950333,0.03602179418498697,0.0076751567388880886,0.03869904985048781,0.011340855733619305,0.013152179744640242,0.02163346233605425,-0.003979686913690217,-0.011208735741539542,0.043466459411694955,0.04812748954737757,-0.029115035057234905,0.01666751878509785,0.009364202417536873,-0.012109562509205085,-0.05858750371485044,-0.0285865378585317,0.05153157892124652,0.0026885231447344657,0.024728285765981316,0.021507598600770884,-0.0025663431473123568,0.02663077109490664,-0.0163604290286622,-0.01892020293894684,-0.037676513178518126,0.037538576503491475,0.02930038586146709,-0.0487405218300294,-0.01973877377108593,0.00047599217661382844,-0.02165054418408779,-0.011137023683612446,1.0,0.0175404378556687,0.025411043256934124,0.004955478460504025,0.07305638738825504,-0.008689125340900638,0.05591421713915359,0.058163269002998966,0.011240346913453225,0.034490632196623044,-0.0025461269531902643,0.03044421216626271,0.0060204834665519,0.0004434339232969472,0.016885740568780453,-0.015639082255472128,-0.01690920673736735,0.039442477640885404,0.04006351353818633,-0.03383719347258497,0.012855958850094806,0.0024796800043152436,-0.018092586388364407,-0.05945115901065826,-0.039586847715372755,0.053514442893056374,0.0027612395282540837,0.027869076264111142,0.02562512999658919,-0.008387415264234876,0.04029260677127514,-0.023898805446492703,-0.025831523352589845,-0.03536808378642194,0.02960008573224637,0.031608295698618755,-0.057663840286974265,-0.01572587706542934,-0.0031605713696799902,-0.025078675715663374,0.005039138835946153
3.500592633102059,0.6386463613702025,0.8905435591958303,8.0,116.0,127.0,117.0,97.0,105.0,48.0,30.0,18.0,5.0,12.0,1.0,134.0,117.0,131.0,127.0,122.0,130.0,115.0,129.0,115.0,117.0,125.0,113.0,0.20906432748538012,0.34649122807017546,0.4444444444444444,0.2664406779661017,0.32610169491525426,0.4074576271186441,0.01563663440059568,0.00967982129560685,0.014892032762472078,0.011169024571854059,0.014892032762472078,0.014892032762472078,0.0,0.0052122114668652275,0.0022338049143708115,0.0022338049143708115,0.03648548026805659,0.011169024571854059,0.03127326880119136,0.007446016381236039,0.01563663440059568,0.02531645569620253,0.014892032762472078,0.0037230081906180195,0.006701414743112435,0.005956813104988831,0.0014892032762472078,0.02308265078183172,0.0014892032762472078,0.03127326880119136,0.016381236038719285,0.01340282948622487,0.022338049143708117,0.039463886820551006,0.005956813104988831,0.039463886820551006,0.035740878629932984,0.01563663440059568,0.10945644080416977,0.0007446016381236039,0.04393149664929263,0.029784065524944156,0.029784065524944156,0.05658972449739389,0.07222635889798958,0.008190618019359643,0.03127326880119136,0.02680565897244974,0.012658227848101266,0.03723008190618019,0.0029784065524944155,0.018615040953090096,0.0037230081906180195,0.010424422933730455,0.008190618019359643,0.0022338049143708115,1.0,-0.05729248223225105,0.010763878742705024,0.005175236091148773,0.004986997718081421,-0.04351427918969832,0.03052317541480223,0.016697496381604147,-0.02522486231046451,0.03759608256855619,-0.0126634585023418,0.05208531277854827,0.005410591756650974,-0.03108579353082222,0.009844997906514183,-0.052402345138179277,0.003255217437996722,-0.012109253120314656,0.007422285959120102,-0.0050700997614569554,-0.01576683562769534,-0.010192988005503407,0.00765169385457564,0.04835705270427021,-0.012221498363618133,0.07172569002272736,0.03733986848126773,-0.037822603367055146,0.005177758547196299,-0.028383875813015394,-0.030793832056558033,-0.027226125972514437,0.023322711227059808,0.007096369950760252,0.008199510731495888,-0.0201639169480809,-0.018260930259244555,0.011992600766289269,0.0020833076697180817,-0.031196847478041183,-0.0015663940838207043,1.0,-0.05733517409680565,0.007517321923582176,0.006252157473248717,0.005589796157898803,-0.04333071577468464,0.025723262969527094,0.02084277463262104,-0.023455081411126004,0.034982200919126384,-0.010585149249957246,0.053497873384114734,0.012124747235205983,-0.03508777786058301,0.010041416112126698,-0.05472354482307146,0.0010561331410272798,-0.011384975419198546,-0.0005471241954631332,0.002053690785053084,-0.024389190522803247,-0.010175047967200458,0.007946775794623289,0.04743292774343205,0.0007295132715877697,0.06879348346881715,0.052457415299700945,-0.033374020207395445,0.0013813904759405003,-0.032785262360642956,-0.03394629162018491,-0.027818602846778447,0.008996055131308738,0.014841352929988815,-0.001069561083773396,-0.026554261090272344,-0.02388126596605912,0.006426150267526552,0.019166248862712443,-0.029567991163397766,0.004252888642357619
3.5032983447557013,0.6361086068136727,0.8823529411764706,4.0,117.0,128.0,115.0,90.0,78.0,40.0,55.0,14.0,4.0,17.0,2.0,134.0,117.0,131.0,123.0,117.0,127.0,107.0,125.0,119.0,123.0,123.0,111.0,0.2063253012048193,0.3358433734939759,0.4578313253012048,0.26492793411118737,0.33081674673987643,0.40425531914893614,0.014147431124348473,0.004467609828741623,0.01340282948622487,0.016381236038719285,0.00967982129560685,0.014147431124348473,0.0014892032762472078,0.012658227848101266,0.005956813104988831,0.004467609828741623,0.029784065524944156,0.008935219657483246,0.03350707371556218,0.0052122114668652275,0.018615040953090096,0.020104244229337303,0.022338049143708117,0.004467609828741623,0.010424422933730455,0.0052122114668652275,0.0022338049143708115,0.01563663440059568,0.0029784065524944155,0.03425167535368578,0.01340282948622487,0.00967982129560685,0.03350707371556218,0.049143708116157855,0.0037230081906180195,0.034996276991809384,0.03052866716306776,0.011913626209977662,0.09903201787043932,0.004467609828741623,0.06478034251675353,0.022338049143708117,0.02680565897244974,0.06403574087862993,0.06254653760238273,0.010424422933730455,0.034996276991809384,0.018615040953090096,0.007446016381236039,0.04244229337304542,0.0052122114668652275,0.02531645569620253,0.0014892032762472078,0.0037230081906180195,0.0052122114668652275,0.0037230081906180195,1.0,0.015273989469329528,0.01937219777195838,0.0006934989397246322,0.013945260734770749,0.0028032903305920645,0.045592008762925317,-0.004518689738973661,-0.0006830890721811639,-0.0005364091336697418,0.05021821395613419,0.022373619741925876,-0.019303520953336702,0.014149152291191546,0.00988956497439802,-0.021945760149216953,-0.007546743716799655,-0.008743284226661126,0.00737529271013073,-0.015718487225551032,0.0417495138826495,0.0626529750936465,-0.061204901671033485,0.011118336923177548,0.04528297080171961,0.08251370724646831,0.021736185084229975,-0.005033028953333689,0.016248423737305694,0.02068728508127609,0.04423918255140848,0.0091544906252157,-0.017726998326042468,0.0025540106633459535,-0.028680437087663553,-0.02543560195137348,0.00255279821409186,-0.0033489234854363202,0.03178866789936697,-0.03759468558111859,-0.006006666671822297,1.0,0.015285370981601756,0.01917192675077469,0.00011120101406275443,0.013611058874666161,0.002386605135077392,0.045226098746025914,-0.0060223988733994795,-0.002429955428211359,-0.0003843720717888516,0.04959185959646102,0.02110817071677524,-0.024122274806304266,0.014649128119265501,0.009380758540646338,-0.02381913209254366,-0.011560065466081664,-0.009428262292507695,0.010373881836371744,-0.016889210591532193,0.039807628185166366,0.06395642578588354,-0.06427777756325914,0.011350959366836132,0.04542609853815398,0.08598843485838654,0.01711545514641219,-0.015320643939183375,0.022688748352906497,0.020011466321650982,0.03681932931030306,-0.009134104516779913,-0.016250760786886413,0.008329513577892625,-0.04347754622656146,-0.03494443020790525,0.0024090160322805267,-0.0006999834684760979,0.031307607750677736,-0.045080822048293015,0.00010372835009161739
3.5044677483235187,0.6432701215971399,0.8868205510052122,10.0,101.0,119.0,112.0,68.0,78.0,35.0,24.0,52.0,9.0,1.0,7.0,134.0,101.0,124.0,122.0,116.0,124.0,97.0,116.0,101.0,100.0,101.0,99.0,0.18181818181818182,0.3912337662337662,0.42694805194805197,0.2801498127340824,0.32883895131086144,0.39101123595505616,0.017870439314966492,0.00967982129560685,0.011169024571854059,0.014892032762472078,0.01340282948622487,0.01340282948622487,0.0014892032762472078,0.010424422933730455,0.0052122114668652275,0.0014892032762472078,0.0379746835443038,0.008935219657483246,0.034996276991809384,0.008190618019359643,0.011913626209977662,0.021593447505584513,0.02084884586746091,0.004467609828741623,0.007446016381236039,0.0029784065524944155,0.0037230081906180195,0.021593447505584513,0.0014892032762472078,0.022338049143708117,0.021593447505584513,0.011169024571854059,0.02084884586746091,0.040208488458674606,0.004467609828741623,0.035740878629932984,0.023827252419955324,0.011169024571854059,0.0766939687267312,0.0022338049143708115,0.04690990320178704,0.026061057334326135,0.04244229337304542,0.0573343261355175,0.08413998510796723,0.008935219657483246,0.05361131794489948,0.017870439314966492,0.010424422933730455,0.058823529411764705,0.0022338049143708115,0.011913626209977662,0.0014892032762472078,0.011913626209977662,0.006701414743112435,0.0037230081906180195,1.0,0.055488245291127086,0.05884947811528817,0.06241538937849356,0.012983662992165232,0.08227206682631671,0.07763263919475112,0.009861809367343046,0.06348414476284574,0.014459549089368886,0.054793695302671454,0.03778817730444333,-3.911339557262976e-05,0.020108100635438872,0.03865650167835685,-0.0018565457858435868,0.048569331082593835,0.06651901671670739,0.040792473510900644,0.06204581983224494,0.0785129852900478,0.01504172464701667,0.07152232172142145,0.011637264482856208,0.053888333540173125,0.03727984839217205,0.043345442770198535,0.04049985794214663,-0.002860108631547199,0.03132825634428917,0.021124030819827302,-0.010449744263104457,0.061833063558197114,0.07112442859270926,0.0021550777562330064,0.06654466477775056,0.028022638840058605,0.013314191444729647,0.0006474408797002063,0.02958106013050493,0.028872313513387825,1.0,0.055529592716828356,0.05602647161383006,0.056706908017879705,0.003701204223821142,0.07581185785353418,0.06683887113041503,-0.006043882202686318,0.04836822898425698,0.0008033089641225083,0.043314471707064726,0.01683337486205406,-0.013449713617804128,0.0054688906318142785,0.02787362457196857,-0.013380207927117724,0.03300179306284826,0.059859939325213905,0.028205054676385927,0.04248234293595295,0.0640342107244257,-0.005479500929507004,0.046582646474347976,-0.011657686776059589,0.03308159000540221,0.007601881339481148,0.025486450179749546,0.013288763123580996,-0.029250974403025636,0.019972393902756715,-0.0052787233539519675,-0.02331782134412738,0.04744909521647833,0.0610453124602851,-0.019303938900574188,0.04651106620326933,0.00894642986604799,-0.009940651596266172,-0.032887561993350904,0.014373440988801469,0.00632710360852068
3.4736722087141483,0.6468657410479547,0.885331347728965,6.0,106.0,124.0,117.0,98.0,80.0,27.0,30.0,11.0,11.0,1.0,0.0,134.0,107.0,129.0,124.0,124.0,130.0,97.0,126.0,113.0,117.0,115.0,107.0,0.18985270049099837,0.3878887070376432,0.42225859247135844,0.27406886858749124,0.3359100491918482,0.39002108222066056,0.01563663440059568,0.007446016381236039,0.008935219657483246,0.01563663440059568,0.016381236038719285,0.012658227848101266,0.0022338049143708115,0.006701414743112435,0.006701414743112435,0.0037230081906180195,0.03201787043931496,0.006701414743112435,0.034996276991809384,0.0014892032762472078,0.0193596425912137,0.02680565897244974,0.014147431124348473,0.0022338049143708115,0.004467609828741623,0.0014892032762472078,0.0029784065524944155,0.02531645569620253,0.004467609828741623,0.027550260610573342,0.018615040953090096,0.011913626209977662,0.029784065524944156,0.045420699925539834,0.004467609828741623,0.04318689501116903,0.024571854058078928,0.01340282948622487,0.09977661950856292,0.0022338049143708115,0.05658972449739389,0.029784065524944156,0.029039463886820552,0.06329113924050633,0.06924795234549516,0.007446016381236039,0.04169769173492182,0.014892032762472078,0.011169024571854059,0.04690990320178704,0.0022338049143708115,0.011913626209977662,0.0029784065524944155,0.008935219657483246,0.00967982129560685,0.0007446016381236039,1.0,0.0644222151289762,0.02834731011695894,0.021105418076510455,-0.010993355117763457,0.04037892360431186,0.059852339026359926,0.057923612872078804,0.04766463680501213,0.014826825657608664,-0.00644863437135146,0.032972282666296156,-0.0073950741036017745,-0.04287538609621105,0.0031506320988039555,-0.0069778380406358325,-0.022917430360960646,0.026345090667389905,-0.009439966384375205,0.0069614644266839795,-0.012090115990096685,0.02445088604854953,0.0074366775473586125,-0.020529169452425243,-0.039670437310339986,-0.0031655255079603077,0.028185969941390172,0.022090977207141895,0.02328936021796788,-0.03749749263567594,0.024081538532898687,0.023398936504368768,-0.02766004544065952,0.003247436205534954,-0.015067470383229314,-0.05294830568364233,-0.02410136748983725,-0.04171542607812191,-0.031760672045631676,0.04001465653719854,-0.00029032154731299333,1.0,0.06447021976021985,0.02433432214979913,0.017882960080955926,-0.014231421512244947,0.041325650231556516,0.05563032616088526,0.050008818380621434,0.037297330314726776,0.006452785014534231,-0.011622607555345393,0.029989015879343512,-0.01708844231406859,-0.052483705114116014,-0.0005623088151554116,-0.00870265270605296,-0.02578441988369709,0.026169762355110125,-0.009135185005877096,0.011654188704921865,-0.008738436222800967,0.035034628888153944,0.005440909067077597,-0.021710916146743895,-0.03754822348927039,0.0006484008997650164,0.028047966241683094,0.01923162351413803,0.014328945080382694,-0.042269847038071004,0.03640225079924493,0.02740733810486957,-0.033538902158931065,-0.002988642770913736,-0.015871660101609463,-0.051098805755379464,-0.02549417571332614,-0.04174317105334398,-0.030542768000606967,0.048723510098635514,0.009104512920961287
3.4812608324282177,0.6119274953641981,0.8771407297096053,6.0,106.0,111.0,112.0,97.0,88.0,27.0,41.0,14.0,11.0,5.0,8.0,134.0,108.0,125.0,117.0,111.0,126.0,73.0,116.0,111.0,111.0,113.0,97.0,0.21565495207667731,0.3738019169329074,0.41054313099041534,0.28017883755588674,0.3353204172876304,0.38450074515648286,0.014892032762472078,0.0052122114668652275,0.012658227848101266,0.011913626209977662,0.01563663440059568,0.014147431124348473,0.0007446016381236039,0.012658227848101266,0.0037230081906180195,0.0037230081906180195,0.04244229337304542,0.006701414743112435,0.03201787043931496,0.005956813104988831,0.014892032762472078,0.02680565897244974,0.017870439314966492,0.0022338049143708115,0.006701414743112435,0.008190618019359643,0.0037230081906180195,0.02680565897244974,0.0037230081906180195,0.03276247207743857,0.008935219657483246,0.01563663440059568,0.02531645569620253,0.04169769173492182,0.0052122114668652275,0.040208488458674606,0.028294862248696945,0.00967982129560685,0.10573343261355175,0.0014892032762472078,0.05137751303052867,0.014892032762472078,0.03425167535368578,0.05286671630677588,0.0774385703648548,0.010424422933730455,0.0387192851824274,0.016381236038719285,0.011913626209977662,0.04839910647803425,0.0029784065524944155,0.014147431124348473,0.004467609828741623,0.008190618019359643,0.0037230081906180195,0.0014892032762472078,1.0,-0.013850940099485958,0.06705902243884679,0.008038065916546412,0.008932556861049277,0.052877961228777366,0.004081911648154949,0.013516618739906498,0.015026410193456513,0.020180550998011585,-0.03753696652144766,0.07187918532904163,0.008875539917696957,0.012513768721258017,0.032721306671268144,0.06806350949172645,0.026323103433610665,0.02445217653959337,-0.01019038516470662,-0.003921280120771693,0.023564085876765856,-0.020406625836555697,0.042326618068168974,0.0774121354514528,0.034512561914361084,-0.009477968427993418,-0.03290221402703087,0.01474076143477752,0.004603874733418289,0.06721169980363166,0.02197609774684895,-0.02486781840726836,-0.016158507482643615,-0.027965868799537393,0.007703030152734204,0.04401244830586274,-0.02350425740722551,0.0428225028895875,0.025100199215680696,0.01495082582742341,-0.0018992987123259567,1.0,-0.013861261217294826,0.06697977046149362,0.00989934736716437,0.004721639264888688,0.05230695524807545,0.004586082561231416,0.006626731768783031,0.014119346635389383,0.01873654308055815,-0.04248564758863786,0.06872288472868819,0.014720995770387697,0.002191586637739011,0.029802562334431997,0.07263479513047084,0.016609624126885318,0.014971101614323277,-0.014521484517145862,-0.012312764809752946,0.013254686368227863,-0.017296980597387136,0.032382457834891805,0.08105686730278691,0.03331057648091416,-0.02087685773572554,-0.046817003720172744,0.008087589747929698,-0.004658815639728756,0.061889198278654585,0.022842789861878227,-0.04168111416126867,-0.02295061647441651,-0.02337837953114346,-0.004526686115557167,0.042232727147900474,-0.022314452281522675,0.035228629680877574,0.017209340079145614,0.007356403848505214,-0.015322879768092282
3.4910514929030785,0.6215782313485648,0.8786299329858526,5.0,103.0,123.0,119.0,91.0,87.0,66.0,25.0,9.0,9.0,10.0,8.0,134.0,105.0,129.0,125.0,123.0,130.0,97.0,127.0,109.0,112.0,120.0,107.0,0.17862595419847327,0.3480916030534351,0.4732824427480916,0.2757404795486601,0.3307475317348378,0.3935119887165021,0.01563663440059568,0.011169024571854059,0.014892032762472078,0.014892032762472078,0.018615040953090096,0.014147431124348473,0.0007446016381236039,0.008190618019359643,0.0022338049143708115,0.004467609828741623,0.0379746835443038,0.006701414743112435,0.039463886820551006,0.004467609828741623,0.01563663440059568,0.026061057334326135,0.01340282948622487,0.0022338049143708115,0.00967982129560685,0.0052122114668652275,0.0037230081906180195,0.02084884586746091,0.0014892032762472078,0.03276247207743857,0.010424422933730455,0.012658227848101266,0.03127326880119136,0.04393149664929263,0.004467609828741623,0.03425167535368578,0.02531645569620253,0.00967982129560685,0.09456440804169769,0.0014892032762472078,0.05212211466865227,0.02308265078183172,0.03201787043931496,0.06626954579300075,0.06850335070737155,0.008935219657483246,0.035740878629932984,0.023827252419955324,0.005956813104988831,0.05063291139240506,0.0022338049143708115,0.014892032762472078,0.004467609828741623,0.008190618019359643,0.008935219657483246,0.0014892032762472078,1.0,0.010346396209819657,-0.008921051224066312,0.03422594868043224,-0.04150257889790279,0.05229184178441441,0.01843492653636868,0.00963497776766021,0.01939165988538172,0.001369769007283111,-0.04723357702440688,0.003266417402172276,0.04027102787340616,0.0005232953218254172,0.001387206579403576,-0.007902062726904531,0.013572772721971204,0.04223060032622791,0.003908524876932329,-0.035556507660589404,0.013977149783651364,-0.007534054377043946,-0.0108260343093235,0.03638391431465722,0.004026480726062034,-0.02519164445255332,0.044209593501141585,0.036111419208117,0.013648486111587487,-0.023450827216902115,-0.003940921083709001,-0.010907707077014137,-0.01859121873453931,0.01826789951513622,-0.06453499125531387,-0.008597911332054255,-0.014919247163210077,-0.01038616717798885,-0.006495792218661085,0.0003643299665594005,-0.029055268605116914,1.0,0.010354105894029656,-0.009042533233061097,0.034496063644921894,-0.04249541829410527,0.05425735228882066,0.015196295560664775,0.013350464267630466,0.014151588094695928,0.004555419941044546,-0.04982263555394359,0.0026942282312124913,0.0395222542746693,0.0009778220932757568,-0.003126489740334437,-0.005797384381581559,0.01829017218657918,0.0393417194347454,0.00393674167774955,-0.03830088021963158,0.010856411200109084,-0.006938350785647221,-0.008566104693129595,0.03164563912842374,0.005302210382366913,-0.028213088787603067,0.046131343039441615,0.04530912070579207,0.011364993330477928,-0.037767323923029644,0.0009905615393592956,-0.01203401180942266,-0.022528136290777587,0.01672397781204115,-0.06876387790761694,-0.011849880756547856,-0.010998842239314726,0.0052048050729621535,-0.015238393631696179,0.0025149444222727036,-0.03438305780573128
3.5034940897765736,0.618218108870983,0.8808637379002234,1.0,115.0,122.0,122.0,92.0,99.0,47.0,16.0,20.0,9.0,3.0,1.0,134.0,114.0,129.0,127.0,121.0,128.0,113.0,125.0,117.0,121.0,123.0,111.0,0.17928902627511592,0.3755795981452859,0.44513137557959814,0.26452494873547505,0.3321941216678059,0.4032809295967191,0.011913626209977662,0.00967982129560685,0.012658227848101266,0.011169024571854059,0.016381236038719285,0.01340282948622487,0.0022338049143708115,0.00967982129560685,0.005956813104988831,0.0029784065524944155,0.04988830975428146,0.011913626209977662,0.029784065524944156,0.005956813104988831,0.020104244229337303,0.028294862248696945,0.017870439314966492,0.0022338049143708115,0.005956813104988831,0.004467609828741623,0.0037230081906180195,0.02084884586746091,0.0029784065524944155,0.02531645569620253,0.011913626209977662,0.01563663440059568,0.02531645569620253,0.0379746835443038,0.0029784065524944155,0.02680565897244974,0.0193596425912137,0.01563663440059568,0.10201042442293373,0.0022338049143708115,0.04839910647803425,0.03276247207743857,0.039463886820551006,0.06478034251675353,0.06924795234549516,0.0052122114668652275,0.0387192851824274,0.022338049143708117,0.00967982129560685,0.04244229337304542,0.006701414743112435,0.016381236038719285,0.0022338049143708115,0.008935219657483246,0.005956813104988831,0.0014892032762472078,1.0,-0.015220289522293873,-0.021730793593762062,-0.02014961486586173,0.003304499869873338,-0.049686118613784705,0.03966039361217246,-0.04140463719377556,0.03989369710935126,0.005958536152096141,0.012163585466699683,0.029150701042655693,0.006120408412971794,0.0030455444840589312,-0.03674609572364787,0.0006956408258152766,0.03549803432422931,0.010883166925193982,0.0006877983357006032,-0.023186412186257638,0.01464372008634777,0.023614865215383272,-0.04295534389237289,0.022568234296377363,0.018609544237817823,0.04397768766078354,0.05193024628506185,0.03382526922181342,0.029122101410278715,-0.034158962002192206,0.004011661946388683,0.006250721741852492,-0.005074230534857643,0.03588631143047254,0.03766537907457603,-0.030287848435562936,0.06029522315130683,0.028662616425690648,-0.04662496087502094,0.003983912334415208,-0.056262183619732856,1.0,-0.015231631019702447,-0.022000310139919176,-0.02088355911957083,0.002189285742959443,-0.050747767873665896,0.0380794412044309,-0.04284980894602632,0.03898694355873934,0.006799489774679749,0.010072208996110808,0.03595697309163985,0.0018378214770441853,0.012702222912710424,-0.04015052852411627,0.004233895687632759,0.03591426064348861,0.008681730571433436,0.005508923060106984,-0.028998569205040257,0.0180732233998233,0.022078785666340153,-0.0438052672587591,0.026885025631128462,0.013381472604627739,0.050834871186185814,0.05464595570288639,0.03426353800002239,0.041190510458268124,-0.03761414043909048,0.019691462990028396,0.0065731141217193695,-0.0062493928878596065,0.039893603663706985,0.03003263834538869,-0.02232051106910429,0.05059091865285084,0.028915697986235094,-0.04266087641128642,0.006831950364107579,-0.05820830871645119
3.4821091979258836,0.6156909508451764,0.8838421444527178,4.0,109.0,122.0,117.0,93.0,98.0,35.0,43.0,14.0,13.0,7.0,2.0,134.0,113.0,126.0,125.0,123.0,130.0,91.0,125.0,113.0,111.0,111.0,105.0,0.2207001522070015,0.3607305936073059,0.4185692541856925,0.27647476901208246,0.3354655294953802,0.3880597014925373,0.02084884586746091,0.004467609828741623,0.010424422933730455,0.006701414743112435,0.011913626209977662,0.01712583767684289,0.0007446016381236039,0.010424422933730455,0.0029784065524944155,0.004467609828741623,0.0379746835443038,0.011169024571854059,0.0387192851824274,0.006701414743112435,0.021593447505584513,0.021593447505584513,0.018615040953090096,0.0022338049143708115,0.008190618019359643,0.0052122114668652275,0.0007446016381236039,0.021593447505584513,0.005956813104988831,0.035740878629932984,0.014892032762472078,0.01340282948622487,0.03127326880119136,0.044676098287416234,0.006701414743112435,0.040208488458674606,0.021593447505584513,0.011169024571854059,0.10871183916604617,0.0029784065524944155,0.049143708116157855,0.016381236038719285,0.028294862248696945,0.05584512285927029,0.07446016381236038,0.006701414743112435,0.034996276991809384,0.02084884586746091,0.006701414743112435,0.045420699925539834,0.0022338049143708115,0.014892032762472078,0.0052122114668652275,0.008935219657483246,0.006701414743112435,0.0014892032762472078,1.0,-0.03222300831472308,-0.0160240122096902,0.0020694076649029106,0.08962624704699958,0.05107488493173211,-0.02344118329244043,0.002945819504419295,0.05830942090541954,0.002311915232731367,-0.0058896370067492545,-0.004838851397341723,0.04209516423260132,0.021900227854510235,-0.0047867956479655475,-0.013383649206108673,0.03703490751158515,-0.05359560842225582,-0.02472233693522573,-0.00678986807288946,-0.03292945864720112,0.05191760071019306,0.03380162854586835,-0.04611495278226296,0.05121021200634794,0.024409962936146903,-0.016937458655147,0.001708770401180559,-0.023635804746402235,0.013022235590072382,-0.021829411773584117,0.023162476258450356,-0.019712746282826626,-0.048960185071955896,0.02836223767293283,0.03763869124494457,-0.03970953239321167,0.011761605838398869,-0.0007580353061705579,0.0031859065862776753,0.011603907409851623,1.0,-0.03224701949826611,-0.017105568649799365,0.0009974164077637398,0.08983992923694335,0.05775577116473131,-0.017070005057603997,0.0025836106631312826,0.050315108359507685,-0.003301970214471481,-0.0038541917715355944,-0.0040035782510639,0.03212940525577512,0.01940109925275899,0.000671001145287844,-0.012711280826468817,0.027778749036547014,-0.06087474932621167,-0.028882359951986826,-0.007218265113964115,-0.043548418670043866,0.05488881362823278,0.051252168074709774,-0.039973160760645346,0.05394338828749491,0.027302274416482697,-0.027780207932148842,0.008198457115320123,-0.027463443461865893,-0.004057319678275353,-0.018818932360378817,0.03172664166619139,-0.02042767590159656,-0.05163422070442013,0.022816642619958555,0.036149473380022674,-0.03751952977643482,0.01108779678055405,0.0033357920438050162,0.0006822991229347293,0.014755755277248683
3.498812066208502,0.6071825179547795,0.8860759493670886,11.0,116.0,126.0,120.0,95.0,92.0,25.0,34.0,27.0,10.0,1.0,0.0,134.0,122.0,131.0,127.0,126.0,130.0,97.0,129.0,126.0,117.0,125.0,105.0,0.2085235920852359,0.3835616438356164,0.4079147640791476,0.2675289312457454,0.337644656228727,0.3948264125255276,0.011169024571854059,0.008190618019359643,0.011913626209977662,0.014147431124348473,0.011169024571854059,0.010424422933730455,0.0007446016381236039,0.011913626209977662,0.006701414743112435,0.0029784065524944155,0.04169769173492182,0.011913626209977662,0.04988830975428146,0.004467609828741623,0.022338049143708117,0.02531645569620253,0.017870439314966492,0.0007446016381236039,0.011913626209977662,0.0022338049143708115,0.0029784065524944155,0.022338049143708117,0.0029784065524944155,0.021593447505584513,0.01712583767684289,0.01340282948622487,0.029039463886820552,0.04690990320178704,0.004467609828741623,0.04244229337304542,0.024571854058078928,0.016381236038719285,0.09977661950856292,0.0029784065524944155,0.05286671630677588,0.02308265078183172,0.03648548026805659,0.06329113924050633,0.06031273268801191,0.008935219657483246,0.028294862248696945,0.014147431124348473,0.006701414743112435,0.040208488458674606,0.0029784065524944155,0.014892032762472078,0.004467609828741623,0.008935219657483246,0.008190618019359643,0.0014892032762472078,1.0,-0.060439282735077156,0.021315104595888226,-0.016619494710373123,3.9002912756160635e-05,0.008743331050966552,0.048494613002777215,-0.018498148889567183,-0.026185077363538124,-0.007690296328715587,0.026622047724488545,-0.0050601435677085005,-0.04207162404237298,0.0031899439135033144,0.019499862875364937,-0.03087439397537124,0.010933011497673338,-0.05934585038082939,0.00573423228189222,-0.004806409541563544,-0.010994243244622498,0.02094675002012616,-0.016841016323970368,0.03581407658542823,0.021995589672229855,-0.01468596163291901,0.03252017090408815,-0.010559551527829515,0.013118755576755955,0.033203624404851674,0.002375262911376923,-0.03189642612575731,-0.003561879886733501,0.01305088089671322,0.024467689851592492,-0.018592942744737287,0.018270089876603775,0.04461768688978987,-0.03438971391707397,0.02363104615745639,-0.010823481702955563,1.0,-0.060484319458426666,0.0177534900926802,-0.014371755007059329,-0.0021853655716609593,0.009276601699420092,0.04979523485920777,-0.013219995614285034,-0.03000507954482352,-0.00901141702957397,0.026698931009531034,-0.0035445603088779106,-0.04684867599912266,0.0010950518512067187,0.024866331316731743,-0.031106008582813125,0.002541585616350777,-0.05597116054596776,0.0038213733322778817,-0.003972065631247307,-0.0187173605816361,0.023221121757985068,-0.010915898898247378,0.037845425688452436,0.022690311161267993,-0.014861175002859826,0.033841648393777485,-0.008022343237643174,0.01092369778317711,0.030011535069599384,0.004369801971706253,-0.028867635748525407,-0.012576558217817677,0.016728207816583317,0.021035902480668375,-0.018179783951402777,0.01972833935562386,0.051530112487159684,-0.02508893763571293,0.012500649631827168,-0.005494644076133886
3.504522052180569,0.6255106811019234,0.8808637379002234,5.0,116.0,124.0,112.0,95.0,95.0,25.0,25.0,8.0,9.0,5.0,5.0,134.0,117.0,129.0,119.0,118.0,125.0,111.0,123.0,117.0,115.0,119.0,116.0,0.20032051282051283,0.358974358974359,0.4407051282051282,0.2647262647262647,0.325017325017325,0.41025641025641024,0.01563663440059568,0.006701414743112435,0.011169024571854059,0.017870439314966492,0.01712583767684289,0.011913626209977662,0.0029784065524944155,0.0052122114668652275,0.005956813104988831,0.004467609828741623,0.04244229337304542,0.01340282948622487,0.04244229337304542,0.0037230081906180195,0.026061057334326135,0.02531645569620253,0.026061057334326135,0.0014892032762472078,0.00967982129560685,0.0022338049143708115,0.0052122114668652275,0.02531645569620253,0.0037230081906180195,0.029784065524944156,0.014147431124348473,0.008935219657483246,0.02308265078183172,0.03052866716306776,0.005956813104988831,0.024571854058078928,0.027550260610573342,0.011913626209977662,0.10498883097542815,0.0014892032762472078,0.054355919583023084,0.023827252419955324,0.04393149664929263,0.06031273268801191,0.06775874906924795,0.005956813104988831,0.024571854058078928,0.01340282948622487,0.0052122114668652275,0.04169769173492182,0.0037230081906180195,0.02084884586746091,0.0022338049143708115,0.010424422933730455,0.007446016381236039,0.0052122114668652275,1.0,0.016487860498107545,0.04695283842702915,0.05576235589872707,0.0012874006108495525,0.04763375061325914,0.0009674861172204231,-0.04583553654769182,0.007482920538521064,-0.09602242532550981,-0.022611459110740556,-0.02128867035219919,-0.043441505750812105,-0.004755529956485364,-0.0024104005597484373,-0.023168596807933563,0.005839401231373339,-0.023819284065737766,0.007924693852291366,-0.00865167252405186,-0.032590905531824026,0.03086812069942383,0.005900767846014888,0.011301931135174423,0.016172918735674977,0.0053679827709076176,0.035027485110405224,0.019563109472459348,0.031797838113530714,0.008680187774839653,-0.017417938241150652,0.02336760392789184,0.035845096921623465,-0.013043061471768492,-0.002831127819989901,0.0055271974298772945,0.01996482328492423,-0.03347423512766362,-0.01576982830002136,-0.032610292295771816,-0.05389288502517469,1.0,0.016500146534246213,0.04676334174196172,0.0545100049655899,-0.002517019685468282,0.04293237124844536,-0.003251034751181966,-0.050414067164463,0.004054035621578443,-0.09320994660847468,-0.017952505879730532,-0.013416115836713765,-0.027763022930629985,-0.00035902330792197116,0.009326493226151285,-0.017030877840543295,-0.0002776709408497758,-0.02039087254237047,0.0005907600421441838,-0.014483878010415344,-0.03318282334481346,0.02624095304712327,0.007325585171402026,0.01238599179440719,0.007693419517873622,0.007104717644815852,0.02625561216330893,0.01308284341000054,0.028637745318758682,-0.00492124216721574,-0.019036275023587842,0.02023750832334714,0.037033858457335374,-0.009776531843121012,-0.0048549524504378026,0.013126307983382228,0.026001823708251263,-0.0347118387493092,-0.010079102044155576,-0.03205281838929194,-0.04952056921719675
3.522818142007289,0.6590906427770518,0.8875651526433358,2.0,111.0,128.0,127.0,117.0,81.0,56.0,31.0,39.0,6.0,15.0,1.0,134.0,123.0,131.0,127.0,126.0,130.0,111.0,129.0,117.0,124.0,127.0,117.0,0.15966386554621848,0.40476190476190477,0.43557422969187676,0.2627005347593583,0.3302139037433155,0.4070855614973262,0.01712583767684289,0.008935219657483246,0.01563663440059568,0.014147431124348473,0.01563663440059568,0.012658227848101266,0.0007446016381236039,0.0052122114668652275,0.0037230081906180195,0.0037230081906180195,0.04095309009679821,0.01340282948622487,0.03052866716306776,0.005956813104988831,0.0193596425912137,0.03201787043931496,0.014892032762472078,0.0014892032762472078,0.006701414743112435,0.005956813104988831,0.004467609828741623,0.02084884586746091,0.0052122114668652275,0.024571854058078928,0.014147431124348473,0.01712583767684289,0.0193596425912137,0.0379746835443038,0.005956813104988831,0.03201787043931496,0.028294862248696945,0.011913626209977662,0.10498883097542815,0.0052122114668652275,0.05361131794489948,0.026061057334326135,0.03425167535368578,0.06403574087862993,0.06180193596425912,0.011913626209977662,0.039463886820551006,0.012658227848101266,0.008935219657483246,0.04393149664929263,0.0029784065524944155,0.01563663440059568,0.0037230081906180195,0.007446016381236039,0.011169024571854059,0.0014892032762472078,1.0,0.016043300494472768,-0.0015178736334908515,-0.003514588054598283,0.045468273039488215,0.03627368288406515,0.01585888640622742,0.014156933462241169,-0.04544264665962806,-0.012162445608268737,0.01412857802753009,-0.036460965618732064,0.018238650597061364,-0.02052571593724629,0.03878682455007272,0.02015144503502475,0.020909655201052785,0.00760197182477291,-0.028872410069188895,0.009870357929072636,0.03837452011834848,0.019347318259015298,-0.01069619668453524,-0.025383850500827834,-0.012580861067439893,-0.0015443430409800402,-0.07143129261903378,0.005402715973759258,-0.02537399324600983,0.012895500718853653,0.015061664025407531,0.017988449876321033,-0.01470341249823307,-0.02118559921590084,-0.0009096710545592176,0.07400099990557564,0.01981338670952145,-0.02502650256078756,0.009873169047786791,-0.0028905809694571754,0.00893945298859928,1.0,0.01605525526384273,-0.0017783670605644472,-0.0034703603321243107,0.04572631443332332,0.03500518878182868,0.015011276898129743,0.01429732055392931,-0.048038166015994345,-0.014047832747384711,0.011934372460369928,-0.04019333042300376,0.022734246449446483,-0.017389862687523332,0.04083059184867341,0.023976606525032907,0.019298726828994226,0.007553530208735083,-0.03050492108450449,0.002836184639251833,0.03549940884126633,0.014092332533357706,-0.009013936873582224,-0.019737998384354243,-0.016012663405213023,-0.0001296628952247018,-0.07916640777868811,0.010834916971602045,-0.020915305908521618,0.014898568118944602,0.02290305963443428,0.020466895425050823,-0.01117147019084525,-0.018762844935429672,-0.012683771857146146,0.0703203280834452,0.014111133991021206,-0.029377030728066893,0.024866335338473246,-0.010573735588883677,0.010149006185310196
3.4598438324811527,0.61772682749652,0.8749069247952346,2.0,111.0,125.0,116.0,90.0,87.0,19.0,32.0,10.0,10.0,7.0,2.0,134.0,111.0,129.0,119.0,113.0,126.0,113.0,124.0,111.0,117.0,119.0,113.0,0.19803600654664485,0.3698854337152209,0.4320785597381342,0.26871938418474456,0.3219034289713086,0.4093771868439468,0.01712583767684289,0.0052122114668652275,0.014892032762472078,0.018615040953090096,0.012658227848101266,0.018615040953090096,0.0022338049143708115,0.008935219657483246,0.0029784065524944155,0.0037230081906180195,0.02680565897244974,0.008935219657483246,0.034996276991809384,0.008190618019359643,0.01563663440059568,0.03127326880119136,0.016381236038719285,0.0022338049143708115,0.0052122114668652275,0.007446016381236039,0.0029784065524944155,0.029039463886820552,0.0029784065524944155,0.03425167535368578,0.011169024571854059,0.008935219657483246,0.028294862248696945,0.04244229337304542,0.0037230081906180195,0.03201787043931496,0.03052866716306776,0.008935219657483246,0.11243484735666419,0.0022338049143708115,0.06478034251675353,0.023827252419955324,0.026061057334326135,0.05956813104988831,0.06701414743112435,0.008935219657483246,0.03425167535368578,0.016381236038719285,0.0052122114668652275,0.05137751303052867,0.0022338049143708115,0.011169024571854059,0.0029784065524944155,0.006701414743112435,0.006701414743112435,0.0007446016381236039,1.0,0.023456608122940238,0.04605891703067824,-0.014674527752832187,-0.01872383653877171,0.017978848431190863,-0.010784836338557282,0.019995693785436416,-0.028138298754754803,0.010515195707914322,-0.01975470443762097,-0.03001289082082286,0.006445428167923673,-0.0219768128912547,0.022672748008567535,-0.023452185361927013,-0.04662368838417267,0.023011968881556617,-0.027904762545377344,0.027908639970032272,-0.012105377991515493,-0.022030062558537126,0.03991841234117629,0.03599972689820596,0.006503731383679548,0.01954361952419955,-0.00512416922631298,-0.03079488580953328,0.005753018842103092,-0.037696292436126294,-0.013520582704656095,0.007823511904450266,-0.04929051405066133,0.0033959461123245337,0.010387587776319328,0.023311307855047547,0.004342823725270827,0.024292789135894558,0.006221766426534608,-0.02087496242908568,-0.01863617831218529,1.0,0.023474086966548995,0.04560170569402666,-0.01685558554647246,-0.02022311934189866,0.02046327389621228,-0.01018463610294221,0.018233727883487268,-0.028104517354351478,0.010594524424025078,-0.01803312943280257,-0.030218932005118795,0.008162043192318242,-0.018593932476388297,0.02033638302880582,-0.02202097051898451,-0.04922062807514333,0.028432456606113845,-0.024496217092876964,0.022441047326670557,-0.009633524655526504,-0.026359056304902977,0.043561243029740675,0.03847297078867872,-0.005194549763524421,0.022379772429518698,-0.010251597242663458,-0.03173616875142273,0.00802453091497412,-0.04017346771412521,-0.00876748259507835,0.006812967515831608,-0.05164754840141683,0.008748073851870125,0.01581468978780849,0.025854348644670695,-0.00045283044322606055,0.02092003712983446,0.0108668961098412,-0.022234193496464588,-0.023449847207405092
3.4996181626238654,0.6428369845289398,0.8883097542814594,8.0,108.0,121.0,124.0,92.0,70.0,34.0,35.0,30.0,18.0,30.0,5.0,134.0,113.0,129.0,127.0,125.0,130.0,83.0,127.0,119.0,121.0,123.0,106.0,0.1674074074074074,0.39111111111111113,0.4414814814814815,0.2720946416144746,0.34237995824634654,0.38552540013917885,0.0193596425912137,0.008190618019359643,0.011169024571854059,0.017870439314966492,0.011169024571854059,0.010424422933730455,0.0022338049143708115,0.008935219657483246,0.0029784065524944155,0.004467609828741623,0.03723008190618019,0.011169024571854059,0.03350707371556218,0.005956813104988831,0.021593447505584513,0.029039463886820552,0.014892032762472078,0.0014892032762472078,0.011169024571854059,0.0029784065524944155,0.0029784065524944155,0.03127326880119136,0.0022338049143708115,0.027550260610573342,0.00967982129560685,0.01563663440059568,0.03276247207743857,0.0379746835443038,0.0052122114668652275,0.04690990320178704,0.018615040953090096,0.01712583767684289,0.0975428145941921,0.0014892032762472078,0.040208488458674606,0.02308265078183172,0.03127326880119136,0.07446016381236038,0.06478034251675353,0.008935219657483246,0.03052866716306776,0.0193596425912137,0.006701414743112435,0.05063291139240506,0.0052122114668652275,0.008935219657483246,0.0014892032762472078,0.010424422933730455,0.008190618019359643,0.0029784065524944155,1.0,-0.017915242302183703,-0.06166427086722482,0.06371385444136306,-0.04618476893763766,-0.024630483468244334,-0.004415509442884113,-0.004338886470528081,-0.016434191532931144,0.005025972884596541,0.01487358511262612,0.014529407218527723,3.253671901020067e-05,-0.042181478083635864,0.011172264689161661,-0.03067742605586962,-0.01108803578857409,0.051626736557343844,-0.016009024917767543,-0.005314018846189967,0.0011100143493612863,0.016370286827799452,-0.018385208304997052,-0.036421276243338095,0.01585802851384332,-0.007028450154969687,-0.017780436146040076,0.038427038656719294,-0.04206713681937433,-0.054172519139700406,0.03357440359798533,1.4918138425379397e-05,0.03409049050964358,0.04276504963689788,-0.06836254861174917,0.0574714972696882,-0.025198425930737064,-0.025367333542303833,-0.02192752346694723,0.008532220140761701,0.03127746621012963,1.0,-0.017928591961127206,-0.06209763318564389,0.06182541940018517,-0.04839201540492162,-0.018495289956159334,-0.014984653667993774,-0.0014474475253335414,-0.017607290207540725,0.003410507533404265,0.012054531440592372,0.017088697525671145,-0.00018576194069464092,-0.04313191285039892,0.0094460710961868,-0.034502892161907495,-0.004888454746159907,0.043689899716607354,-0.01239817185307325,-0.0019292569214688544,-0.009326009030810628,0.01987375739787782,-0.017959511830649675,-0.03524063863474496,0.011397590416584596,-0.005356300223264367,-0.015119282622593782,0.03271142782028478,-0.048430068052110586,-0.05109444177413407,0.024645985362474237,-0.0018455030445683805,0.04655198962321868,0.03657532467376928,-0.06733253089976585,0.059776118903844114,-0.03865915379637584,-0.006984871419531662,-0.04115340029951213,0.016985225094434113,0.03934037723272774
3.4578547308903858,0.6480785838646943,0.885331347728965,8.0,104.0,126.0,117.0,96.0,71.0,14.0,46.0,27.0,1.0,7.0,0.0,134.0,108.0,128.0,121.0,117.0,130.0,87.0,123.0,112.0,113.0,111.0,99.0,0.2025931928687196,0.3905996758508914,0.406807131280389,0.279826464208243,0.3347794649313087,0.3853940708604483,0.014892032762472078,0.008190618019359643,0.007446016381236039,0.011913626209977662,0.01563663440059568,0.00967982129560685,0.0007446016381236039,0.00967982129560685,0.0037230081906180195,0.0022338049143708115,0.04095309009679821,0.00967982129560685,0.03723008190618019,0.0052122114668652275,0.021593447505584513,0.021593447505584513,0.0193596425912137,0.0014892032762472078,0.007446016381236039,0.008935219657483246,0.0037230081906180195,0.03350707371556218,0.0037230081906180195,0.028294862248696945,0.01563663440059568,0.010424422933730455,0.029784065524944156,0.05063291139240506,0.0052122114668652275,0.03425167535368578,0.02680565897244974,0.007446016381236039,0.10871183916604617,0.0052122114668652275,0.04095309009679821,0.024571854058078928,0.03127326880119136,0.07222635889798958,0.07222635889798958,0.008935219657483246,0.03052866716306776,0.021593447505584513,0.0052122114668652275,0.045420699925539834,0.0022338049143708115,0.008935219657483246,0.0014892032762472078,0.0052122114668652275,0.005956813104988831,0.0022338049143708115,1.0,0.051685177903808874,0.05092126099414659,0.015283730910735129,-0.025388956715746598,0.013182814065779624,-0.012328530709558467,-0.007118287546920155,0.05258316036871674,0.009689629003734764,0.019752861014768305,0.03195973538894666,-0.005641375700447894,0.01662782585513766,-0.001696895442911285,-0.0015337385136711197,0.006357250633042465,0.03156024300796511,-0.03199743078993584,0.04277881091628092,-0.01790707096303899,-0.0007077303526931673,-0.008585119705656567,0.016854967472890118,0.01789964881734961,-0.00035045211046347036,-0.014719881340748654,0.03856395373408553,-0.006934704353865607,-0.024495048580174598,0.047549432818554935,-0.009108866294053032,0.016177262801331478,-0.0013535658108761207,-0.0039833367548968894,0.0243373358041176,-0.02746683701339451,0.003977341519045382,-0.06088175819363949,0.0015381905587392765,0.0013066889273744883,1.0,0.05172369144919175,0.0484514901657273,0.010353839256729537,-0.029341797204881247,0.014729267090603373,-0.011253740275934314,-0.006690319654268162,0.05397136580608576,0.006298157402425414,0.013182224738449063,0.028616519184126617,-0.00769899394777637,0.012849129907329624,-0.0012867280053864118,-0.0005271659826065469,0.0029315060305353034,0.03325832512688047,-0.038432742084333366,0.041003709026654706,-0.019445196516441502,-0.0030553078290253308,-0.011149922057381396,0.02346856071572818,0.013242478179513618,-0.005694202967820144,-0.014312040894153723,0.037179904499758866,-0.009064335183916805,-0.02668015170351596,0.049946250255955824,-0.008257429667529558,0.008294459419736808,-0.0027534235134932072,-0.0021068390621467466,0.0209044235646025,-0.03238550585604854,0.011584714328934459,-0.07169273745448666,0.015396068457292645,-0.0011088908543522651
3.522700479621727,0.628199810294224,0.885331347728965,6.0,110.0,118.0,125.0,83.0,89.0,44.0,28.0,21.0,3.0,5.0,4.0,134.0,113.0,127.0,127.0,123.0,129.0,103.0,126.0,125.0,122.0,123.0,111.0,0.19339622641509435,0.36477987421383645,0.4418238993710692,0.265892002734108,0.3397129186602871,0.3943950786056049,0.016381236038719285,0.011913626209977662,0.016381236038719285,0.014147431124348473,0.014892032762472078,0.01563663440059568,0.0029784065524944155,0.0052122114668652275,0.0052122114668652275,0.0022338049143708115,0.03723008190618019,0.0052122114668652275,0.04095309009679821,0.0052122114668652275,0.021593447505584513,0.020104244229337303,0.01712583767684289,0.0022338049143708115,0.008190618019359643,0.004467609828741623,0.0052122114668652275,0.022338049143708117,0.0022338049143708115,0.024571854058078928,0.012658227848101266,0.011169024571854059,0.03127326880119136,0.045420699925539834,0.0029784065524944155,0.029784065524944156,0.023827252419955324,0.018615040953090096,0.10275502606105734,0.004467609828741623,0.049143708116157855,0.02308265078183172,0.04169769173492182,0.055100521221146684,0.0573343261355175,0.01340282948622487,0.03723008190618019,0.018615040953090096,0.011169024571854059,0.04393149664929263,0.0007446016381236039,0.017870439314966492,0.0029784065524944155,0.011913626209977662,0.011169024571854059,0.0,1.0,-0.006829397835800163,-0.00034363089766439647,-0.05448330270044322,-0.04271052882406351,0.01298479484083818,-0.027788215684775252,-0.00624202751588817,0.02530379820093583,0.006728476372777575,0.007334000913515127,-0.012070483953792219,-0.0021219533491148605,-0.015127519378875878,-0.04213874754396612,-0.013081153226160078,-0.012039469213212585,0.018818526177163872,0.010920654299246588,-0.051341148761481596,0.02036771731855998,0.05133456053321045,0.0034195612848565457,0.0005498155777050117,-0.05552704137793023,-0.010912099965481268,0.01839452981928049,-0.014767815975291091,-0.0060371277549938224,-0.004334859177126428,0.02519956761507714,0.0056608765135586474,-0.016355714463255972,-0.018033922748820132,-0.05234335825961052,0.009908446452981218,0.04480498296684132,-0.010496031509137074,0.014124669663052937,-0.0006773184648125082,-0.018008038370262398,1.0,-0.006834486805871547,-0.00039087186474538423,-0.05461286393700533,-0.04371857882249925,0.01233686298723924,-0.030890385358720716,-0.01157063374975936,0.024934102165712207,0.005031933137967199,0.003850891778259175,-0.009287393893120279,-0.00010767922010259045,-0.015445803556530625,-0.042642004240308,-0.01453289567488986,-0.014374035753358588,0.011945897769662222,0.006042701018804473,-0.05431890387344026,0.01838811275650327,0.05508324328214602,-0.00019034010232194434,-0.00012175440626583338,-0.04644756896821533,-0.012384696893914596,0.016771308731872915,-0.016958599683188146,-0.01391365756322682,-0.006124809903999829,0.020468410206852233,0.0032063338584961245,-0.014320328740254762,-0.019064395237824293,-0.05164848377349499,0.009793752539466483,0.049208774545514915,-0.01609543497205894,-0.0007178505591888296,0.004122542605000495,-0.014979491243782153
3.4254403409117185,0.6214578538982614,0.8749069247952346,11.0,61.0,115.0,112.0,68.0,89.0,10.0,53.0,18.0,16.0,12.0,2.0,134.0,66.0,124.0,118.0,102.0,122.0,29.0,121.0,103.0,110.0,117.0,78.0,0.2698412698412698,0.37742504409171074,0.3527336860670194,0.30800653594771243,0.35375816993464054,0.3382352941176471,0.00967982129560685,0.007446016381236039,0.012658227848101266,0.006701414743112435,0.014147431124348473,0.017870439314966492,0.0,0.011913626209977662,0.0029784065524944155,0.0014892032762472078,0.034996276991809384,0.006701414743112435,0.04095309009679821,0.007446016381236039,0.016381236038719285,0.020104244229337303,0.01340282948622487,0.0029784065524944155,0.014147431124348473,0.0037230081906180195,0.0022338049143708115,0.029039463886820552,0.005956813104988831,0.02680565897244974,0.00967982129560685,0.008935219657483246,0.03723008190618019,0.04393149664929263,0.0022338049143708115,0.040208488458674606,0.01712583767684289,0.01340282948622487,0.12211466865227104,0.0037230081906180195,0.04690990320178704,0.02308265078183172,0.0387192851824274,0.06478034251675353,0.06850335070737155,0.006701414743112435,0.03723008190618019,0.014892032762472078,0.005956813104988831,0.049143708116157855,0.0029784065524944155,0.018615040953090096,0.0022338049143708115,0.0029784065524944155,0.006701414743112435,0.0022338049143708115,1.0,-0.052994268248529826,0.021522024792182303,0.04881755395094782,0.052128369311107293,0.04120679504040818,-0.014558908217159687,0.0746081875433258,0.056294152167279045,-0.023591322278354688,0.01975606450432322,0.002119578066167083,0.05494453991548544,-0.025074833339061284,0.03619656689021279,-0.011688636999277992,-0.03837027210759333,0.07874327604615544,-0.01978773167424264,0.0022882266095165197,-0.0008811197107910377,0.03909761137620561,0.026996546938324435,-0.009469687081543079,-0.0041185010373995705,-0.022350111683114217,0.03225553329619004,-0.019025304664572643,-0.03144348914927372,-0.007254114436577604,0.0029636616093026568,0.0005042493116949201,-0.008273233730827155,0.003164141437356632,0.00858561470134156,0.05329135441943224,-0.051578302643212046,0.009096263092934402,0.04010040858212443,-0.004807905348022601,0.004338128521531415,1.0,-0.053033757271069716,0.01879440460830561,0.05120725873383346,0.057462427427562746,0.045587229719332524,-0.014779807593166012,0.06661034594332209,0.05865591275671621,-0.023425133740110026,0.007793664826647255,-0.007618141439977761,0.04550987194634171,-0.02143070973904327,0.029555943642178506,-0.022093458041993707,-0.045218958009426956,0.07347063645970212,-0.010990371706411057,-0.0061231421620862115,-0.004101463669878722,0.03751873026458705,0.024108319405472915,0.005047939019431242,-0.01950862994504061,-0.037437207508052246,0.029478563656857897,-0.013525083197314639,-0.03455861951006594,-0.026905208492099965,0.009773297449995031,0.0002926839043016539,0.005138787294341335,0.006320458356168971,-0.0015890058413847376,0.06766675530721926,-0.04185704377807288,0.007286284294005931,0.029919082619133897,-0.0005879321538162652,0.002831110644139357
3.523100593241331,0.6333270241668674,0.8875651526433358,4.0,113.0,115.0,121.0,113.0,74.0,22.0,28.0,10.0,12.0,4.0,1.0,134.0,113.0,119.0,125.0,118.0,127.0,113.0,127.0,113.0,115.0,119.0,113.0,0.17179902755267423,0.41491085899513774,0.413290113452188,0.27019498607242337,0.3279944289693593,0.40181058495821725,0.014892032762472078,0.010424422933730455,0.014147431124348473,0.014147431124348473,0.01712583767684289,0.014147431124348473,0.0014892032762472078,0.007446016381236039,0.0022338049143708115,0.0022338049143708115,0.03425167535368578,0.00967982129560685,0.03127326880119136,0.00967982129560685,0.021593447505584513,0.026061057334326135,0.012658227848101266,0.0037230081906180195,0.012658227848101266,0.004467609828741623,0.004467609828741623,0.02680565897244974,0.0022338049143708115,0.018615040953090096,0.01563663440059568,0.014147431124348473,0.027550260610573342,0.03723008190618019,0.0029784065524944155,0.0387192851824274,0.03276247207743857,0.01340282948622487,0.10126582278481013,0.0037230081906180195,0.04393149664929263,0.03127326880119136,0.028294862248696945,0.058078927773641105,0.06850335070737155,0.00967982129560685,0.0379746835443038,0.020104244229337303,0.008935219657483246,0.04988830975428146,0.0014892032762472078,0.014892032762472078,0.0037230081906180195,0.00967982129560685,0.008935219657483246,0.0007446016381236039,1.0,0.0069391881577272555,0.008028505689008932,0.016089242906767397,0.020507372017428596,-0.009302333970488297,0.00625982738868972,0.05394323329102395,0.004053251537014502,0.018839886389566542,0.004980522913366608,-0.059416113241494664,-0.025909811383206503,-0.00260011258194517,-0.026585037593908192,-0.023191947972175136,-0.029977511088417973,-0.03338425478650232,-0.04367921170202383,-7.423239912037746e-05,-0.003145004776469658,-0.056481172857486946,-0.020833033135798526,-0.006815039695493401,-0.04432656184182397,0.005507973401640612,0.05993153195169066,0.030275482705096477,0.011668307139836747,0.011251849504800696,0.002964460765430508,-0.04501615335561514,-0.01104003323236413,0.041495593416513696,-0.003941704089591272,0.008312785797508505,-0.02695601662810729,0.020545222507059778,0.00968129782877402,0.02951923582837175,0.013147557877528809,1.0,0.0069443589387687705,0.007992640914580918,0.016016165598811378,0.020292493499558535,-0.009870291391209703,0.00584053399161712,0.05369053583070034,0.0031787599514752217,0.018322422879141445,0.002740629803625281,-0.06265597764854722,-0.025315483777157692,-0.0028110652453049527,-0.027568162053888585,-0.020481724255897116,-0.03208461538169605,-0.03312916896670304,-0.035743866003733485,0.005098583608911277,0.002221003670889356,-0.0515041638166256,-0.020772586212069614,-0.005339515344688794,-0.039738042120950584,0.011332356930050134,0.060184225863756435,0.02923616189149394,0.012747600160826083,0.004118518165929251,-0.0004283682607708727,-0.04444740380536823,-0.02288307011151985,0.0302064479683815,-0.01248347736838967,-0.004724351239347938,-0.03775217989282841,0.02200575737208771,0.01541522045237675,0.02952469567870212,0.013757132879831283
3.488872474749604,0.6140273810969732,0.8763961280714817,5.0,108.0,122.0,120.0,101.0,88.0,28.0,36.0,8.0,9.0,4.0,4.0,134.0,111.0,127.0,127.0,120.0,124.0,101.0,123.0,111.0,113.0,115.0,109.0,0.2037914691943128,0.37598736176935227,0.42022116903633494,0.2692579505300353,0.33286219081272084,0.3978798586572438,0.012658227848101266,0.008190618019359643,0.014892032762472078,0.014147431124348473,0.017870439314966492,0.01340282948622487,0.0022338049143708115,0.008190618019359643,0.0022338049143708115,0.0022338049143708115,0.029039463886820552,0.007446016381236039,0.03276247207743857,0.0037230081906180195,0.02084884586746091,0.02680565897244974,0.0193596425912137,0.0022338049143708115,0.008935219657483246,0.004467609828741623,0.0052122114668652275,0.02680565897244974,0.0029784065524944155,0.02531645569620253,0.011913626209977662,0.010424422933730455,0.03052866716306776,0.039463886820551006,0.004467609828741623,0.04095309009679821,0.028294862248696945,0.012658227848101266,0.09828741623231571,0.0052122114668652275,0.06031273268801191,0.022338049143708117,0.03723008190618019,0.06329113924050633,0.07297096053611318,0.007446016381236039,0.029784065524944156,0.012658227848101266,0.004467609828741623,0.049143708116157855,0.0029784065524944155,0.01712583767684289,0.0,0.014147431124348473,0.006701414743112435,0.0052122114668652275,1.0,0.003916922254439274,0.007477825240443159,0.04060182631525834,-0.03311617956635118,0.01876495714818754,0.01613068719601297,0.02988948448490028,-0.012724852338220667,-0.021323407386843657,0.019890930483034572,0.017783162834276733,0.03537792289276093,-0.013036204964291013,-0.03381453483657092,0.018807326526202366,-0.039007430818487204,-0.0011599957374488245,-0.009076499781044195,-0.0079959426941949,0.05120418773593976,0.0008821622169375655,0.007706735174313977,-0.015639111386656766,-0.0068197808557537995,-0.0019166165602931765,-0.005150624958039163,-0.02534741798452072,0.03842090253253991,-0.014511394538116484,0.007603345140915423,0.00810008256243692,0.03784338335307186,-0.02816040844332049,-0.04738846917270178,0.06717937337741979,0.005015631481450782,-0.007833521339771856,0.018367770079343364,-0.050300401272851195,0.005303904372636818,1.0,0.003919840974450041,0.007473727532498316,0.040637188113574314,-0.03363307603703873,0.01857147162890072,0.014898577601084017,0.0324420524329771,-0.016047336593161935,-0.021865616767448408,0.018717166706550954,0.020910854997509994,0.03479060469304461,-0.0174919465767485,-0.0348225260259842,0.019072448544471238,-0.03574534607256557,-0.002990699682477792,-0.014489707130434142,-0.002635246910613912,0.05333704958505588,0.004450567727656842,0.0033460490881108175,-0.02010543334827116,-0.002359466541807609,-0.0026045157686625316,-0.0025953718416541695,-0.03205483955303403,0.04411414390146237,-0.01076008689480536,0.007464842660780037,0.002000165501228577,0.0369611526346738,-0.030092394694473813,-0.04547815081435701,0.0643998799110095,0.014749204496360984,-0.008000953559733305,0.011068009494103945,-0.04867786347147521,0.0038530836241590697
3.496185679704201,0.6316368092891504,0.8823529411764706,4.0,113.0,128.0,125.0,104.0,83.0,29.0,21.0,7.0,13.0,11.0,0.0,134.0,112.0,131.0,127.0,123.0,130.0,107.0,127.0,113.0,121.0,125.0,111.0,0.16927899686520376,0.390282131661442,0.44043887147335425,0.2676249144421629,0.33127994524298426,0.4010951403148528,0.02084884586746091,0.008935219657483246,0.011169024571854059,0.012658227848101266,0.016381236038719285,0.014892032762472078,0.0014892032762472078,0.008190618019359643,0.008190618019359643,0.0022338049143708115,0.04095309009679821,0.00967982129560685,0.03350707371556218,0.00967982129560685,0.01563663440059568,0.023827252419955324,0.016381236038719285,0.0029784065524944155,0.0052122114668652275,0.005956813104988831,0.0007446016381236039,0.03052866716306776,0.0029784065524944155,0.03723008190618019,0.012658227848101266,0.00967982129560685,0.02680565897244974,0.03723008190618019,0.0052122114668652275,0.03052866716306776,0.024571854058078928,0.008935219657483246,0.09381980640357408,0.0014892032762472078,0.055100521221146684,0.028294862248696945,0.0379746835443038,0.06626954579300075,0.06626954579300075,0.008935219657483246,0.03052866716306776,0.020104244229337303,0.008190618019359643,0.05286671630677588,0.0052122114668652275,0.011913626209977662,0.0014892032762472078,0.008935219657483246,0.005956813104988831,0.0007446016381236039,1.0,0.0022434747040843564,-0.05655561492066717,0.017622644165436917,0.0013949490676488387,-0.016468077803420796,-0.015169174739164624,-0.06644634982888444,0.03270338378667902,0.022181009970931875,-0.023486443277745402,-0.017120801877920006,-0.0008395872732362327,-0.020676874827788044,-0.03666255690005327,-0.006165713573867701,0.012809987468778353,0.0059478775415061904,-0.009156212488546901,-0.009468141365203334,0.010141039948413874,-0.012432924316532062,0.0041717335102037815,0.0389429762637154,-0.039944225499483337,-0.02084316232123853,0.016719340043098323,0.007877689095196474,0.025220761151584052,-0.0014751804975118511,-0.03006805923884371,-0.020120721173318503,-0.02092480193700609,0.019554269749006467,0.025043369357371975,-0.010219221773169784,0.0010779457989189985,-0.024383695926421128,0.04310102663485989,0.005352287928558481,-0.02751106129646344,1.0,0.0022451464438042333,-0.056645289553116054,0.017981430290357737,-0.001918732822122716,-0.01455965359641302,-0.015536530365062754,-0.06871808351529503,0.03234264085584245,0.01506578430370411,-0.018199595732251897,-0.01683067402698465,-0.0063750749638325985,-0.023041557799713185,-0.04007508485475429,-0.004277275838765321,0.009778955498163011,0.0020083863799405335,-0.010326549535507244,-0.010437590775147757,0.005373333693166685,-0.01781753126336377,0.008057476684679415,0.040109453877987505,-0.04332660694160932,-0.020889209104435195,0.009660559950801935,0.007907986966520722,0.025822037127432834,-0.0009163465833395717,-0.02403160609461246,-0.030997634566499614,-0.027331658732082997,0.025937920850970627,0.02612923473884285,-0.008513076540108947,0.0001810606587575873,-0.032242019757547404,0.041770616060301635,0.0018116511985672486,-0.01597442436112796
3.505020470197571,0.6537705573433518,0.8860759493670886,7.0,107.0,122.0,116.0,87.0,76.0,32.0,18.0,5.0,4.0,8.0,1.0,134.0,109.0,127.0,117.0,117.0,116.0,100.0,119.0,113.0,117.0,117.0,109.0,0.1732418524871355,0.36363636363636365,0.4631217838765009,0.2645161290322581,0.3326164874551971,0.4028673835125448,0.0193596425912137,0.005956813104988831,0.010424422933730455,0.008190618019359643,0.00967982129560685,0.014892032762472078,0.0029784065524944155,0.0052122114668652275,0.0052122114668652275,0.0029784065524944155,0.03723008190618019,0.010424422933730455,0.03350707371556218,0.0052122114668652275,0.023827252419955324,0.02680565897244974,0.014147431124348473,0.004467609828741623,0.008935219657483246,0.005956813104988831,0.0037230081906180195,0.021593447505584513,0.0029784065524944155,0.028294862248696945,0.0193596425912137,0.012658227848101266,0.029784065524944156,0.049143708116157855,0.0052122114668652275,0.045420699925539834,0.029784065524944156,0.008190618019359643,0.10052122114668652,0.0007446016381236039,0.06329113924050633,0.02308265078183172,0.03350707371556218,0.05658972449739389,0.05956813104988831,0.006701414743112435,0.03350707371556218,0.017870439314966492,0.01340282948622487,0.03648548026805659,0.0022338049143708115,0.014147431124348473,0.0052122114668652275,0.011913626209977662,0.008935219657483246,0.0007446016381236039,1.0,0.0365311984267089,0.00549816032915569,0.037149523176512045,0.01810466356925676,0.005442787046360044,-0.00698370352448247,-0.03560468287091028,0.007268721422065323,-0.03587078146112379,-0.0012845916116545838,-0.0166712061625003,0.01393289416306775,0.021178228972526716,0.013228494416485671,0.004270224908219772,-0.019716391239194248,0.047360773144794366,-0.029842431951648363,-0.032850302091292284,0.04094836101296052,-0.012170233297713868,0.005792983357490269,-0.018046112033996118,-0.025494114205525685,0.027799002010428012,0.012396745405023245,-0.016676559008757082,0.005329751183128549,0.026384970519704495,-0.01570387174018866,0.01965136781239435,0.031506254286049265,0.03167566299418354,0.010751275686359925,-0.032826851981912764,-0.022536009149805813,0.00276494923717012,0.045405718422169165,0.041318061074877926,0.03752932878402214,1.0,0.036558419886043275,0.004175422882677713,0.03692958361148466,0.01548538467345967,0.0039567696443865465,-0.008866789755276732,-0.036605522125885206,0.009348444399792698,-0.036186243791931465,0.004180497704512702,-0.016079317786468393,0.018032882912624826,0.020998954318780606,0.012191060405952888,0.0028733507485767923,-0.0251153988812386,0.04861606779028726,-0.03738271394553702,-0.02801375403655464,0.0417550794146554,-0.012781219406140876,0.010819281677811751,-0.020702563365756717,-0.020591510116912896,0.02438649915575848,0.013847239777996373,-0.01662208062342428,0.003876818333020119,0.027806196515234423,-0.022645058888529676,0.02440971388465902,0.029721042331818787,0.0312680480488086,0.0032354250638538143,-0.035392016430975407,-0.017923430543752044,-0.004262434507410622,0.05635154739200578,0.04236692891944235,0.04040243075417627
3.5062319605497114,0.6539650934587355,0.8793745346239762,6.0,110.0,121.0,109.0,95.0,70.0,25.0,35.0,16.0,9.0,5.0,0.0,134.0,110.0,124.0,121.0,115.0,122.0,97.0,122.0,111.0,112.0,119.0,108.0,0.18469217970049917,0.3810316139767055,0.43427620632279534,0.2709677419354839,0.32903225806451614,0.4,0.01563663440059568,0.011169024571854059,0.014147431124348473,0.011169024571854059,0.012658227848101266,0.011169024571854059,0.0029784065524944155,0.008190618019359643,0.006701414743112435,0.0052122114668652275,0.0379746835443038,0.005956813104988831,0.0387192851824274,0.008935219657483246,0.01712583767684289,0.021593447505584513,0.01712583767684289,0.0014892032762472078,0.0052122114668652275,0.006701414743112435,0.0029784065524944155,0.02680565897244974,0.004467609828741623,0.02680565897244974,0.014892032762472078,0.00967982129560685,0.029784065524944156,0.04318689501116903,0.0037230081906180195,0.03425167535368578,0.029784065524944156,0.012658227848101266,0.10945644080416977,0.0014892032762472078,0.04765450483991065,0.028294862248696945,0.03201787043931496,0.05658972449739389,0.06254653760238273,0.011169024571854059,0.0387192851824274,0.018615040953090096,0.0052122114668652275,0.04765450483991065,0.0029784065524944155,0.01712583767684289,0.0037230081906180195,0.005956813104988831,0.010424422933730455,0.0014892032762472078,1.0,-0.009009806226793444,0.05941536672607464,0.026880733193876582,0.07451207261256108,0.019844415904160587,0.027709766041345733,0.014883822194221222,-0.0672231101842389,-0.015367837925599299,-0.020776375975536956,0.035598893430036554,-0.05400210532327628,0.025496135064257488,-0.011224485864327054,-0.005289462669635943,0.025260323527218617,0.0015341631748336242,0.03690981913875696,0.017162530547759826,-0.002239999579432773,-0.03484078456842201,0.003676535494935629,0.013097621864291916,0.022123578466340818,-0.00883875102044051,-0.014512871236501265,0.024022505107777845,-0.03379655513040303,0.007887280752257286,0.04953358149330388,-0.00524417989444606,-0.017350037820867126,0.00925214641541256,-0.017383180583393536,-0.009953780765673688,-0.009660047067726937,-0.004134445325955667,-0.029781759227492103,0.05176974894377429,0.016977487305243018,1.0,-0.009016519942312673,0.05942751393269088,0.028082831306718174,0.07202777567343051,0.018447928822560397,0.019314356810033455,0.009486425743306898,-0.07708965395674211,-0.023211721398373505,-0.01843681964695889,0.03924434834159858,-0.0411466184623597,0.027340741342276955,-0.00023178734824022144,-0.007719770419030285,0.02699039003941719,-0.003194505472043107,0.03409964270155375,0.022537292990329114,-0.015454977422698168,-0.03820226282458961,-0.007249261100320471,0.016189109014640806,0.02315564906564907,-0.002057367157287029,-0.011458733066264137,0.026335400420161793,-0.03246251745663191,-0.00460685135540621,0.05526446347329498,-0.0037934909733609483,-0.015082533434076626,0.004823815300872317,-0.025909741521486007,-0.011074518478253966,-0.012152352437037207,-0.0036879325994050496,-0.02088268352127978,0.0681927305064797,0.020320032021624253
3.484121119566178,0.6216162027582309,0.8838421444527178,4.0,110.0,119.0,118.0,93.0,78.0,38.0,46.0,8.0,10.0,4.0,2.0,134.0,113.0,122.0,123.0,113.0,126.0,95.0,115.0,114.0,113.0,113.0,112.0,0.20317460317460317,0.3634920634920635,0.43333333333333335,0.26920315865039485,0.33237616654702085,0.39842067480258436,0.01712583767684289,0.008935219657483246,0.011913626209977662,0.005956813104988831,0.02084884586746091,0.010424422933730455,0.0007446016381236039,0.006701414743112435,0.0052122114668652275,0.0037230081906180195,0.0387192851824274,0.012658227848101266,0.03052866716306776,0.005956813104988831,0.01712583767684289,0.0193596425912137,0.021593447505584513,0.0037230081906180195,0.011169024571854059,0.0029784065524944155,0.0014892032762472078,0.03127326880119136,0.0029784065524944155,0.028294862248696945,0.014892032762472078,0.008935219657483246,0.03276247207743857,0.045420699925539834,0.0014892032762472078,0.039463886820551006,0.027550260610573342,0.011169024571854059,0.10275502606105734,0.0029784065524944155,0.054355919583023084,0.023827252419955324,0.027550260610573342,0.06403574087862993,0.06478034251675353,0.011169024571854059,0.03276247207743857,0.01563663440059568,0.007446016381236039,0.04616530156366344,0.0014892032762472078,0.024571854058078928,0.0052122114668652275,0.005956813104988831,0.006701414743112435,0.0014892032762472078,1.0,0.010943730103449996,0.040127986186150676,-0.015001426857188367,0.0055814080898387896,-0.03767255359896546,0.01503895858986393,-0.019026108937278755,-0.022476641703016276,0.03064176032611654,-0.015417038917959258,0.0130080237058943,-0.04925660102071042,-0.00029622138412553747,-0.03307541134934041,0.006838540119135928,-0.012520977200987,-0.04577220682058517,0.01659346953664326,0.03259594678946331,0.058421391167507546,-0.021901006633091826,0.02416937395504381,-0.04864163856388506,0.009137979988397804,-0.0007019938431746106,-0.023386701408324176,-0.003548245761375496,0.03132248676262959,0.03344977284338887,-0.02461421656603459,-0.05164367418362668,0.025367207821185667,0.01090527468074249,0.05324718831825807,-0.0028979844586712804,0.018080591402387033,-0.008808995917240974,0.01884933745620319,-0.03365101596290492,0.04955998375225875,1.0,0.010951884894883263,0.04007269672834856,-0.015923856702683113,0.004331543202978234,-0.036752717210847,0.015360983879319837,-0.016417005365470028,-0.024608950075305676,0.03376474410726728,-0.016607731860396706,0.011682035201438403,-0.049426048489692904,-0.0019639166251084845,-0.026387077024075275,0.0031665795530669955,-0.007997779446987117,-0.051025515331074904,0.01992056351568233,0.03358401078797875,0.05455776457916823,-0.024411605192810458,0.015692218373455597,-0.041774945349605346,0.003912326336566369,0.006605023633373891,-0.02845892045557344,0.0019630759468341396,0.029456714498531295,0.02840881163787535,-0.026659279462149743,-0.06142115965452285,0.0430044107802072,0.012045985025801086,0.05637381174845739,-0.009763017512616597,0.01933018667681973,-0.003112730997917918,0.007340752206025838,-0.032849871074912496,0.04708509055496054
3.494351460963206,0.6318922572048409,0.889054355919583,7.0,110.0,121.0,116.0,78.0,78.0,48.0,43.0,29.0,9.0,19.0,6.0,134.0,111.0,129.0,119.0,118.0,122.0,103.0,123.0,113.0,113.0,113.0,109.0,0.1927710843373494,0.3493975903614458,0.4578313253012048,0.26936744847192606,0.3290689410092395,0.4015636105188344,0.016381236038719285,0.006701414743112435,0.022338049143708117,0.011913626209977662,0.008935219657483246,0.016381236038719285,0.0007446016381236039,0.007446016381236039,0.0014892032762472078,0.007446016381236039,0.03425167535368578,0.007446016381236039,0.03648548026805659,0.011169024571854059,0.011169024571854059,0.026061057334326135,0.012658227848101266,0.0007446016381236039,0.007446016381236039,0.005956813104988831,0.0014892032762472078,0.0193596425912137,0.004467609828741623,0.021593447505584513,0.012658227848101266,0.01563663440059568,0.02308265078183172,0.04765450483991065,0.006701414743112435,0.0379746835443038,0.027550260610573342,0.01563663440059568,0.09381980640357408,0.0029784065524944155,0.04393149664929263,0.024571854058078928,0.03350707371556218,0.06403574087862993,0.07297096053611318,0.012658227848101266,0.0379746835443038,0.020104244229337303,0.004467609828741623,0.05584512285927029,0.0014892032762472078,0.020104244229337303,0.0007446016381236039,0.01340282948622487,0.008935219657483246,0.0014892032762472078,1.0,0.03082220684245507,0.0034204940548877133,-0.004497974950718833,0.053673071178592,-0.011481787257500015,-0.029752616806598617,0.017658943684309907,-0.013399290073344968,0.01940046937819135,-0.04627875004344955,-0.0023650135850369638,0.028524430460037775,-0.00868376143344427,0.007711913221179971,-0.04597101106447546,-0.03265218099168842,-0.005567790718274475,-0.019070579463733257,-0.023262512429805676,0.00033577740017618244,0.017790052505097,-0.014681395495679752,-0.011425587671693854,-0.021305466761211145,0.03100899661568884,0.008553248022228416,-0.007558062608865481,-0.05652566143355137,0.017159383246989682,-0.0004987911255272897,-0.0008636397664469562,0.014096912515914693,0.0401264741749964,-0.044544749659797545,0.006262710761469628,-0.015766053758390342,0.02369857482055259,-0.011367683538520508,0.031604769976468355,0.02483548961134414,1.0,0.030845174209699785,0.002476526919907556,-0.0046943304255740725,0.05416104191737044,-0.01489126147648332,-0.02952580604004057,0.02039355727738234,-0.017643592251753843,0.02153138110921364,-0.04476651333184732,-0.0026218043038950963,0.031119593751399215,-0.013005867935856676,0.01264880899578813,-0.04629865999038684,-0.037561232633465357,0.0016202500155576593,-0.021460879877385108,-0.017321897970581285,0.004304013144387537,0.012219162997675318,-0.010686186311877507,-0.01106051758028103,-0.022068172307392147,0.02925189790066747,0.0047733900349338125,-0.004355294176744674,-0.056940978489437806,0.016324232721483558,-0.0027805540690088787,0.0009510451850693809,0.017181917835413382,0.034860365919713546,-0.0567563768161229,0.014160212425839341,-0.017695483989055887,0.021375804456632383,-0.013136566769916248,0.03199886780211453,0.026680842823914266
3.4943806609574204,0.6125536751198389,0.8749069247952346,4.0,101.0,115.0,108.0,107.0,81.0,33.0,40.0,9.0,8.0,14.0,1.0,132.0,104.0,120.0,119.0,117.0,119.0,97.0,120.0,108.0,113.0,116.0,108.0,0.20128824476650564,0.37359098228663445,0.4251207729468599,0.27021121631463946,0.3328477785870357,0.39694100509832486,0.017870439314966492,0.005956813104988831,0.016381236038719285,0.01340282948622487,0.0193596425912137,0.014892032762472078,0.0007446016381236039,0.008190618019359643,0.004467609828741623,0.0037230081906180195,0.03127326880119136,0.00967982129560685,0.029784065524944156,0.0037230081906180195,0.016381236038719285,0.02680565897244974,0.014892032762472078,0.0037230081906180195,0.011169024571854059,0.0029784065524944155,0.0022338049143708115,0.027550260610573342,0.0022338049143708115,0.02680565897244974,0.014892032762472078,0.01340282948622487,0.03127326880119136,0.04616530156366344,0.0022338049143708115,0.03201787043931496,0.026061057334326135,0.016381236038719285,0.09828741623231571,0.0,0.0573343261355175,0.021593447505584513,0.040208488458674606,0.05658972449739389,0.07520476545048399,0.006701414743112435,0.03723008190618019,0.023827252419955324,0.010424422933730455,0.03425167535368578,0.004467609828741623,0.017870439314966492,0.0022338049143708115,0.010424422933730455,0.0052122114668652275,0.0014892032762472078,1.0,-0.032711870920773115,0.008703529151485109,-0.015057344378598922,-0.004465088100719746,-0.04712681216589165,0.04486092855243573,-0.03254544192813888,0.000673177340770531,0.030746051244422513,0.03660225050826902,-0.018283871699108792,-0.0030824538865424195,-0.008308306241880146,-0.013248984081334061,0.03830600053952268,-0.03743233537213249,-0.02012631048508288,0.02022881899437561,-0.02451419437170845,-0.021006541276990767,-0.017802276530014857,-0.04237948155825303,-0.006533460200402598,-0.01763040124080835,-0.03267255758806336,0.0423939888339913,-0.002651258060666111,0.014471689095319795,0.021556980948995056,0.037916718288572834,-0.013391005252933434,-0.004600560070177475,0.016816501385968304,-0.006822679334547034,0.02224129847050113,0.04618040720466843,-0.02669498838408625,0.01678118649416788,0.04501500189687673,-0.009372235437996118,1.0,-0.03273624638345622,0.007653049460136691,-0.014573831572754985,-0.005514062530882202,-0.04745638491512994,0.041986420310445326,-0.029564356657888258,-0.0032696578415273014,0.03219524875822097,0.03647601025931914,-0.013174547095662697,-0.008471571048937167,-0.004481277030713359,-0.01173312592862602,0.03850689810932758,-0.038615624067585154,-0.0207277254549537,0.01905995111475133,-0.027597691735456523,-0.02078364106913312,-0.02481257062782661,-0.04075701776095264,-0.007631283064558044,-0.026104411507666934,-0.03636413124002081,0.04484126560695347,-0.004326152980487467,0.013562061586431742,0.024804843333847068,0.039089971113311604,0.0004712325929535573,-0.007701552544539754,0.019388839161049092,0.0007246898295555341,0.023674007809957428,0.04048542772283963,-0.02162727605445288,0.011746400708709252,0.04322951961018447,-0.004701487849181044
3.473518904938121,0.6134467619406089,0.8860759493670886,9.0,92.0,116.0,116.0,88.0,88.0,11.0,50.0,32.0,10.0,22.0,4.0,134.0,100.0,122.0,123.0,114.0,122.0,83.0,119.0,105.0,111.0,118.0,95.0,0.2304075235109718,0.38557993730407525,0.384012539184953,0.2786032689450223,0.33655274888558695,0.3848439821693908,0.01340282948622487,0.005956813104988831,0.0193596425912137,0.014892032762472078,0.01340282948622487,0.011169024571854059,0.0007446016381236039,0.007446016381236039,0.0037230081906180195,0.0014892032762472078,0.0387192851824274,0.008190618019359643,0.0379746835443038,0.0037230081906180195,0.026061057334326135,0.02084884586746091,0.016381236038719285,0.0029784065524944155,0.010424422933730455,0.0014892032762472078,0.0007446016381236039,0.03201787043931496,0.0029784065524944155,0.027550260610573342,0.01340282948622487,0.02084884586746091,0.02531645569620253,0.04393149664929263,0.0052122114668652275,0.05063291139240506,0.024571854058078928,0.012658227848101266,0.0953090096798213,0.0022338049143708115,0.05361131794489948,0.023827252419955324,0.03425167535368578,0.055100521221146684,0.06775874906924795,0.00967982129560685,0.03201787043931496,0.016381236038719285,0.006701414743112435,0.05361131794489948,0.0022338049143708115,0.010424422933730455,0.0029784065524944155,0.007446016381236039,0.006701414743112435,0.0014892032762472078,1.0,0.031646837003942094,0.008775341262909707,-0.00102839345166913,0.06140918349818647,0.01569793560556792,0.007358263851783199,0.012860147520622566,0.01845582211007836,0.05166662449099914,0.014577081730225958,-0.03703671590428426,-0.02271332535940399,-0.03112100487236081,-0.024453696983213,-0.032768484234072984,0.0005998952933155839,-0.0054454549372751964,-0.025060453080746076,0.016100098736885646,0.017989606769873167,-0.014619150495908147,0.021767526534217735,-0.011634310771909462,-0.030391568696052314,-0.025623827274270344,0.005018726408173544,-0.00922369273061371,-0.011894867420176833,-0.030215120985375005,0.032454736030500295,0.02186049372419017,-0.04517349971090301,0.03449737064590697,0.03398867408373663,0.023928574637177565,-0.030514635449574987,0.04107951521267463,-0.01904418022824162,0.005135097854150982,-0.009355242949975162,1.0,0.031670418849697644,0.007793230320346117,-0.0015553291931325458,0.06167111812877022,0.011957800866551073,0.005557021076341673,0.012655892681745023,0.014050702666496757,0.04943714617473307,0.01059544737834866,-0.04072252995519755,-0.0229374824431555,-0.03642839897919615,-0.02613400673063623,-0.02832647656579178,0.004426376355572232,-0.0022260552205387923,-0.023470369222641268,0.02336056485472589,0.024088115438731312,-0.010488928525234436,0.030607405926643308,-0.011982964841130653,-0.03308457228730129,-0.02565914436710719,-0.0005199678031150211,-0.010293728623354422,-0.012980813807794124,-0.03300226321436638,0.035917326212516136,0.02261535965084803,-0.044911911763363205,0.050342118072846595,0.03705575098243976,0.019194111379050253,-0.03081010200226632,0.041702293217388324,-0.02901379201261162,-0.007381062273286475,-0.01365700219501921
3.52031505559214,0.6274566357723281,0.8860759493670886,4.0,99.0,126.0,121.0,90.0,104.0,25.0,37.0,15.0,35.0,19.0,9.0,134.0,111.0,129.0,123.0,119.0,130.0,75.0,126.0,117.0,119.0,125.0,110.0,0.21198830409356725,0.3815789473684211,0.4064327485380117,0.2750352609308886,0.33709449929478136,0.38787023977433005,0.014892032762472078,0.011913626209977662,0.01340282948622487,0.008190618019359643,0.007446016381236039,0.01563663440059568,0.0014892032762472078,0.004467609828741623,0.007446016381236039,0.0022338049143708115,0.03723008190618019,0.011169024571854059,0.04616530156366344,0.0052122114668652275,0.0193596425912137,0.028294862248696945,0.011913626209977662,0.0029784065524944155,0.011169024571854059,0.0037230081906180195,0.0014892032762472078,0.023827252419955324,0.005956813104988831,0.03425167535368578,0.012658227848101266,0.01563663440059568,0.03648548026805659,0.0379746835443038,0.005956813104988831,0.0387192851824274,0.023827252419955324,0.011169024571854059,0.10349962769918093,0.006701414743112435,0.05063291139240506,0.0193596425912137,0.04393149664929263,0.05212211466865227,0.058078927773641105,0.00967982129560685,0.03127326880119136,0.01563663440059568,0.00967982129560685,0.044676098287416234,0.0037230081906180195,0.014892032762472078,0.0037230081906180195,0.011169024571854059,0.006701414743112435,0.0022338049143708115,1.0,-0.0692598185367543,0.025494058110597836,0.02076559486057028,-0.002650345422258359,-0.027403233334874523,0.011149109957654918,-0.009025248478749972,-0.01688347086653018,0.015905625434747397,-0.03825857150272583,-0.0029836194742613865,-0.02563427376920966,-0.0024077999703246457,-0.006740876304744592,-0.0037428378491281607,0.01296486637195539,-0.04154462685326235,0.038292345313355285,0.019931361353984725,-0.004756929601059018,-0.009113433781312623,-0.0676846654030193,0.015068452178427196,-0.004410758867654374,-0.025717952486823188,0.029644186283788454,0.030932679687324306,-0.02283277204520172,0.01088197858236452,0.0006409465998881255,-0.02633001586772585,0.039368089437276564,-0.017874601071391633,0.024370611544104637,0.025729366898341294,-0.011303166119138891,-0.03186061007888728,0.019241530954884505,-0.0019266837610086177,-0.006072605621847022,1.0,-0.06931142793953873,0.020828066097316553,0.024114774359806117,-0.0001382837897270682,-0.02894833310048892,0.006958793738626581,-0.006392249445962886,-0.017326957739950292,0.013604513573748955,-0.03631024257451573,-0.007642029986961635,-0.02621501300126445,-0.0047781162206468825,-0.0050153130200880965,-0.005957542713542096,0.013175388748195934,-0.04174416207502793,0.031811204379536315,0.02675118972479268,-0.0038012167506547906,-0.012047205936564184,-0.07661427887881621,0.009080134243420138,0.00042538163299611913,-0.026537992467913663,0.029081265180580722,0.029716854781410434,-0.015804190592527984,0.003697428468903343,-0.00014390616923997822,-0.022023073103484826,0.03187927943036095,-0.013709661414638369,0.01907919698522952,0.029460201246553602,-0.009681533021033018,-0.03504550875462605,0.013591036627018613,0.0005506998405401873,0.0032232535508416207
3.520948518699035,0.6468461099008811,0.892777364110201,8.0,112.0,119.0,118.0,101.0,97.0,19.0,30.0,11.0,10.0,0.0,5.0,134.0,113.0,131.0,125.0,123.0,130.0,104.0,129.0,117.0,122.0,123.0,111.0,0.21428571428571427,0.38095238095238093,0.40476190476190477,0.26880984952120385,0.3331053351573187,0.39808481532147744,0.011169024571854059,0.0052122114668652275,0.022338049143708117,0.01340282948622487,0.01340282948622487,0.011913626209977662,0.0022338049143708115,0.006701414743112435,0.0037230081906180195,0.0029784065524944155,0.03723008190618019,0.016381236038719285,0.0379746835443038,0.004467609828741623,0.020104244229337303,0.0193596425912137,0.017870439314966492,0.0029784065524944155,0.011913626209977662,0.0029784065524944155,0.004467609828741623,0.026061057334326135,0.0029784065524944155,0.02531645569620253,0.01712583767684289,0.010424422933730455,0.03723008190618019,0.03127326880119136,0.004467609828741623,0.035740878629932984,0.027550260610573342,0.011169024571854059,0.10796723752792256,0.004467609828741623,0.045420699925539834,0.023827252419955324,0.0387192851824274,0.05584512285927029,0.058823529411764705,0.008935219657483246,0.03723008190618019,0.01563663440059568,0.011169024571854059,0.049143708116157855,0.0029784065524944155,0.01563663440059568,0.0014892032762472078,0.01340282948622487,0.008190618019359643,0.0029784065524944155,1.0,0.023742169099141508,-0.02840157293299683,-0.027960585061408902,0.04079625320124654,0.008062609040140688,0.019312534209857832,-0.0025580050683899134,0.026473841256241037,0.012292495056524206,-0.02905420026824743,-0.013506289827000773,-0.009197603526703037,-0.03188564698919634,0.011117345546256093,-0.018617441571445084,-0.0012798318664479643,0.038832886081209765,0.02540215465125366,-0.007038094918038489,-0.03740412016038083,0.017437267883363528,0.030887286031482115,0.02186819914316301,-0.04119309839492935,-0.05402584721868351,0.0398912516873899,0.017204057339997407,-0.05349075516082286,-0.05735828456736567,0.012099851264125494,0.02778978737854895,-0.00470863104417521,-0.02295453034648083,-0.013993444090279885,-0.042222565414476824,-0.011621938719866366,-0.044068340649450304,-0.013181472785331513,0.011056135609346937,0.0614179707588485,1.0,0.023759860730362924,-0.029024848137262926,-0.026675636703910693,0.04149621029416667,0.004561446510850989,0.020684688363137162,-0.000922091989073414,0.026577461956579243,0.011631577960524773,-0.030318595805942237,-0.010185314071683164,-0.01232435588795155,-0.03544079249078936,0.012880773815494127,-0.02108838931939872,0.0001166366040320424,0.041971432979309886,0.02411378659535659,-0.0017897310595143409,-0.0347802083840061,0.019603051675764364,0.025343210713448902,0.016626426743503262,-0.038385532670330534,-0.05591891077713882,0.03814591824490826,0.01076460995010823,-0.052556031272717144,-0.04891971684978321,0.011414786591748915,0.02405109190649676,-0.0024287220126404927,-0.013980619915494957,-0.012349012189563684,-0.05103489635117466,-0.007519107577956209,-0.04349004371311408,-0.018040008893817933,0.008005773118106225,0.05587870141167929
3.4495486947589127,0.6180032740029782,0.8801191362620998,7.0,117.0,128.0,121.0,99.0,78.0,24.0,42.0,41.0,11.0,9.0,1.0,134.0,117.0,131.0,125.0,117.0,130.0,111.0,126.0,123.0,121.0,124.0,115.0,0.1873156342182891,0.40117994100294985,0.41150442477876104,0.2645861601085482,0.32971506105834464,0.4056987788331072,0.011169024571854059,0.005956813104988831,0.01563663440059568,0.016381236038719285,0.014147431124348473,0.012658227848101266,0.0014892032762472078,0.007446016381236039,0.0014892032762472078,0.0052122114668652275,0.04244229337304542,0.010424422933730455,0.034996276991809384,0.004467609828741623,0.02084884586746091,0.02308265078183172,0.0193596425912137,0.0029784065524944155,0.006701414743112435,0.0014892032762472078,0.0007446016381236039,0.023827252419955324,0.0052122114668652275,0.024571854058078928,0.016381236038719285,0.01563663440059568,0.022338049143708117,0.03648548026805659,0.0022338049143708115,0.0387192851824274,0.03127326880119136,0.00967982129560685,0.12732688011913626,0.0037230081906180195,0.054355919583023084,0.024571854058078928,0.03127326880119136,0.05137751303052867,0.06850335070737155,0.012658227848101266,0.034996276991809384,0.017870439314966492,0.004467609828741623,0.04393149664929263,0.0037230081906180195,0.014892032762472078,0.0014892032762472078,0.00967982129560685,0.00967982129560685,0.0,1.0,0.01804893294132324,0.03527347747254861,-0.022977502058210468,0.0230719615335871,-0.029524943495399913,0.04242104052292214,0.03359035265875535,-0.023005967940453516,0.019165346108956552,0.012023874580547392,0.008709714346390755,0.010870329255397873,0.016347457110144303,-0.025711908021584292,-5.271829005524066e-07,-0.0034458795078022063,0.018939797586150896,0.02295663877830122,0.005058781298936906,-0.052734128810093595,-0.011396288932069955,-0.023795370153190276,0.013400307916563105,-0.04546708537283257,0.02062052581185273,-0.01640727076350041,-0.008740421919353432,-0.012396059725177036,-0.04935610698225113,-0.055455551980447396,-0.027221428115768186,-0.006721755493690241,0.007378127455883716,-0.015500880482532132,-0.03653111981470064,0.014272245166231073,0.04866940372139726,-0.05021325784847132,-0.0067813863282598875,-0.005178259026642007,1.0,0.018062382220713196,0.035011257953575375,-0.024314792209724323,0.022798116152503607,-0.028888699730274067,0.041700717203138546,0.035372626460670846,-0.029451871524419266,0.02142590109641098,0.011975623490997499,0.006638582212591647,0.01246055242846766,0.010653478105594019,-0.02542709795776024,0.0012055930511542016,-0.004263402531384776,0.017875786032280412,0.02382261890177538,-0.0010101906749944004,-0.05327262056833951,-0.0077951405617349085,-0.02209638454695765,0.013547785632955212,-0.046720145711714095,0.017460731326985557,-0.008167015569081127,-0.010100853827138215,-0.009384865093287478,-0.053119390678611995,-0.05147040965600316,-0.019159694722783387,-0.005463619533889078,0.015212093156624711,-0.01920801325723505,-0.03716218930384326,0.022842111663240197,0.05836504485051663,-0.05475164266152619,-0.0026684648159612037,-0.0017942445901811782
3.5060129719813764,0.6321084913383624,0.8845867460908414,4.0,123.0,121.0,122.0,112.0,80.0,32.0,79.0,28.0,22.0,10.0,1.0,134.0,122.0,129.0,127.0,126.0,130.0,111.0,129.0,123.0,121.0,121.0,119.0,0.2220708446866485,0.3869209809264305,0.391008174386921,0.2634048257372654,0.3331099195710456,0.403485254691689,0.017870439314966492,0.0052122114668652275,0.011169024571854059,0.011913626209977662,0.018615040953090096,0.01340282948622487,0.0007446016381236039,0.005956813104988831,0.005956813104988831,0.004467609828741623,0.03127326880119136,0.008935219657483246,0.03350707371556218,0.005956813104988831,0.018615040953090096,0.022338049143708117,0.012658227848101266,0.0037230081906180195,0.006701414743112435,0.0014892032762472078,0.0037230081906180195,0.02084884586746091,0.0,0.03201787043931496,0.016381236038719285,0.012658227848101266,0.02531645569620253,0.04095309009679821,0.0037230081906180195,0.03276247207743857,0.035740878629932984,0.016381236038719285,0.09456440804169769,0.0037230081906180195,0.05658972449739389,0.03425167535368578,0.034996276991809384,0.05584512285927029,0.06552494415487714,0.010424422933730455,0.04839910647803425,0.01563663440059568,0.011169024571854059,0.04318689501116903,0.0037230081906180195,0.01712583767684289,0.0029784065524944155,0.012658227848101266,0.006701414743112435,0.0014892032762472078,1.0,0.006854837020829201,0.010681967960143209,0.02654138746659952,0.008794530695527292,-0.0011522477248923032,-0.010783936196438717,-0.022408956370835755,-0.011199717621556398,-0.02662031106349663,0.021960628736415286,-0.005787519135531268,-0.05124342950742544,0.018449050032851178,0.0006556845509045012,-0.012871317693648358,-0.022750752258252294,0.0319221108449161,0.005029031700968105,-0.03226570260815378,-0.0296594787840714,-0.005498718679449643,0.038564794539254994,0.02542193359770822,-0.010091864693703167,-0.0008891869410349359,-0.0002684629312781528,-0.03559825766073199,-0.026321189185310807,-0.06739905248980312,-0.03209504840253677,-0.011041739743596716,0.007581551390606921,0.021888427288442043,0.006116608468123549,0.02619030793145878,-0.004788909377046216,0.0042158879534580735,0.01901857982063118,-0.005954959649712559,-0.05521772988357272,1.0,0.006859944947074272,0.010651341701997821,0.026459382387562014,0.008361422192782669,-0.0018297492521033108,-0.011707920541988076,-0.02283331766672706,-0.010763441545243165,-0.02561016915234247,0.024120266516977983,-0.004616909535879765,-0.05082479549806205,0.018174774420536468,0.0005533516761054763,-0.011717469723162033,-0.023831479372941146,0.033008346390758246,0.004358252886472798,-0.033260376607124977,-0.03234471830618615,-0.007459471840982175,0.044394562607885595,0.025845622902047914,-0.01307206099483876,-0.0021175044497407287,-0.0016745083421483803,-0.04161550963991895,-0.03028806193803343,-0.061690742447151024,-0.027883591641193622,-0.009492566832121418,0.009664050878624295,0.02558997672787232,0.008457149464138357,0.02155688110428301,-0.014770073389031373,0.003555378493544037,0.01722113130151333,-0.012709895422369293,-0.06285689711045901
3.4688799949752576,0.6409120657084191,0.8808637379002234,4.0,103.0,118.0,111.0,93.0,87.0,19.0,40.0,19.0,25.0,12.0,1.0,134.0,113.0,124.0,122.0,113.0,130.0,59.0,122.0,113.0,111.0,127.0,88.0,0.20727848101265822,0.3924050632911392,0.40031645569620256,0.28466076696165193,0.33849557522123896,0.37684365781710916,0.01712583767684289,0.0052122114668652275,0.01563663440059568,0.01712583767684289,0.014147431124348473,0.008935219657483246,0.0007446016381236039,0.007446016381236039,0.0022338049143708115,0.004467609828741623,0.04765450483991065,0.007446016381236039,0.03648548026805659,0.0037230081906180195,0.021593447505584513,0.02084884586746091,0.012658227848101266,0.0052122114668652275,0.008190618019359643,0.0037230081906180195,0.004467609828741623,0.03052866716306776,0.0014892032762472078,0.03276247207743857,0.01340282948622487,0.014147431124348473,0.026061057334326135,0.044676098287416234,0.004467609828741623,0.03201787043931496,0.029784065524944156,0.008190618019359643,0.10573343261355175,0.0022338049143708115,0.06105733432613552,0.03052866716306776,0.0379746835443038,0.06329113924050633,0.05212211466865227,0.008190618019359643,0.040208488458674606,0.017870439314966492,0.006701414743112435,0.0379746835443038,0.0029784065524944155,0.014147431124348473,0.0014892032762472078,0.008935219657483246,0.004467609828741623,0.0014892032762472078,1.0,0.012496291764432834,0.004218194454171489,0.03238260264260255,-0.002966225036444325,-0.04044399260114331,0.0014835836531098094,-0.04067730828351849,-0.06166393852278504,0.007329304819181559,-0.008042446185698543,0.009999570890722249,-0.015309857175398884,0.07621120182598949,-0.039131705766032185,0.03336820859076573,0.03989398737282856,-0.010764633886005088,-0.018577662655062773,-0.011006625068265953,-0.01967188431328406,0.01517073535780155,0.029103396603488017,0.02332921527803098,0.014095503936943584,0.010276968615080158,0.0635734077234621,0.032393920319021136,-0.039855741678836175,0.0063127894035277686,-0.0028666367722606162,-0.001617652067828574,-0.0007157892419192533,-0.018430919347953597,-0.026626920495417518,0.014220333732677462,0.011432704048655257,0.0007914715789590583,-0.00043341653792999026,-0.006805349067611253,0.04614275482721058,1.0,0.012505603457252833,0.004068731763535537,0.03235720019177094,-0.0037997994421378805,-0.04081727140102052,0.0014761537064707272,-0.040465108096873155,-0.058672228882209916,0.008799222860475893,-0.0069081964838994805,0.013999326453059313,-0.01980362949290024,0.07373321940029402,-0.04331571146188414,0.030613652534626962,0.03333607590699826,-0.010392739409334172,-0.015335125232566832,-0.016311572355262757,-0.01257599794666453,0.025756365626492327,0.025359891481903832,0.03233182290325612,0.011297759474452511,0.008780047164037451,0.05539377686896235,0.03703027127364607,-0.046604984919207566,0.006573829028174666,0.0037608347633693463,0.008773074107580311,0.001850394319390539,-0.013062995540847326,-0.019319855135615637,0.015654619417289194,0.007127929136424951,-0.0007533129927359709,-0.006773220782404536,-0.016749762444389558,0.047375123550955925
3.5006002542233685,0.5992293978792417,0.8823529411764706,2.0,116.0,126.0,126.0,105.0,91.0,25.0,38.0,19.0,22.0,12.0,2.0,134.0,117.0,130.0,127.0,126.0,128.0,111.0,129.0,119.0,125.0,125.0,113.0,0.1915204678362573,0.39766081871345027,0.4108187134502924,0.2634770889487871,0.33490566037735847,0.40161725067385445,0.016381236038719285,0.008190618019359643,0.016381236038719285,0.011913626209977662,0.01563663440059568,0.01340282948622487,0.0014892032762472078,0.005956813104988831,0.0052122114668652275,0.0037230081906180195,0.03425167535368578,0.010424422933730455,0.028294862248696945,0.005956813104988831,0.022338049143708117,0.023827252419955324,0.01563663440059568,0.0014892032762472078,0.005956813104988831,0.0052122114668652275,0.004467609828741623,0.029039463886820552,0.004467609828741623,0.022338049143708117,0.018615040953090096,0.011913626209977662,0.021593447505584513,0.04988830975428146,0.0007446016381236039,0.03052866716306776,0.03350707371556218,0.016381236038719285,0.10424422933730454,0.0007446016381236039,0.06180193596425912,0.02531645569620253,0.04169769173492182,0.05286671630677588,0.06180193596425912,0.008935219657483246,0.029784065524944156,0.02308265078183172,0.00967982129560685,0.04690990320178704,0.0022338049143708115,0.014147431124348473,0.004467609828741623,0.007446016381236039,0.007446016381236039,0.0022338049143708115,1.0,0.0016841226962342167,0.005628149084490277,0.03238897674925996,-0.026077885136127955,0.0193122386997387,0.02045981817941515,0.009369107587660084,0.013092863372466394,-0.03097669485133751,-0.020005861443256712,-0.011921123343798619,0.007185246235536454,0.032871588702132026,0.004340201511515548,-0.04809133201055862,-0.028148555541767366,-0.04660940170577635,-0.01665278425950792,-0.04393863943493185,0.004779416518799771,-0.04378373969083585,-0.03382988130105991,-0.03617485129171364,-0.023251654384245007,-0.01269949168731099,-0.00894581568072087,-0.026774699184438443,0.0077261600385341985,0.0030808253318765485,-0.03815711963404496,-0.05731186249820455,-0.004038162253473651,-0.013865757655384772,0.018947159279821005,-0.027276278671924833,0.0016003707812436935,-0.03075724871820348,-0.009732859721254324,0.024048606439773842,0.03536300506769072,1.0,0.0016853776311792452,0.005633718547661651,0.03244367013155493,-0.026318996444981105,0.019155258081056836,0.019737642447171206,0.010834003352927895,0.010998597011513855,-0.031719229258047515,-0.02017092741249225,-0.012656000071039203,0.009427192495208458,0.032249784845965475,0.0045599314577820455,-0.04868454954701912,-0.028603593659529865,-0.04417853891984327,-0.014902505028831708,-0.047574218147276796,0.0061775708697222875,-0.04375497666682041,-0.026926872433464547,-0.034095945843276215,-0.019195262884828288,-0.014893994268312002,-0.012668763447208964,-0.028005976836802095,0.00926204807363913,0.0077050504210927915,-0.03866745631395596,-0.06449769038108999,-0.009893820334479584,-0.017957416029761312,0.014219020983250698,-0.032824697751837925,-0.0038839386310242077,-0.03798645864671916,-0.016301514650908608,0.015193987147600705,0.02521952392840364
3.4700145373353872,0.619026268291376,0.8786299329858526,3.0,109.0,119.0,123.0,99.0,73.0,47.0,27.0,20.0,7.0,5.0,1.0,134.0,111.0,127.0,127.0,118.0,126.0,111.0,128.0,113.0,113.0,123.0,111.0,0.1627172195892575,0.3933649289099526,0.4439178515007899,0.26907073509015256,0.32662968099861306,0.4042995839112344,0.011169024571854059,0.0037230081906180195,0.01712583767684289,0.01340282948622487,0.014147431124348473,0.01563663440059568,0.0007446016381236039,0.0037230081906180195,0.0037230081906180195,0.0014892032762472078,0.04616530156366344,0.014147431124348473,0.04095309009679821,0.006701414743112435,0.011913626209977662,0.022338049143708117,0.01340282948622487,0.006701414743112435,0.0052122114668652275,0.005956813104988831,0.0007446016381236039,0.02531645569620253,0.0014892032762472078,0.029039463886820552,0.00967982129560685,0.014892032762472078,0.022338049143708117,0.039463886820551006,0.0052122114668652275,0.03276247207743857,0.02680565897244974,0.01712583767684289,0.10424422933730454,0.004467609828741623,0.049143708116157855,0.029039463886820552,0.03648548026805659,0.049143708116157855,0.07892777364110201,0.008935219657483246,0.04690990320178704,0.0193596425912137,0.007446016381236039,0.045420699925539834,0.0029784065524944155,0.010424422933730455,0.0029784065524944155,0.00967982129560685,0.010424422933730455,0.0007446016381236039,1.0,0.00973117290198161,-0.02115141648945778,0.004642333165671648,-0.0191028905902066,0.011737327952048663,-0.04529727341782775,0.009312108113930904,0.02839438257792559,0.0701120458467727,-0.003396704641934044,0.058817850768579,0.01674117890831039,-0.0012946644611604274,-0.0066653608942516965,-0.008639075617361013,0.0035832417952609543,0.011744443612079783,0.018263980306269755,-0.0032066686439632466,-0.001134603997405409,0.036947773153155304,-0.04588535710104138,0.002561745258884705,-0.055719181307646734,0.030135302485525206,0.032106424219686576,0.015867998137064732,-0.01726313623792194,0.0203321854160521,-0.0023257636172062607,0.0008514756366605092,-0.018703949667102943,0.03599146531928415,0.04582488277718441,-0.008035397181984552,-0.019069709190714143,-0.024177662629746206,-0.009525691931611076,0.029298295853622276,-0.018291979452613086,1.0,0.009738424148555379,-0.02127981724310697,0.005073415117924744,-0.019719285007374503,0.012392559697431707,-0.0466599400362544,0.011100152634889195,0.025871761251570112,0.07169989453070996,-0.005836520828535182,0.06435805124147118,0.013355900369278634,0.004747419532460115,-0.006747748463587875,4.247548088559311e-05,-0.000613225405284427,0.01351440134858337,0.013337742187018007,-0.005748213507172861,-0.010658977220267702,0.036283746116763146,-0.05137805137794381,0.005464496079123526,-0.05987396959455466,0.034537072012263095,0.02329581840260047,0.022281558277122984,-0.026476639389873477,0.024158635216351393,-0.013147376447381037,0.015919552984447312,-0.023465781848542783,0.054583195931173875,0.034757221838607036,0.0008593730616735317,-0.026429267294979436,-0.02340207596555635,-0.021533797685725806,0.03794166682562709,-0.020295403139881145
3.401228160852159,0.5990409950190319,0.8734177215189873,6.0,94.0,120.0,116.0,72.0,70.0,22.0,38.0,23.0,18.0,17.0,3.0,134.0,99.0,127.0,124.0,120.0,130.0,65.0,129.0,113.0,117.0,123.0,94.0,0.19031719532554256,0.3823038397328882,0.4273789649415693,0.2858181818181818,0.3447272727272727,0.3694545454545455,0.014147431124348473,0.004467609828741623,0.012658227848101266,0.011169024571854059,0.017870439314966492,0.011169024571854059,0.0014892032762472078,0.007446016381236039,0.0029784065524944155,0.0007446016381236039,0.04095309009679821,0.007446016381236039,0.03648548026805659,0.004467609828741623,0.024571854058078928,0.02084884586746091,0.010424422933730455,0.0,0.008190618019359643,0.0037230081906180195,0.0022338049143708115,0.029039463886820552,0.0014892032762472078,0.039463886820551006,0.010424422933730455,0.017870439314966492,0.03052866716306776,0.05063291139240506,0.006701414743112435,0.03276247207743857,0.02084884586746091,0.00967982129560685,0.11094564408041697,0.0022338049143708115,0.04988830975428146,0.01340282948622487,0.044676098287416234,0.06031273268801191,0.08116157855547282,0.008935219657483246,0.03425167535368578,0.012658227848101266,0.006701414743112435,0.05137751303052867,0.0007446016381236039,0.01340282948622487,0.0014892032762472078,0.005956813104988831,0.006701414743112435,0.0022338049143708115,1.0,-0.04499092607039822,0.04464588475722266,-0.05504234145263287,-0.01323262081457469,-0.020465246807411953,-0.0355221299715297,0.0059036369219627165,-0.0013596624188044438,0.03288788591881961,0.0945698517751272,0.020009837475141456,0.04394697996864328,-0.03803986743491436,-0.0015329703990150335,-0.009854222208224194,-0.03325567494722888,-0.05039864937216911,-0.0013916535858581242,0.031759714049531755,0.03143625168838922,-0.010239610279633356,0.002883937095771814,-0.029823406094422165,0.0314834647921125,-0.016359485020006687,0.012645052424341227,-0.02915401746019953,-0.02184348816812314,-0.009116690545317826,0.02395269507356383,0.014640867978076282,-0.029258472959406694,-0.014251815954119592,-0.022296998044541053,0.026097940133707143,0.013788980520075888,0.013238593547924978,-0.01071073222737505,0.0245277908723027,-0.0074310561556326735,1.0,-0.04502445135062953,0.04277197689940321,-0.05151120722749281,-0.019789163165662593,-0.01748871482471373,-0.039009585958594314,0.0025816785502846907,-0.00025535141068814773,0.028236517961875575,0.09776778701771106,0.02524945062003932,0.04156922941764348,-0.02494831792681411,-0.0016515955359718366,0.003423885444895267,-0.029607967305034427,-0.053983460142625145,-0.004014734122759568,0.0238503027855829,0.01866695822503802,-0.020665733321412087,-0.007902421025857432,-0.025185300284917084,0.03146393305140857,-0.004258268531383405,0.0162850919481948,-0.01517527903082287,-0.023546709192176687,-0.014121573871129,0.017497133497054635,0.013299093072191048,-0.03093599614931314,-0.01728294016177834,-0.02945411966084659,0.02716684656203849,0.018744229379297307,0.019424432894866235,-0.009697404576473142,0.0261483937345301,-0.006866081706415994
3.4958787888060012,0.6431985636284231,0.8734177215189873,1.0,110.0,122.0,125.0,90.0,75.0,17.0,14.0,3.0,5.0,1.0,3.0,134.0,111.0,131.0,125.0,121.0,130.0,107.0,125.0,111.0,111.0,113.0,110.0,0.15901060070671377,0.39399293286219084,0.4469964664310954,0.2722183344996501,0.3275017494751575,0.4002799160251924,0.020104244229337303,0.005956813104988831,0.014147431124348473,0.01563663440059568,0.014147431124348473,0.014892032762472078,0.0022338049143708115,0.006701414743112435,0.0037230081906180195,0.0014892032762472078,0.04095309009679821,0.008935219657483246,0.03350707371556218,0.006701414743112435,0.0193596425912137,0.024571854058078928,0.014147431124348473,0.0029784065524944155,0.008190618019359643,0.0052122114668652275,0.0022338049143708115,0.02531645569620253,0.0022338049143708115,0.024571854058078928,0.010424422933730455,0.008935219657483246,0.03052866716306776,0.05137751303052867,0.0052122114668652275,0.03276247207743857,0.023827252419955324,0.010424422933730455,0.09828741623231571,0.0022338049143708115,0.0573343261355175,0.022338049143708117,0.0387192851824274,0.055100521221146684,0.06924795234549516,0.00967982129560685,0.0387192851824274,0.022338049143708117,0.005956813104988831,0.04095309009679821,0.004467609828741623,0.0193596425912137,0.0022338049143708115,0.014147431124348473,0.005956813104988831,0.0014892032762472078,1.0,0.015225333869146717,0.04368401604186455,-0.0262656570683248,-0.014023254915647109,-0.001585507826443793,0.05787217645430993,0.05942186741208587,0.05115463614874571,0.04649819226210051,-0.006450058723174095,0.037417560821016056,0.001412259242827289,0.013835794598235895,0.01897798068877761,0.024809262198581254,0.06191149226079357,0.02811509516014506,0.005515290960794783,0.0043896004108670604,-0.00025100012169361534,0.033428601365906446,0.021453070792699636,0.0068844752688805005,0.042320389029830194,0.004491808694732223,0.031695774864563216,-0.013404032268201013,0.01302377884303877,-0.0038853686895060375,0.024538693361104823,-0.025423680818483483,-0.01014280764544575,0.02538441263769854,-0.001298861379487215,-0.016974028205279396,-0.013359494041922639,-0.042678462373465086,-0.02879342722369608,-0.036057962145483284,-0.010848939283735646,1.0,0.015236679125383037,0.04352711615277403,-0.02768411213615773,-0.015193825553679357,0.0012346228333589943,0.05889084478545332,0.057549336858365246,0.044801550438317364,0.043983606929449526,-0.006845446051842514,0.038942200467838875,0.002057346437937702,0.005467683723769322,0.012256886716040348,0.014867522601605909,0.05608775370115642,0.01974223483708686,-0.003509429915019833,0.002469920232185596,-0.003285825513088729,0.0313816746191213,0.00980396631229225,-0.007985930211868102,0.034153046931749455,-0.002307568932348156,0.028223578766976253,-0.020232192312246003,0.004945988405571508,-0.00663947812858004,0.014105145525949651,-0.03348464833361528,-0.02539654523425768,0.02148896823088872,-0.003815633530219462,-0.027159269290555847,-0.01526505446476941,-0.0494667516686157,-0.028791078388228395,-0.039166789484907594,-0.015577533962611866
3.4770525214115064,0.6482150699190652,0.8845867460908414,4.0,108.0,126.0,119.0,105.0,59.0,30.0,16.0,11.0,5.0,7.0,1.0,134.0,108.0,131.0,123.0,117.0,130.0,99.0,129.0,111.0,111.0,123.0,108.0,0.13367174280879865,0.40609137055837563,0.4602368866328257,0.27598314606741575,0.324438202247191,0.39957865168539325,0.014147431124348473,0.007446016381236039,0.00967982129560685,0.00967982129560685,0.0193596425912137,0.01340282948622487,0.0022338049143708115,0.007446016381236039,0.0029784065524944155,0.0022338049143708115,0.04095309009679821,0.010424422933730455,0.03276247207743857,0.004467609828741623,0.018615040953090096,0.020104244229337303,0.012658227848101266,0.0014892032762472078,0.006701414743112435,0.0052122114668652275,0.0022338049143708115,0.018615040953090096,0.006701414743112435,0.027550260610573342,0.01712583767684289,0.010424422933730455,0.024571854058078928,0.03648548026805659,0.0052122114668652275,0.04988830975428146,0.029784065524944156,0.01340282948622487,0.0967982129560685,0.0029784065524944155,0.05658972449739389,0.022338049143708117,0.027550260610573342,0.06626954579300075,0.0774385703648548,0.01340282948622487,0.03276247207743857,0.018615040953090096,0.0037230081906180195,0.049143708116157855,0.0022338049143708115,0.02531645569620253,0.0022338049143708115,0.008190618019359643,0.008190618019359643,0.0022338049143708115,1.0,0.02806295472462606,0.05706751478770738,0.03447938415468104,-0.00418304575678726,0.07042232473379191,0.06283740831506705,0.02028001798876639,0.021158289306661356,0.04360650881551275,-0.061698561055500305,-0.015987719534371284,-0.0051086211078582595,0.012362470908461539,0.007377840610419413,-0.04010036336475599,0.008130023892556163,0.043584254365487594,-0.0045678866633712305,-0.01396060380765841,0.024767523988477657,0.004731115356799382,0.05959939818074481,-0.006530394094128615,-0.02435345256314229,0.018755980802644113,0.022703373507210144,-0.01800940413448071,0.004519229907708763,-0.008956709697004666,0.034030498742541375,0.014379359924262954,0.018756946865570816,-0.012536322139628684,0.014637676801665863,-0.03147929009445337,0.011950172148877785,-0.008866662310877592,-0.01674966183882651,-0.02441716615665532,0.02255965016387034,1.0,0.028083866017267357,0.05640841265031541,0.03158320848134543,-0.009158189709888112,0.06763287104663551,0.05986118698026227,0.010441757849201887,0.009686416550751085,0.039645981925778666,-0.07097249366425132,-0.02703650086383248,-0.004803856194309596,0.015852042613786286,-0.0008081437430279552,-0.039399284621619665,0.018725764231035044,0.05318816847056594,-0.006452497240677653,-0.016970110383715504,0.027452795653401463,0.007147004325312999,0.049426796303580496,-0.01487531415490897,-0.025464430025097635,0.009777937119726425,0.019793958773000907,-0.022696073089886377,-0.0005296107808270016,-0.009227609417938565,0.03640293868824301,0.008257861621602296,0.029270224430033093,-0.015241734005596324,0.006670905235343914,-0.03651827626810551,0.015317911375392505,-0.011777995557772767,-0.022333336516753507,-0.038559188710650526,0.03912728878020217
3.4418440060483433,0.5997999910593028,0.8816083395383469,3.0,107.0,121.0,102.0,98.0,104.0,29.0,35.0,8.0,4.0,10.0,3.0,134.0,107.0,125.0,117.0,110.0,129.0,97.0,123.0,111.0,110.0,114.0,108.0,0.22756410256410256,0.33974358974358976,0.4326923076923077,0.27870036101083034,0.3234657039711191,0.39783393501805053,0.017870439314966492,0.008935219657483246,0.008190618019359643,0.014147431124348473,0.014892032762472078,0.011169024571854059,0.0014892032762472078,0.0052122114668652275,0.0029784065524944155,0.0007446016381236039,0.044676098287416234,0.008935219657483246,0.03723008190618019,0.0052122114668652275,0.018615040953090096,0.03276247207743857,0.016381236038719285,0.0014892032762472078,0.008935219657483246,0.006701414743112435,0.0022338049143708115,0.03127326880119136,0.0022338049143708115,0.027550260610573342,0.01340282948622487,0.008190618019359643,0.027550260610573342,0.04393149664929263,0.0014892032762472078,0.028294862248696945,0.027550260610573342,0.012658227848101266,0.11020104244229337,0.0037230081906180195,0.055100521221146684,0.02531645569620253,0.03723008190618019,0.05956813104988831,0.06999255398361877,0.010424422933730455,0.03127326880119136,0.017870439314966492,0.0052122114668652275,0.045420699925539834,0.0007446016381236039,0.0193596425912137,0.0029784065524944155,0.008935219657483246,0.0029784065524944155,0.0007446016381236039,1.0,0.01592057606785785,0.03415607687757266,0.018636832385285965,0.025014135406335847,0.011329389483165683,-0.002372242604192003,-0.003602501920409278,0.010736353068643479,0.0670197861620029,0.03449023210525222,0.024480092511815692,0.05599605881720108,-0.0032138258432614407,0.01097416070479872,0.001834087196827399,0.0325354780165567,0.0063612674439977165,0.01869532214925438,0.011968197011188465,-0.04088246491114736,0.015652638635828206,0.007676541746748495,0.01763899389828427,0.007602858986348654,-0.04095709522315461,0.001038567659199312,0.007098453348137332,0.01544003725973563,-0.002207801355154467,-0.039824099600332556,-0.08463050867129338,-0.020482048575489614,-0.015523639729009131,-0.07141463762803933,0.023708564269186366,0.01040673894687749,-0.03366288632286101,-0.005127682618359366,-0.04481472229689276,0.028972357850225693,1.0,0.015932439388325708,0.03396179640765196,0.017635783079083103,0.023419355381719575,0.009453281946925057,-0.004640371570595149,-0.005090509978679261,0.010225948175954536,0.06725116901777298,0.032633777584272446,0.019449720771312164,0.051397802804000484,-0.010553670754225905,0.004319634968974563,-0.0005970642741652543,0.03108458667368389,0.0043318170394926175,0.012652685020980266,0.006379171675892213,-0.049770727545616,0.006805445227260339,0.006524470999586623,0.015802902461891945,0.005385831609163441,-0.046984781881957045,-0.0037451995871731485,0.004279897489328441,0.011930222602977264,0.004046194106497298,-0.0424863413286706,-0.08936900541508064,-0.018628921603974676,-0.013072548533183207,-0.06467943987695479,0.03265874493075975,0.0197660014752876,-0.035465015980248316,-0.005904706353339827,-0.041553094087433184,0.04048167371829929
3.4948239653065523,0.6310927245078273,0.8808637379002234,4.0,111.0,126.0,123.0,109.0,71.0,42.0,55.0,13.0,10.0,6.0,4.0,134.0,113.0,131.0,125.0,123.0,127.0,113.0,124.0,119.0,119.0,123.0,115.0,0.19287833827893175,0.37833827893175076,0.4287833827893175,0.2626193724420191,0.3315143246930423,0.40586630286493863,0.02308265078183172,0.010424422933730455,0.010424422933730455,0.017870439314966492,0.01712583767684289,0.01340282948622487,0.0,0.008190618019359643,0.0022338049143708115,0.0007446016381236039,0.040208488458674606,0.011169024571854059,0.03425167535368578,0.007446016381236039,0.02084884586746091,0.022338049143708117,0.020104244229337303,0.004467609828741623,0.008190618019359643,0.0052122114668652275,0.0022338049143708115,0.020104244229337303,0.0014892032762472078,0.034996276991809384,0.018615040953090096,0.014892032762472078,0.0387192851824274,0.044676098287416234,0.004467609828741623,0.023827252419955324,0.01712583767684289,0.011169024571854059,0.10201042442293373,0.0052122114668652275,0.05137751303052867,0.01563663440059568,0.04393149664929263,0.049143708116157855,0.07073715562174236,0.008935219657483246,0.035740878629932984,0.01340282948622487,0.008190618019359643,0.04616530156366344,0.0022338049143708115,0.014892032762472078,0.0007446016381236039,0.011169024571854059,0.008935219657483246,0.0014892032762472078,1.0,0.02489663831177565,-0.003986220364840488,0.02059649281405491,0.005575125588381053,0.03468329996058873,0.024864409654256455,0.0026832132841541536,-0.00135883759885625,0.029870283218562308,0.029510283583129855,-0.006546315027200028,0.06273560585138227,0.01260022661399224,-0.011272865905811958,0.011908892087039335,-0.04393926902930133,0.026612668925422286,-0.006431964667992991,-0.012817074193193185,0.03998685778425365,-0.0027835556487571817,0.0026053359418755553,0.03507355585445051,0.012938641491811056,-0.006851855955460591,0.035695994103471886,0.027946997012580046,-0.0005943739453522541,0.0014346303782707972,-0.040961702535177974,-0.007457698604936152,0.015194588963548113,0.01234628178679765,8.728249308600755e-05,0.0020577256743930074,-0.03800000327245837,-0.014482075545738953,0.00978280170949448,0.0036049669734215164,-0.04715610137897331,1.0,0.02491519020321514,-0.0046157975470852595,0.020870932886517566,0.00453747592449301,0.03478652737520125,0.022911320998543986,0.001679732250639682,-0.0026801092240313624,0.02896869673575775,0.026885009804973676,-0.009238028222783076,0.062382192833134884,0.008409115213690282,-0.01301343342222119,0.00722580079194741,-0.04714457726491843,0.026123523644659162,-0.013089873564467561,-0.012186971286809843,0.040928856294958335,-0.005553883723482927,4.738476687955853e-05,0.03544965171898025,0.008461304725818932,-0.00847025725085181,0.037394904298490565,0.023265851732904005,0.0038681645049529574,-0.005472651263926618,-0.04693021027649437,-0.0031431110722177275,0.0022646998077409035,0.011365681653253058,0.0011269063040267478,-0.0023535363790712673,-0.03938598579561144,-0.015448643183784338,0.005647330368407148,0.006231262666953124,-0.04759281671044251
3.4913366121624034,0.6346510737924727,0.8897989575577067,1.0,110.0,119.0,117.0,83.0,78.0,23.0,39.0,28.0,5.0,21.0,2.0,134.0,113.0,127.0,121.0,120.0,121.0,97.0,124.0,113.0,111.0,113.0,111.0,0.18849840255591055,0.3722044728434505,0.43929712460063897,0.2697508896797153,0.3309608540925267,0.399288256227758,0.020104244229337303,0.00967982129560685,0.011913626209977662,0.00967982129560685,0.01340282948622487,0.01340282948622487,0.0029784065524944155,0.0022338049143708115,0.0037230081906180195,0.0052122114668652275,0.04095309009679821,0.012658227848101266,0.034996276991809384,0.008935219657483246,0.014147431124348473,0.023827252419955324,0.017870439314966492,0.0014892032762472078,0.008190618019359643,0.0029784065524944155,0.0052122114668652275,0.029039463886820552,0.0,0.021593447505584513,0.017870439314966492,0.008190618019359643,0.028294862248696945,0.040208488458674606,0.007446016381236039,0.035740878629932984,0.02531645569620253,0.014147431124348473,0.10275502606105734,0.004467609828741623,0.054355919583023084,0.018615040953090096,0.034996276991809384,0.054355919583023084,0.08041697691734921,0.008190618019359643,0.03201787043931496,0.016381236038719285,0.006701414743112435,0.04393149664929263,0.0037230081906180195,0.017870439314966492,0.0007446016381236039,0.018615040953090096,0.00967982129560685,0.0007446016381236039,1.0,0.0354536751516061,-0.01545708577378503,0.02987547358675396,-0.012818380650878107,0.020855073321429208,-0.0007580769879971694,0.004588777875423223,-0.030193076911573198,-0.024248387325619385,0.02296749927812811,0.013829731581420427,0.023676612258950163,0.022735500958402342,-0.033885792073475245,0.02046050289945713,0.008319326236581975,0.00738077128472613,-0.00934168298107591,-0.008126539222183609,0.04493656895634486,-0.007236176106652018,0.01913303778541603,-0.025218082271879178,-0.014677077737751572,-0.03153186064172652,0.02851338768185218,0.04583197434118773,0.01911920913817312,0.01664072978406429,-0.0539900056981387,0.008345129559641114,0.019763312566505747,0.031055632993653656,0.023650618589748654,0.004210615290923108,-0.0016090619280832094,0.005184485797059273,0.053112340573764315,0.026098978839263758,0.005275990898078905,1.0,0.035480093687486586,-0.016760074097548407,0.031143391624200774,-0.015372827327288873,0.023052870876545197,-0.0038314038136226494,0.006457010499275546,-0.032549969792466826,-0.02115963938760614,0.022898609699465104,0.013736100918073306,0.024081719834284414,0.021056431147901105,-0.034586383665287754,0.022238770068159695,0.0036804294139920614,0.00802363880389463,-0.012430685361522613,-0.003706991312769954,0.045946168236953744,-0.0080912256675494,0.01904592672427842,-0.032407252207394016,-0.008500547532825982,-0.036264146178563376,0.03468739129384637,0.04149173174039134,0.021293444716497925,0.017535161410304072,-0.058152319923856347,0.011210763678381164,0.009872655238289244,0.031518066263603636,0.024516076329911863,0.009269754875060874,0.0020785793612696913,0.001954128881961338,0.05106543610377264,0.014224707865038133,0.007995082027790815
3.444319206117966,0.6252538342232695,0.8749069247952346,1.0,111.0,120.0,118.0,97.0,87.0,34.0,26.0,15.0,20.0,4.0,1.0,134.0,111.0,122.0,125.0,112.0,123.0,109.0,119.0,111.0,111.0,115.0,108.0,0.17981072555205047,0.3943217665615142,0.42586750788643535,0.26857142857142857,0.32785714285714285,0.4035714285714286,0.017870439314966492,0.007446016381236039,0.00967982129560685,0.014892032762472078,0.0193596425912137,0.01340282948622487,0.0022338049143708115,0.008935219657483246,0.0037230081906180195,0.0014892032762472078,0.04988830975428146,0.005956813104988831,0.03723008190618019,0.006701414743112435,0.01712583767684289,0.02308265078183172,0.01340282948622487,0.0037230081906180195,0.0052122114668652275,0.004467609828741623,0.0,0.026061057334326135,0.0022338049143708115,0.027550260610573342,0.01340282948622487,0.018615040953090096,0.029039463886820552,0.03723008190618019,0.0052122114668652275,0.04765450483991065,0.0193596425912137,0.008190618019359643,0.11913626209977662,0.0037230081906180195,0.045420699925539834,0.023827252419955324,0.035740878629932984,0.058823529411764705,0.06999255398361877,0.00967982129560685,0.03648548026805659,0.01712583767684289,0.0029784065524944155,0.0387192851824274,0.0007446016381236039,0.018615040953090096,0.0029784065524944155,0.008190618019359643,0.0029784065524944155,0.004467609828741623,1.0,0.06269540361250847,0.04491907214728709,0.011044018962426854,0.015675552400091775,-0.028582958325115544,-0.02405009315852008,-0.008364659844066957,0.027752258505465935,0.031000557754329104,0.03374201826114462,0.0006074669944160035,-0.04952372332384502,0.05259686761321621,0.016529145776029684,0.040073974225549785,0.010615295422263705,-0.010137770323106516,-0.010297607800252082,-0.017824767348630942,0.009878341164876906,0.024883272968253857,-0.0372735389063177,-0.029191266770593808,-0.02938941747099839,-0.03677867285799979,-0.038602424648937914,-0.030500034163943868,0.01099322600945883,-0.025266377514186103,-0.02222953431819851,0.019834766595624838,-0.03238789353172607,-0.0028183858604791828,0.012021601926667649,0.021386997373662887,-0.007005745526479602,0.009192714710652682,0.03914125520779645,0.05015464821063166,-0.010100715180059778,1.0,0.06274212149895593,0.04121172472953318,0.005809530862741819,0.012929646089351083,-0.03129720616681071,-0.021987699072751055,-0.0033701691436676564,0.031089984981944728,0.029767343450989157,0.02809449414953473,-0.007418981074260097,-0.05527325980682248,0.0599608265071274,0.016973471211715687,0.03919890317560256,0.006265201422069551,-0.02205774736129688,-0.013150306892225997,-0.015988327204942726,0.02016049794564984,0.029657973335150953,-0.04296282070662987,-0.03674161351212619,-0.03337906567403321,-0.027780029454699092,-0.0285662493438661,-0.017791864776394186,0.012767785791955982,-0.034314490835800085,-0.026184717030131484,0.023814032567019996,-0.026007139107836842,0.008737659610436838,0.013150736153377899,0.02197179912770003,-0.00978405457756519,0.01281133191047188,0.047042827592077306,0.05537760174365594,-0.00829040243721285
3.4691186978258624,0.6322088397522495,0.874162323157111,13.0,94.0,119.0,112.0,95.0,84.0,42.0,65.0,16.0,5.0,6.0,5.0,134.0,105.0,127.0,121.0,123.0,123.0,71.0,127.0,108.0,107.0,113.0,107.0,0.24695121951219512,0.3475609756097561,0.4054878048780488,0.28111273792093705,0.33601756954612005,0.3828696925329429,0.011169024571854059,0.006701414743112435,0.00967982129560685,0.011913626209977662,0.01563663440059568,0.011913626209977662,0.0007446016381236039,0.0037230081906180195,0.0029784065524944155,0.0037230081906180195,0.03201787043931496,0.008935219657483246,0.040208488458674606,0.006701414743112435,0.014892032762472078,0.02308265078183172,0.020104244229337303,0.0052122114668652275,0.014892032762472078,0.006701414743112435,0.0037230081906180195,0.028294862248696945,0.0007446016381236039,0.03127326880119136,0.012658227848101266,0.0193596425912137,0.029039463886820552,0.0379746835443038,0.0029784065524944155,0.04095309009679821,0.02308265078183172,0.018615040953090096,0.0960536113179449,0.0007446016381236039,0.06552494415487714,0.021593447505584513,0.03201787043931496,0.06329113924050633,0.07297096053611318,0.007446016381236039,0.03723008190618019,0.014892032762472078,0.006701414743112435,0.04690990320178704,0.004467609828741623,0.014892032762472078,0.0014892032762472078,0.007446016381236039,0.005956813104988831,0.0007446016381236039,1.0,0.04658259854464429,0.0005396576154205838,0.020870028516388618,0.017142921193802067,0.0036794993256925456,-0.024881673194360087,0.03144556759726757,-0.022265088810441123,0.03189071946657746,0.026405014974378048,-0.007816880507783135,0.005327685069318643,-0.023289357798966077,0.0016461035871706993,0.025981996811222496,-0.007986330204762524,0.018861390742703318,-0.02751571526042495,0.005685603947882282,-0.034088076043475225,-0.03659268403601533,-0.007536344044643207,0.022884441590280385,0.01201874230228522,-0.042525059640143234,-0.026711082124091696,-0.009102941007634943,0.014354275986523847,-0.014237108736335961,0.019449479367392532,0.0012773202244076409,0.008084294245610338,-0.04758328309745182,0.0024126588379568045,-0.036471010819740676,-0.018463676773135637,0.011928892146163486,-0.01772815188279666,-0.008194025216788768,0.01846079534346762,1.0,0.04661730986993837,-0.0016362669978111212,0.021013516852606707,0.01527853144968925,0.002232380487443977,-0.025729933680874787,0.03341996349727155,-0.026011654148299777,0.03562213484615977,0.022868055896724304,-0.010046847995904537,0.0048497204312561645,-0.024402577480938263,0.0009304884660756675,0.0295995143651406,-0.011492681898948535,0.02060456900086965,-0.030141328417314754,0.004386588006807519,-0.0343059750632388,-0.03323118329467807,-0.004797700983044561,0.029813668512206994,0.006593622362066089,-0.04014907362485151,-0.02899752522507309,-0.007044544150486246,0.019980707021317892,-0.012872375581557478,0.026342862914936503,-0.0020657952826281306,0.0075357541635718076,-0.0533645436017389,0.006572207027432015,-0.03458729690539524,-0.007413043553748147,0.014100404233595822,-0.020422638365209734,-0.011641749299902445,0.02245270502003993
3.5213388874127136,0.6228859190417921,0.889054355919583,11.0,116.0,127.0,122.0,94.0,87.0,37.0,41.0,17.0,5.0,12.0,7.0,134.0,117.0,131.0,125.0,125.0,130.0,109.0,129.0,125.0,123.0,124.0,116.0,0.20562130177514792,0.3520710059171598,0.4423076923076923,0.26411290322580644,0.3346774193548387,0.4012096774193548,0.014892032762472078,0.008935219657483246,0.01563663440059568,0.011169024571854059,0.0193596425912137,0.017870439314966492,0.0014892032762472078,0.0052122114668652275,0.005956813104988831,0.0029784065524944155,0.04169769173492182,0.008935219657483246,0.0387192851824274,0.0052122114668652275,0.017870439314966492,0.023827252419955324,0.01563663440059568,0.0014892032762472078,0.00967982129560685,0.008935219657483246,0.0007446016381236039,0.03127326880119136,0.0029784065524944155,0.02531645569620253,0.014147431124348473,0.011913626209977662,0.022338049143708117,0.05361131794489948,0.0052122114668652275,0.0387192851824274,0.021593447505584513,0.014892032762472078,0.10052122114668652,0.0014892032762472078,0.04318689501116903,0.024571854058078928,0.03425167535368578,0.05137751303052867,0.06775874906924795,0.014147431124348473,0.03425167535368578,0.023827252419955324,0.007446016381236039,0.034996276991809384,0.0029784065524944155,0.016381236038719285,0.0037230081906180195,0.011169024571854059,0.008935219657483246,0.0007446016381236039,1.0,-0.020671235626208956,0.02499540866982497,0.021245954653359295,-0.008513482255652051,-0.033008862344156766,-0.04058640880980422,0.0005169962011203719,0.02676966430093407,0.006228577318191257,0.011465061164929014,0.014428193849819105,0.01366674408345225,-0.025567594437531555,0.012616107083047053,-0.005795979574852102,-0.03200700634786176,0.019347026901874967,0.05473224514163542,0.0047738103349417435,0.003675934010003655,0.005869526029675552,0.008686665327297014,0.012870913875776244,0.0030465493013054467,-0.0002772612790917412,-0.003944790167984779,0.0016239200016475578,0.07672091759997747,0.008916303225875782,-0.023156023376352655,-0.01165095762978553,-0.04664080547700842,-0.0320410518406564,-0.053527332640664026,-0.03285248952565308,-0.021407552851272365,0.027813752071145167,-0.015278972218900467,-0.03907491920723087,0.028527904678209468,1.0,-0.020686638931444557,0.02461528419129532,0.022330904052083437,-0.008275752349281825,-0.034627094329072225,-0.04233655398556553,0.000850844146811261,0.03069145416861839,0.008880147582473054,0.008514792772225617,0.010426538802269706,0.012291163367161942,-0.024345038297109503,0.013478600864365808,-0.0031199547536469234,-0.031204394818241145,0.01906297163219723,0.0576194020232093,0.005729438003438117,-0.000790940123378118,0.001784945340514783,0.007417539147569017,0.01911116020175884,0.010499668027452797,-0.0010029942481195717,-0.00852721410274466,0.002407667273774746,0.08046610441432542,0.011324714084919455,-0.028515270940539326,-0.017860401435889975,-0.050373948659638915,-0.02660963723787372,-0.04349279635143295,-0.03659196375144398,-0.0320075790912983,0.025147602589490586,-0.017441985217850443,-0.04977808355653193,0.019666774538538677
3.44030421994711,0.6386190037417236,0.8771407297096053,15.0,79.0,119.0,107.0,60.0,91.0,8.0,62.0,31.0,31.0,13.0,4.0,134.0,87.0,127.0,121.0,112.0,124.0,51.0,127.0,103.0,119.0,122.0,97.0,0.2709677419354839,0.36935483870967745,0.3596774193548387,0.290785498489426,0.34365558912386707,0.36555891238670696,0.011169024571854059,0.006701414743112435,0.011169024571854059,0.014147431124348473,0.0193596425912137,0.011169024571854059,0.0007446016381236039,0.006701414743112435,0.0052122114668652275,0.0014892032762472078,0.04393149664929263,0.01563663440059568,0.035740878629932984,0.006701414743112435,0.01340282948622487,0.02084884586746091,0.014892032762472078,0.0007446016381236039,0.004467609828741623,0.004467609828741623,0.0029784065524944155,0.027550260610573342,0.0029784065524944155,0.044676098287416234,0.014892032762472078,0.012658227848101266,0.03201787043931496,0.04393149664929263,0.0052122114668652275,0.04169769173492182,0.029784065524944156,0.008190618019359643,0.114668652271035,0.0022338049143708115,0.04318689501116903,0.01563663440059568,0.044676098287416234,0.06254653760238273,0.06775874906924795,0.007446016381236039,0.03127326880119136,0.014892032762472078,0.004467609828741623,0.035740878629932984,0.0022338049143708115,0.021593447505584513,0.0052122114668652275,0.005956813104988831,0.004467609828741623,0.0007446016381236039,1.0,0.033583896711451455,-0.022563901232003265,-0.017756615430560955,-0.003284823607096411,0.006319918147861918,0.01364021090076705,-0.03335489928376375,-0.016612442134603205,0.00464588557602381,0.006884683847654838,0.07457942618143791,0.04183596161702513,-0.0024509219730640295,-0.01480653579007072,0.005453080662270415,0.020409831154593584,0.021991819954159074,-0.009769948378102977,-0.002013061519616654,0.004363119858416527,-0.02348370649021681,0.0024863167024650407,0.028145009431999424,0.04181698934371977,0.0034585341294369326,0.009744481105741524,0.029444001199936846,0.006761441846315445,-0.02202984175010958,-0.05241969553862864,0.028619458139204614,0.02057090051342341,0.012551742085820397,-0.0261937161029119,0.017993398544853312,0.02818122759953928,0.014210374437223127,-0.04361244442369704,0.0056983644040779985,-0.006130059020064016,1.0,0.03360892196980573,-0.02375394471595275,-0.016248015212853264,-0.0026724794580398454,0.00577764669904693,0.012891061354936612,-0.03433240195177358,-0.013648060991844365,0.004686692983573486,0.00487510016376917,0.07439573618823617,0.038008355848510304,-0.0004408380735979565,-0.011529133331974573,0.006713883367770434,0.019223876587180493,0.0192301916710265,-0.006165301324398004,0.004970497910743706,0.00519429134028189,-0.027034746940920968,-0.0022043566461356994,0.023255738283064643,0.04154909901389222,0.003760911080158587,0.01203867192093806,0.02876002659201418,-0.0005886746483544117,-0.023453760688722257,-0.050015118043930516,0.03530005379237954,0.01980672334195865,0.012109631498736331,-0.028591532719458686,0.014931999449977276,0.02316596976543272,0.007304338904662912,-0.04804282292575237,0.008949514192980776,-0.004803207489050565
3.498907783005114,0.622526016849188,0.8905435591958303,9.0,109.0,128.0,121.0,78.0,88.0,50.0,58.0,12.0,8.0,9.0,1.0,134.0,111.0,131.0,127.0,125.0,130.0,97.0,127.0,115.0,121.0,125.0,99.0,0.23099850968703428,0.3263785394932936,0.4426229508196721,0.2711511789181692,0.33841886269070737,0.39042995839112343,0.014892032762472078,0.008935219657483246,0.010424422933730455,0.017870439314966492,0.014147431124348473,0.01340282948622487,0.0014892032762472078,0.007446016381236039,0.0029784065524944155,0.0029784065524944155,0.04095309009679821,0.008935219657483246,0.03723008190618019,0.00967982129560685,0.02531645569620253,0.027550260610573342,0.017870439314966492,0.007446016381236039,0.0037230081906180195,0.0037230081906180195,0.0007446016381236039,0.02680565897244974,0.0029784065524944155,0.029039463886820552,0.011913626209977662,0.01712583767684289,0.027550260610573342,0.0379746835443038,0.004467609828741623,0.0379746835443038,0.0193596425912137,0.007446016381236039,0.09977661950856292,0.0029784065524944155,0.049143708116157855,0.02308265078183172,0.04169769173492182,0.06254653760238273,0.06478034251675353,0.005956813104988831,0.04393149664929263,0.016381236038719285,0.004467609828741623,0.0387192851824274,0.0037230081906180195,0.016381236038719285,0.0022338049143708115,0.011169024571854059,0.010424422933730455,0.0022338049143708115,1.0,0.015237440594179983,-0.001999079767996649,0.03490220162242595,0.011248483926826463,0.034566701514131104,0.05929505642195101,-0.02247693001299319,0.007843477390732448,-0.009036311804051915,0.012402888477361096,0.01380592134786831,-0.045118483024917916,-0.010999937897780624,-0.041369294687758615,-0.008002216588402522,0.011992805359136233,-0.008260075207323768,-0.02228601506297012,-0.01223120217388491,-0.00341398996226249,0.018821676768700824,-0.013092116134222434,0.003578544385421725,-0.006012037955647609,-0.021623682823996394,-0.00769075914586846,0.0533131918061059,-0.021810771245926328,-0.009551219847781529,0.033425916111970946,0.0016520177844956442,-0.01920217629876479,0.01926102802653409,-0.02067595193595439,9.385280194021395e-05,-0.01227153844313905,-0.019332826860109602,0.045262451001239164,0.032762994121355624,-0.00929618655067816,1.0,0.015248794871820957,-0.002235106709056353,0.035053346701279055,0.010219658679527076,0.03459088691645926,0.0575244320495192,-0.02487212951420444,0.006515277197357627,-0.014283964960686294,0.01212874382623727,0.009573650307058586,-0.04729994851250337,-0.007987076687995004,-0.044006246124443,-0.0032132810380356078,0.010880339699046475,-0.0033461459962478585,-0.014647788945047781,-0.010948746523316741,0.0028120818943175208,0.017472164137596967,-0.012501015133855448,0.007621365822766368,-0.006207620812842022,-0.020353558672451925,-0.013092123046266184,0.05239716525399488,-0.021017479545554968,-0.008958132844954536,0.03377972507844992,0.0012069449050569568,-0.023728649899816694,0.014310668037948482,-0.018137462712527176,0.0014831168633565289,-0.018045343770072577,-0.01966831679333135,0.046908008805735445,0.03648602315888752,-0.008087206619799054
3.475322250484596,0.5953994397636286,0.8801191362620998,3.0,99.0,125.0,117.0,92.0,97.0,22.0,26.0,8.0,8.0,20.0,3.0,134.0,108.0,129.0,125.0,116.0,130.0,94.0,127.0,119.0,114.0,119.0,99.0,0.2032258064516129,0.3629032258064516,0.4338709677419355,0.2765205091937765,0.3352192362093352,0.3882602545968883,0.018615040953090096,0.008190618019359643,0.010424422933730455,0.01712583767684289,0.023827252419955324,0.01712583767684289,0.0,0.00967982129560685,0.0014892032762472078,0.0379746835443038,0.0,0.00967982129560685,0.04095309009679821,0.004467609828741623,0.01712583767684289,0.028294862248696945,0.014892032762472078,0.0007446016381236039,0.010424422933730455,0.004467609828741623,0.0029784065524944155,0.028294862248696945,0.0014892032762472078,0.029039463886820552,0.011169024571854059,0.011913626209977662,0.023827252419955324,0.04244229337304542,0.004467609828741623,0.03425167535368578,0.027550260610573342,0.014147431124348473,0.09828741623231571,0.0007446016381236039,0.06105733432613552,0.020104244229337303,0.03648548026805659,0.05361131794489948,0.06403574087862993,0.008935219657483246,0.03648548026805659,0.018615040953090096,0.005956813104988831,0.04765450483991065,0.0022338049143708115,0.014147431124348473,0.0037230081906180195,0.011913626209977662,0.008190618019359643,0.0007446016381236039,1.0,-0.0455803128011198,-0.00243942290183803,0.021502941175172235,-0.014061874911104453,-0.046827932244719137,0.0012257722238798315,0.03241867191375663,0.028466364032468546,-0.00868657155734366,-0.0180507608875468,-0.02419483250197566,-0.006540644551112793,0.02460216828846969,-0.01712207957544318,-0.014899793928490505,0.03784211030080009,0.02715955153060882,-0.02683982749004916,0.02154096628700425,0.03423835768207521,-0.03900397955316532,0.016722769891032593,-0.059598782622717505,0.0012065536891770424,-0.026376391065619332,-0.014999070324937337,0.036624008593987185,-0.0024626999872212362,0.0394392783730176,-0.016800149607730196,0.027038952533820913,0.006408974313090572,0.03155292362126938,0.009661866435399298,-0.05453911871296297,0.003931798575239523,-0.017649781031024082,0.02473284920840946,-0.023120908567708,0.027476817161607086,1.0,-0.04561427726669441,-0.004533155372460347,0.021277068564719018,-0.012187736657342836,-0.048202056789878614,-0.003665067574735575,0.0330022724691805,0.03366649795161474,-0.00715056801755701,-0.02278801221608355,-0.026976103247217723,-0.004553790919060735,0.028317402364660682,-0.01622709288469346,-0.02154804565302067,0.032547837011083915,0.03426252811086965,-0.018702197823268544,0.017432412324837106,0.0325746989345084,-0.033136957234050864,0.017039762237728035,-0.06365409436033913,-0.0042865045615158096,-0.0268245426037459,-0.017563398388612907,0.03618342162555698,-0.0019534833265648227,0.040237275567876735,-0.014293228735334828,0.03473639601299404,0.009065374400248809,0.03198443870176214,0.014435767966381862,-0.06338135726419228,-0.005007059643223527,-0.019439650777527136,0.033909344255080597,-0.023355012875925788,0.02305896470111279
3.459196395414699,0.6424996224488939,0.8860759493670886,5.0,96.0,119.0,116.0,66.0,98.0,10.0,73.0,23.0,24.0,7.0,4.0,134.0,104.0,125.0,127.0,123.0,129.0,35.0,127.0,118.0,126.0,123.0,107.0,0.2745709828393136,0.35725429017160687,0.36817472698907955,0.2830188679245283,0.3584905660377358,0.3584905660377358,0.014147431124348473,0.005956813104988831,0.00967982129560685,0.012658227848101266,0.00967982129560685,0.011169024571854059,0.0014892032762472078,0.011169024571854059,0.0022338049143708115,0.0007446016381236039,0.03723008190618019,0.008190618019359643,0.04393149664929263,0.0052122114668652275,0.02084884586746091,0.02084884586746091,0.011913626209977662,0.0014892032762472078,0.012658227848101266,0.0022338049143708115,0.0037230081906180195,0.02308265078183172,0.0022338049143708115,0.035740878629932984,0.014147431124348473,0.021593447505584513,0.0379746835443038,0.05286671630677588,0.008190618019359643,0.04095309009679821,0.017870439314966492,0.014147431124348473,0.10647803425167536,0.0007446016381236039,0.055100521221146684,0.014892032762472078,0.03350707371556218,0.05286671630677588,0.06478034251675353,0.007446016381236039,0.034996276991809384,0.014147431124348473,0.007446016381236039,0.045420699925539834,0.0029784065524944155,0.02308265078183172,0.004467609828741623,0.004467609828741623,0.010424422933730455,0.0007446016381236039,1.0,-0.0329878944513676,0.03070500787925534,0.02423722904780248,0.003886936467834871,0.019766793957403522,0.0012751829922965437,-0.027204060949822993,-0.006908990403408844,-0.0207976152815853,0.008385082556092341,-0.021053278126698525,-0.013503344552884489,-0.10170110423021081,0.019732664665634506,0.013339047637526955,0.035602588319025345,0.027882336497993182,-0.032140668984225615,0.042933623822269604,-0.004479034810580463,0.018420527716229873,-0.013729652539067381,0.016209581290231867,0.003083318869842892,-0.0040571233729432025,0.04697431678326669,0.0057980325847987076,-0.04678296092352307,-0.013720647201771649,-0.02865568854322125,0.01642469245027951,-0.012011340966190462,0.009110393917254959,0.011664834718195584,-0.0023600523008189375,0.006754327967645074,0.015225053947082939,0.02861744485599057,0.009961032765520284,0.006370010809777364,1.0,-0.03301247559477398,0.02969333902955728,0.026308601340316966,0.004637480275040573,0.018620093065695134,0.001648706090538296,-0.02873141722231134,-0.009913707103568736,-0.020104252063214704,0.00865239496152129,-0.018827927608902926,-0.013307513524364573,-0.1026814014120646,0.01497506536322119,0.021127340878174812,0.041787827634801926,0.031086605527373783,-0.031827268182552465,0.03657336005740145,-0.00957648139108979,0.015490469617014606,-0.018768069207256412,0.020319004885368124,0.0011963541868351395,-0.007083167852884147,0.03959580574101398,0.013264614443690913,-0.042006823073868126,-0.015329881000099984,-0.022593845896675322,0.008680026161634505,-0.0011404425783577638,0.009791397537501537,0.018419351706306666,-0.005871420098291037,0.004136293180041952,0.015661229083007353,0.0301093015713656,0.018572702854223747,0.0013841173031357346
3.474528033466409,0.6264592598804924,0.8875651526433358,3.0,115.0,125.0,118.0,100.0,78.0,38.0,24.0,29.0,7.0,0.0,7.0,134.0,117.0,128.0,123.0,117.0,128.0,117.0,123.0,117.0,119.0,123.0,117.0,0.16304347826086957,0.3944099378881988,0.44254658385093165,0.2631578947368421,0.3253588516746411,0.41148325358851673,0.0193596425912137,0.008935219657483246,0.010424422933730455,0.01340282948622487,0.008935219657483246,0.02084884586746091,0.0007446016381236039,0.0052122114668652275,0.0052122114668652275,0.0022338049143708115,0.03201787043931496,0.011169024571854059,0.03201787043931496,0.008190618019359643,0.0193596425912137,0.020104244229337303,0.021593447505584513,0.0029784065524944155,0.00967982129560685,0.004467609828741623,0.0014892032762472078,0.02531645569620253,0.0014892032762472078,0.03052866716306776,0.01340282948622487,0.011169024571854059,0.035740878629932984,0.04393149664929263,0.0022338049143708115,0.03127326880119136,0.028294862248696945,0.00967982129560685,0.11913626209977662,0.0007446016381236039,0.04839910647803425,0.02531645569620253,0.040208488458674606,0.05212211466865227,0.05361131794489948,0.011169024571854059,0.04095309009679821,0.023827252419955324,0.006701414743112435,0.04690990320178704,0.0014892032762472078,0.018615040953090096,0.0014892032762472078,0.0052122114668652275,0.00967982129560685,0.0029784065524944155,1.0,-0.02967225836840789,0.01959135787799951,0.04572760577441139,0.018882282330085542,0.03840623083117735,-0.016166847987489928,-0.01022256453154388,-0.000352291879926118,-0.025552853076032136,0.019985066979621633,0.004679317747700658,-0.04457833683718545,0.011757665854612543,-0.0030697154475420488,-0.004857827522693249,-0.011360478735407763,0.049626867564559085,-0.03681504503007074,0.025565999414015862,0.03791819339460372,-0.01299064850483575,-0.002340005479919487,0.03699904524145388,-0.01594114538674685,-0.014979566248214258,0.040138127710784385,0.006084284257530966,0.04003809858329053,0.002337712229264076,-0.009189450322643474,-0.0221951048661756,-0.042305246860911604,0.007685076923652434,0.03669080870448972,-0.029906248109009544,-0.06871098873018616,0.034879874723461095,0.023087852267190668,-0.06436332786987713,0.009429923652911497,1.0,-0.029694368844092267,0.018755359006087883,0.04701658421587077,0.021389330595270133,0.038083169989498976,-0.016902723750054742,-0.014759981069598267,-0.0045275062987170794,-0.02559450745886179,0.01916398765241769,0.009017907018204024,-0.04238536220356228,0.00805382572075455,-0.0006236975886616611,-0.004079780554437199,-0.011188589707629351,0.05380367791056987,-0.03621368221000803,0.02373160193425462,0.037750532410199544,-0.012913770257543504,-0.007619598176305701,0.038386193950795955,-0.019185545200818006,-0.01928192102535721,0.0441489067102747,0.005749857028239675,0.04001879651789535,0.010860847216225905,-0.019073518584599325,-0.029846013477325288,-0.04107555657689616,0.0017941329121136968,0.04095121819763144,-0.01015234478646371,-0.07895191585186467,0.029855659566671883,0.033638650568406064,-0.06939934587690283,0.006917215858599786
3.4674144865223577,0.6050339090485932,0.8801191362620998,2.0,111.0,120.0,108.0,96.0,82.0,27.0,44.0,12.0,9.0,9.0,6.0,134.0,113.0,128.0,117.0,119.0,127.0,93.0,125.0,113.0,115.0,114.0,105.0,0.20447284345047922,0.35942492012779553,0.43610223642172524,0.2751247327156094,0.33071988595866003,0.3941553813257306,0.016381236038719285,0.00967982129560685,0.018615040953090096,0.011169024571854059,0.014892032762472078,0.010424422933730455,0.0007446016381236039,0.0052122114668652275,0.0029784065524944155,0.0022338049143708115,0.0387192851824274,0.00967982129560685,0.04616530156366344,0.007446016381236039,0.01712583767684289,0.021593447505584513,0.014892032762472078,0.0029784065524944155,0.011913626209977662,0.005956813104988831,0.0014892032762472078,0.024571854058078928,0.004467609828741623,0.02308265078183172,0.014147431124348473,0.016381236038719285,0.0387192851824274,0.05286671630677588,0.0014892032762472078,0.03201787043931496,0.021593447505584513,0.010424422933730455,0.10722263588979895,0.0037230081906180195,0.04690990320178704,0.026061057334326135,0.03648548026805659,0.0573343261355175,0.06999255398361877,0.005956813104988831,0.03350707371556218,0.011169024571854059,0.004467609828741623,0.04393149664929263,0.0029784065524944155,0.018615040953090096,0.0029784065524944155,0.011913626209977662,0.006701414743112435,0.0,1.0,-0.012957088670577915,-0.020139842815189286,-0.043336311944124566,0.026727220767353014,0.04032813036261787,0.005914938433780582,0.05087850787148313,-0.011779758600588922,-0.0453409121226061,0.021434692148215063,0.004727324990939064,-0.023171522019920374,-0.01225662477066992,0.011282858029814814,0.0026239705752315375,0.03731578404337841,-0.021136597411840187,0.0022381186160970643,0.01600256751925571,-0.004941446668308596,-9.95227778034048e-05,0.03357524424028223,-0.00458367822267868,-0.0006974607242689503,0.01600864190419847,0.022408176217906462,-0.02981643561743265,-0.013417745027340194,0.04585265177746552,-0.03460623773756948,-0.025351448733933177,0.035438763439921875,-0.002243574006074569,0.009191349048524184,-0.018517660148838367,0.00038255213551866246,0.034599008051354796,0.0008999019785007964,-0.026066370468012693,0.02739890265443862,1.0,-0.012966743729199802,-0.02034143644607484,-0.04398954836535438,0.025264689825149848,0.03951398641336508,0.0062106494184112565,0.05539996016100141,-0.0073878838525495115,-0.04575837592240369,0.022768234593267548,-0.0007010442059390355,-0.03058343517864129,-0.008322159275888323,0.010163229671729897,-0.0002582683217594938,0.04376964346921188,-0.019923725013157062,0.0018434433193728963,0.02359202059668727,-0.008828150270181401,-0.005614053090964974,0.03773951260262989,-0.00876482741140703,0.0008079218203626339,0.023050481753596173,0.015563200261756683,-0.029987520562784115,-0.007551513455305148,0.04083700162348927,-0.04090726326629713,-0.021781151423418847,0.03662585379998594,-0.008210776440350767,0.0139658760577302,-0.010548919254142874,-0.008636336250501602,0.040713389904856144,0.004545730668104043,-0.03698614790890106,0.03267656119452075
3.4756877501830443,0.6457717637912448,0.8875651526433358,8.0,102.0,123.0,109.0,69.0,86.0,49.0,19.0,24.0,28.0,9.0,1.0,134.0,102.0,129.0,116.0,114.0,128.0,102.0,126.0,103.0,103.0,105.0,102.0,0.18022328548644337,0.3668261562998405,0.4529505582137161,0.2844574780058651,0.3196480938416422,0.39589442815249265,0.014147431124348473,0.005956813104988831,0.00967982129560685,0.016381236038719285,0.01340282948622487,0.010424422933730455,0.0,0.0029784065524944155,0.007446016381236039,0.0014892032762472078,0.039463886820551006,0.007446016381236039,0.02531645569620253,0.008190618019359643,0.01563663440059568,0.022338049143708117,0.01712583767684289,0.0029784065524944155,0.012658227848101266,0.005956813104988831,0.0014892032762472078,0.022338049143708117,0.0014892032762472078,0.02680565897244974,0.014147431124348473,0.006701414743112435,0.028294862248696945,0.04393149664929263,0.004467609828741623,0.04393149664929263,0.024571854058078928,0.01340282948622487,0.0960536113179449,0.0014892032762472078,0.05212211466865227,0.022338049143708117,0.0387192851824274,0.06329113924050633,0.07297096053611318,0.007446016381236039,0.04318689501116903,0.01563663440059568,0.007446016381236039,0.05063291139240506,0.004467609828741623,0.022338049143708117,0.0029784065524944155,0.016381236038719285,0.010424422933730455,0.0014892032762472078,1.0,0.03612791412930353,0.00047786241820249446,0.057502878621304,0.06409448040450026,0.04090368165371852,0.06381279216955231,0.03050590825534599,0.04788639616461301,0.03906983589973316,0.07630491687972384,0.06638831497005306,0.02558841882059633,0.06071574164425147,0.07742393180082076,0.03667470549728027,0.017793297955570133,0.04055419616210072,0.04398565799192866,-0.03774708579632375,0.1177491526510136,0.004227151485061223,-0.015043703510638726,0.024323508892823868,0.07274449321234545,-0.021031913862336455,0.02931031986611414,0.05010746131536864,0.023394677612132663,0.030281438271120096,0.030216205307376745,0.03144721029913349,0.03453651097424043,0.08405465660185403,0.036731622105694965,-0.004902707276729744,-0.0001216764983959598,-0.016802497540575754,0.012647292665072255,0.010192432968761626,0.07481749694161441,1.0,0.03615483507872924,-0.0008296815222776188,0.05771978562180951,0.06039226985254951,0.03720687856117954,0.059146327671287975,0.02051472105905047,0.039787569460267076,0.026325614175318843,0.0653454435052528,0.05304493204977717,0.011168551462700505,0.04657742187972262,0.056657555473460956,0.018394467101360272,-0.0022494232109824285,0.017821431081916108,0.021478829139724254,-0.06245478778664551,0.10261791081039418,-0.02686322420695533,-0.027651066680463115,0.0024846275354244176,0.04685506139382202,-0.03950205417342422,0.0139522669563539,0.035224965394354504,0.0013369890619093668,0.023568228723155008,0.01152272826496459,0.012771353109861026,0.02565613184188279,0.07572363951614851,0.010929655896548512,-0.0215609874675007,-0.009812365020543326,-0.048436577469951475,-0.017723108266236295,0.007839332132739452,0.05470040117202594
3.498094320876142,0.6494534580172893,0.8734177215189873,2.0,111.0,117.0,119.0,97.0,85.0,20.0,32.0,28.0,19.0,5.0,5.0,133.0,111.0,121.0,125.0,116.0,118.0,107.0,119.0,111.0,113.0,115.0,111.0,0.1859375,0.4109375,0.403125,0.2642857142857143,0.33214285714285713,0.4035714285714286,0.01563663440059568,0.008190618019359643,0.011913626209977662,0.017870439314966492,0.017870439314966492,0.014892032762472078,0.0014892032762472078,0.0052122114668652275,0.006701414743112435,0.0037230081906180195,0.03350707371556218,0.010424422933730455,0.040208488458674606,0.004467609828741623,0.020104244229337303,0.024571854058078928,0.020104244229337303,0.0037230081906180195,0.011169024571854059,0.005956813104988831,0.0037230081906180195,0.020104244229337303,0.0,0.024571854058078928,0.016381236038719285,0.014892032762472078,0.021593447505584513,0.04169769173492182,0.0029784065524944155,0.04095309009679821,0.028294862248696945,0.011913626209977662,0.114668652271035,0.0029784065524944155,0.05212211466865227,0.020104244229337303,0.03127326880119136,0.05137751303052867,0.06850335070737155,0.004467609828741623,0.03648548026805659,0.0193596425912137,0.007446016381236039,0.04169769173492182,0.004467609828741623,0.014892032762472078,0.0037230081906180195,0.011913626209977662,0.008935219657483246,0.0007446016381236039,1.0,0.010083155778723565,-0.017632209962510154,0.019003732043004977,0.017570830855852964,0.016582806454897615,-0.015287171422103233,0.030269371044984904,-0.03334040643189859,-0.0021328543317852026,0.03487519484422646,0.013160548734597353,0.0327155566258428,0.03954972061214664,0.0382068500124033,-0.012400634808925807,-0.012060716888314183,0.00547337785013095,0.01941768271744399,0.0351078541096479,-0.003319188451394202,-0.030496684510865672,-0.012505816592471207,0.05034819439866319,0.018351541740216724,-0.018527843661122288,0.04422174965194269,0.017452356491537504,-0.01125509951552333,0.024283146675262202,0.046162363861024514,-0.013114815394769571,0.04661078595756944,-0.06399215500727966,-0.01790427467422606,-0.0015346735887719004,-0.0027220126937795752,0.012413437757226005,-0.006595070583132058,0.002364724886212656,-0.07362662525831831,1.0,0.010090669307619784,-0.017762137245526267,0.01941496222087518,0.016921501829191228,0.016987076312831483,-0.015474196535431833,0.03072554445544711,-0.03576536165135465,-0.0002459659068557378,0.033065089419155036,0.01334302181309398,0.034011663895550166,0.040829280279701126,0.03560925746097835,-0.01266157883211245,-0.013793080150428245,-0.0004037733697287248,0.01970048423373607,0.035680082905352274,-0.00232496119702303,-0.030807562352078596,-0.013998964987321023,0.04553817079899114,0.012541082890742947,-0.018627875151554844,0.04249142156378485,0.014709589071888999,-0.011439337323188341,0.02352163782950755,0.04095370072500397,-0.01578266156871622,0.05097136939893084,-0.07597282274521332,-0.013258758829321204,-0.0017571286176667792,-0.010098507526536122,0.004440597937674002,-0.0005842800586239398,-0.003729775738629554,-0.07634687002450312
3.5042393135803125,0.6342424190408189,0.8912881608339538,13.0,108.0,124.0,113.0,75.0,93.0,54.0,50.0,16.0,4.0,21.0,9.0,134.0,109.0,129.0,125.0,114.0,130.0,105.0,125.0,117.0,117.0,122.0,112.0,0.22941176470588234,0.3058823529411765,0.4647058823529412,0.27032661570535094,0.32870048644892286,0.4009728978457262,0.011913626209977662,0.005956813104988831,0.012658227848101266,0.014147431124348473,0.011169024571854059,0.007446016381236039,0.0029784065524944155,0.008935219657483246,0.004467609828741623,0.0052122114668652275,0.03425167535368578,0.007446016381236039,0.04318689501116903,0.0029784065524944155,0.01340282948622487,0.027550260610573342,0.018615040953090096,0.0029784065524944155,0.011169024571854059,0.006701414743112435,0.0037230081906180195,0.029039463886820552,0.0029784065524944155,0.024571854058078928,0.01712583767684289,0.014147431124348473,0.021593447505584513,0.045420699925539834,0.008935219657483246,0.03127326880119136,0.029784065524944156,0.012658227848101266,0.10275502606105734,0.0022338049143708115,0.05286671630677588,0.024571854058078928,0.039463886820551006,0.06478034251675353,0.05658972449739389,0.00967982129560685,0.024571854058078928,0.014892032762472078,0.010424422933730455,0.058078927773641105,0.0029784065524944155,0.0193596425912137,0.0029784065524944155,0.012658227848101266,0.005956813104988831,0.0007446016381236039,1.0,-0.034505191545581876,-0.0016686847605605756,-0.0016406282432393047,-0.02514949808444444,-0.057815774992865,0.02461169652124192,0.01057786462918043,0.0005418151849680492,0.0044151328441371,-0.03023899731335218,0.014989106191774128,-0.013363695255706222,-0.0047219125896903425,0.01767932490687166,0.015437689573066881,0.01671448040995703,0.02611097003333795,0.009907881463018074,0.0016030988298178811,-0.031519330345811565,0.0008174363026942911,-0.0726767309433988,0.038167110375825306,-0.018652984288603645,0.01513532489404351,0.008516878873890982,0.023644743198737696,-0.024772651355840884,0.005697150397962464,0.02644297840771435,0.02009501476313314,0.014085207655122174,0.026158593665918554,-0.0074931289337436,0.023971322600525972,0.02593493511636426,-0.036144617498107004,-0.02986968165858986,-0.039029571760954174,-0.0030969020003444063,1.0,-0.03453090331275445,-0.0028669752945891065,-0.001803338188190696,-0.02537929688994595,-0.05990308250191276,0.020533882909151906,0.011911015430793382,0.0004845149736459026,0.0015469416254594891,-0.03262990644256857,0.01629483507693108,-0.011713633885126614,-0.006076303789806274,0.016153042139291966,0.013788935557552142,0.02069795382453942,0.026275577827828737,0.01262826045303748,0.006166337309560208,-0.03079950757727031,0.002281441524465198,-0.07311370983990943,0.033894979101098774,-0.01857554928335118,0.01046936557591421,0.008441099741038769,0.020493789755720825,-0.017067749374406558,0.0034741152177181476,0.0270943927747108,0.024882314667499152,0.009993679996144663,0.028164831270859947,-0.007909072259151278,0.031692009593397,0.034096469110268236,-0.030655591326195254,-0.03041681077510213,-0.040602794193575875,-0.0020483257947542387
3.471443409252023,0.6436201560141723,0.8845867460908414,7.0,69.0,117.0,109.0,72.0,66.0,19.0,37.0,28.0,8.0,6.0,1.0,134.0,86.0,126.0,116.0,107.0,120.0,43.0,111.0,103.0,91.0,105.0,63.0,0.20408163265306123,0.4025974025974026,0.39332096474953615,0.3029045643153527,0.34605809128630705,0.3510373443983402,0.010424422933730455,0.008935219657483246,0.01340282948622487,0.01340282948622487,0.01563663440059568,0.00967982129560685,0.0014892032762472078,0.007446016381236039,0.0029784065524944155,0.0022338049143708115,0.04244229337304542,0.006701414743112435,0.040208488458674606,0.005956813104988831,0.01712583767684289,0.020104244229337303,0.0193596425912137,0.007446016381236039,0.014147431124348473,0.0029784065524944155,0.0052122114668652275,0.03052866716306776,0.0,0.03127326880119136,0.006701414743112435,0.01712583767684289,0.03350707371556218,0.03723008190618019,0.004467609828741623,0.03350707371556218,0.02680565897244974,0.008935219657483246,0.09158600148920328,0.0029784065524944155,0.04839910647803425,0.018615040953090096,0.035740878629932984,0.06552494415487714,0.06775874906924795,0.0052122114668652275,0.05063291139240506,0.02084884586746091,0.006701414743112435,0.05361131794489948,0.006701414743112435,0.014147431124348473,0.0022338049143708115,0.008190618019359643,0.0037230081906180195,0.03648548026805659,1.0,0.06992002996168076,0.04231597984199325,0.06380564112833806,0.09003091118288785,0.04868433751971141,0.004148359272255305,0.04614561264023821,0.03956740521463399,0.005380320257603404,0.05281901469903696,0.06736064652252925,0.07306865312035386,0.018136158503432226,0.004745388412306652,0.09802243703795444,0.06901231328365923,0.022020072878248417,0.039629630674370794,0.06161409793183855,0.04077310838861549,0.05911805298413861,0.01566509988115858,0.04848301167230465,0.0521163087458886,0.018208296689982473,0.08184085517753756,0.04696386958679364,0.05275842424567546,-0.01817342310756034,0.07132522498016985,0.07712599695160767,0.022310403162127755,0.05639352424216843,0.035286565743494466,0.044349062692918856,0.06415493757659926,0.06257565208434926,0.051985976262339535,0.045084029534097465,0.05087176203569565,1.0,0.06997213132528857,0.0376674151606472,0.05883026271997681,0.08138385746646457,0.0340299221694633,-0.010560525012783158,0.03467942297616621,0.02390439505482667,-0.007440900565887588,0.04693680028112616,0.05390920701491155,0.05711402523872929,0.0009106673261399678,-0.015198950387352509,0.07931507571011075,0.046967595179609314,0.0036829817056820975,0.022824466976025182,0.035157298874404455,0.014417129238383867,0.045554893803965435,-0.012974593609211507,0.02147963317139708,0.035153103830817385,-0.003934798703962397,0.06115777727563433,0.015105548798626271,0.026343957753175985,-0.04135187305812512,0.04853431941675615,0.041529359520336886,-6.673587714117169e-06,0.039090192042370304,0.0022105223842279944,0.013953158776621434,0.03733636701066068,0.0382486563944897,0.015864720757706324,0.018045056434025198,0.025909346337529116
3.507049370968512,0.627665373928131,0.8883097542814594,1.0,113.0,125.0,119.0,94.0,95.0,30.0,57.0,19.0,8.0,2.0,4.0,134.0,113.0,129.0,123.0,119.0,128.0,109.0,127.0,115.0,119.0,119.0,111.0,0.22938530734632684,0.3598200899550225,0.4107946026986507,0.2690179806362379,0.32918395573997233,0.4017980636237898,0.011169024571854059,0.008190618019359643,0.012658227848101266,0.01340282948622487,0.011169024571854059,0.016381236038719285,0.0029784065524944155,0.008935219657483246,0.0052122114668652275,0.0022338049143708115,0.03201787043931496,0.016381236038719285,0.026061057334326135,0.006701414743112435,0.022338049143708117,0.024571854058078928,0.016381236038719285,0.0037230081906180195,0.007446016381236039,0.0037230081906180195,0.0029784065524944155,0.024571854058078928,0.0007446016381236039,0.021593447505584513,0.011169024571854059,0.006701414743112435,0.027550260610573342,0.049143708116157855,0.008190618019359643,0.039463886820551006,0.03201787043931496,0.01712583767684289,0.10201042442293373,0.0022338049143708115,0.05956813104988831,0.022338049143708117,0.03276247207743857,0.054355919583023084,0.06626954579300075,0.007446016381236039,0.029039463886820552,0.022338049143708117,0.008190618019359643,0.05212211466865227,0.005956813104988831,0.02084884586746091,0.0014892032762472078,0.010424422933730455,0.008190618019359643,0.0014892032762472078,1.0,0.0037307891071111923,0.015623757995524293,-0.04196000387556022,0.013958246905364388,-0.022713699666356637,0.029461407727928067,-0.012745129818432555,-0.03984869989195018,-0.041081748688151856,-0.010476805791742242,0.0004793378046497186,0.017894562608782236,0.023599133231638605,-0.04018766364781201,-0.01292122872492399,0.027345371863889887,-0.030902753084706382,-0.007173431646788082,-0.004619887779301408,0.007518694442259417,0.01908808160815683,-0.012253755093959045,-0.03761549438598553,-0.011434596889230413,-0.009184368248599573,-0.006911494603189756,0.006304232656384664,-0.055115200908287136,-0.017091798697612744,0.03383497553527347,0.031202917790684116,-0.00044846312793163655,-0.02447293022635537,-0.004707234439004651,0.018793181616774648,0.050432066114885224,-0.01892634228101153,-0.06252765416908516,-0.051255583716089376,0.03698166766815911,1.0,0.0037335691288005375,0.015633338031092642,-0.04218071527583389,0.014121442418482125,-0.021653196006516162,0.027678674801822015,-0.011309318411831044,-0.04299215819386437,-0.037743151568784425,-0.011303676879264033,-5.1477322067621204e-05,0.015013647165703725,0.02281584810609034,-0.040859027086497926,-0.011479127422447704,0.028632452532759964,-0.03820055098830402,-0.010041487660808833,-0.004566963953278021,0.007823415001784748,0.024232433274333914,-0.017777958299783344,-0.04020758661480673,-0.009801879746961005,-0.011170028910224034,-0.011133647713147067,0.006057905392840238,-0.06005178269859885,-0.01574480049367603,0.042289563614129104,0.021856274187054336,-0.00821056217917993,-0.02885882862946093,-0.003952274606918004,0.024809838642635088,0.04640269393555963,-0.031807995809367356,-0.06515926690816437,-0.04267493592089007,0.041459060877322505
3.526790589063153,0.6686929551774283,0.892777364110201,7.0,117.0,119.0,122.0,75.0,82.0,43.0,19.0,13.0,32.0,8.0,3.0,134.0,116.0,127.0,124.0,123.0,129.0,109.0,126.0,123.0,123.0,115.0,121.0,0.16875,0.378125,0.453125,0.2646258503401361,0.33537414965986395,0.4,0.011913626209977662,0.005956813104988831,0.01712583767684289,0.014892032762472078,0.0193596425912137,0.01563663440059568,0.0029784065524944155,0.008935219657483246,0.0029784065524944155,0.0022338049143708115,0.039463886820551006,0.008190618019359643,0.034996276991809384,0.006701414743112435,0.017870439314966492,0.02084884586746091,0.011913626209977662,0.0029784065524944155,0.008935219657483246,0.0052122114668652275,0.005956813104988831,0.027550260610573342,0.0029784065524944155,0.03201787043931496,0.012658227848101266,0.008935219657483246,0.02680565897244974,0.04095309009679821,0.005956813104988831,0.035740878629932984,0.026061057334326135,0.017870439314966492,0.08786299329858525,0.0014892032762472078,0.04690990320178704,0.02308265078183172,0.03723008190618019,0.06105733432613552,0.06999255398361877,0.006701414743112435,0.04318689501116903,0.0193596425912137,0.0052122114668652275,0.045420699925539834,0.0022338049143708115,0.02084884586746091,0.004467609828741623,0.014147431124348473,0.004467609828741623,0.0037230081906180195,1.0,-0.010223777548413217,0.06809900020233216,-0.006925265350744001,-0.003220963744081581,0.004881319273697382,-0.010731527362540622,0.01935379965024612,-0.036309355636781615,-0.015596593358525297,0.004702463511804688,-0.032137750864608045,-0.033838862155276955,0.035782061435849256,-0.0269199064300032,0.030734832826199394,-0.008469363784361372,-0.0007454546611375807,-0.05687828263963437,-0.004367350504652909,-0.045856104782835756,0.031850829024484564,0.003886948364657277,0.024076915474936844,-0.056847244014881226,0.07065028870043386,0.015261405423500568,0.02299825448783378,0.03289573303942058,0.008805955441344077,-0.03686124383934034,-0.01789702458893894,0.02284298121537517,0.027263711222187056,0.05319093782485103,-0.05205880264968749,0.007998083513957704,-0.03067225899605803,0.02240340664438865,-0.019524938747495228,-0.007697015489150283,1.0,-0.010231395862532756,0.06810301236829286,-0.005620368218089125,-0.008030956975675197,0.0056795912387283525,-0.010001808313733528,0.018559637065299523,-0.03490450826222934,-0.01912008819464314,0.009488210089800657,-0.030287570302901294,-0.036808775869117016,0.04074729817944205,-0.02322038215950041,0.025839305486895635,-0.004695551763934124,-0.006644570696894571,-0.056663316757232414,-0.004358661037837679,-0.045665990387351384,0.03582906616790348,0.0076302161891404095,0.01904762394268011,-0.05832995810464612,0.0734301640285954,0.017257838754682,0.018568978067283436,0.02409939119621449,0.008473929758350453,-0.04914710086972691,-0.012554067034936596,0.019177804566324213,0.04344181922235267,0.05345764358349653,-0.05729098246258106,-0.004439976875037463,-0.010747429015057906,0.008882225878650408,-0.00932222102983503,-0.010887991576730538
3.498378087724369,0.6247133485039853,0.8763961280714817,1.0,107.0,120.0,111.0,109.0,76.0,45.0,15.0,9.0,9.0,2.0,6.0,134.0,111.0,129.0,118.0,115.0,126.0,111.0,117.0,113.0,116.0,115.0,111.0,0.15081967213114755,0.3901639344262295,0.45901639344262296,0.2662429378531073,0.326271186440678,0.4074858757062147,0.01563663440059568,0.005956813104988831,0.022338049143708117,0.01712583767684289,0.008190618019359643,0.014147431124348473,0.0014892032762472078,0.007446016381236039,0.0037230081906180195,0.0037230081906180195,0.04169769173492182,0.00967982129560685,0.03201787043931496,0.008935219657483246,0.014892032762472078,0.027550260610573342,0.014892032762472078,0.0037230081906180195,0.008190618019359643,0.0022338049143708115,0.0029784065524944155,0.027550260610573342,0.0037230081906180195,0.024571854058078928,0.011913626209977662,0.011169024571854059,0.026061057334326135,0.04839910647803425,0.004467609828741623,0.04095309009679821,0.016381236038719285,0.008190618019359643,0.09977661950856292,0.0022338049143708115,0.054355919583023084,0.026061057334326135,0.035740878629932984,0.05212211466865227,0.07073715562174236,0.006701414743112435,0.03201787043931496,0.018615040953090096,0.01340282948622487,0.05212211466865227,0.0029784065524944155,0.02084884586746091,0.004467609828741623,0.008935219657483246,0.006701414743112435,0.0022338049143708115,1.0,0.04037942506275396,-0.012487968275824454,0.024223576200455097,0.034532341770531876,0.0004093260759456083,0.025191790408051817,-0.03898601756501813,0.029105878038339254,0.04854440719835308,0.011288009196210508,0.008732495793856617,-0.005841612736781122,0.00617107172466809,-0.01275179057799723,-0.03447766639768201,-0.011460029933949656,0.022898843617454753,-0.01806715206486301,-0.007830738451830785,-0.02248181364949768,-0.03457350835215321,0.0020346770100619967,-0.03397461221322484,-0.03004907857291923,-0.021075837200765467,0.033531263996089127,-0.0425027209385893,0.028729564174227243,-0.0077989044533070435,0.023618722073358734,-0.005113478305926859,-0.00928431624874165,-0.045336606834611805,0.003268211214997422,-0.001206239435635446,-0.024765964639636533,0.0035083113441465733,0.0086305729051457,0.0026375103758995637,0.025313877636579826,1.0,0.040409514053113695,-0.014162648558388651,0.02540923653225608,0.032495401749945516,-0.001653291564366599,0.025777749897586456,-0.04307872504748125,0.03248792986670344,0.04422610025421802,0.00865907114109788,0.010842174222845408,-0.01167243017051939,0.005984059653863265,-0.017957690723187904,-0.033876369612059115,-0.006434489226651492,0.020923602259464928,-0.01930160093740103,-0.005739997141510629,-0.022943817845325547,-0.03369786525935365,0.004063068062391441,-0.03342214984857357,-0.018200744937484258,-0.01928044267696367,0.03693069661631507,-0.04260166115903393,0.03558310803652188,-0.006507284107862372,0.025904028211791948,-0.003918009640415778,-0.008425321564857844,-0.03892062880696918,-0.0003558550218414662,-0.0009031075602845735,-0.026081010836128085,0.008033809495753864,0.005360064232999593,-0.0027529532317007504,0.026004802570473724
3.520177601477582,0.6335384327169482,0.8883097542814594,2.0,109.0,129.0,124.0,76.0,96.0,31.0,42.0,12.0,11.0,8.0,1.0,134.0,122.0,131.0,127.0,125.0,130.0,107.0,128.0,123.0,123.0,127.0,113.0,0.21840873634945399,0.34789391575663026,0.43369734789391573,0.26308724832214764,0.33422818791946307,0.40268456375838924,0.011169024571854059,0.006701414743112435,0.014147431124348473,0.011169024571854059,0.01712583767684289,0.0193596425912137,0.0022338049143708115,0.005956813104988831,0.008190618019359643,0.0029784065524944155,0.03052866716306776,0.0052122114668652275,0.03648548026805659,0.005956813104988831,0.018615040953090096,0.02531645569620253,0.01340282948622487,0.0022338049143708115,0.010424422933730455,0.006701414743112435,0.0029784065524944155,0.021593447505584513,0.0029784065524944155,0.03201787043931496,0.014147431124348473,0.014892032762472078,0.020104244229337303,0.04244229337304542,0.004467609828741623,0.04393149664929263,0.029039463886820552,0.0193596425912137,0.09828741623231571,0.0029784065524944155,0.06180193596425912,0.022338049143708117,0.03350707371556218,0.05361131794489948,0.06105733432613552,0.010424422933730455,0.03648548026805659,0.017870439314966492,0.006701414743112435,0.04839910647803425,0.0022338049143708115,0.018615040953090096,0.0052122114668652275,0.007446016381236039,0.00967982129560685,0.0014892032762472078,1.0,0.008645320379676002,0.012173030683186817,0.006314862376096565,-0.052907506067687654,-0.04993054247206693,0.02037401910296094,0.011676193782941012,0.027846928151845387,0.03638396158276866,0.0862079128843887,-0.029811953497370557,-0.024576567975954082,0.030080357288325605,0.010768470485465923,0.020842236321237703,0.024821804456003033,0.007630271566579623,-0.008979497286624711,-0.01936519298671184,-0.01609026499075456,-0.02467178301775429,-0.03876160460127787,-0.017530906380630942,-0.013410068861426995,0.014349318754947703,0.0013157100852891686,0.02791470334502657,0.04178007463211564,-0.02384649873055434,-0.003707742089301543,0.026004174966826204,-0.03252695543183009,-0.015508204969194651,-0.0006837198287857521,-0.009250756336937433,-0.013927464582546706,0.011970520450414805,0.012035856129389544,0.038055969970593025,0.005952307548574916,1.0,0.008651762496203308,0.012117239854471658,0.006121324381728886,-0.05333304715973395,-0.049502933061697105,0.022618795674812207,0.013503050491067429,0.025269675642989695,0.0305213193505439,0.08593491786140521,-0.029196108650785865,-0.024120262660754694,0.036166747284556856,0.022893073995391307,0.023581312271098505,0.013502633078011509,0.005742153951586996,-0.009271454582180266,-0.021956501408634883,-0.01784525695656883,-0.018254605254133707,-0.04066267384828596,-0.03057006087476372,-0.020098477090157416,0.010275578221070074,-0.005638238833138108,0.025614672516188382,0.04539666666719736,-0.020333052523454184,0.0003091589285194552,0.03577386021764937,-0.017664141741165977,-0.012926934037573452,-0.0025497697199273585,-0.0057986564097975,-0.013445760537694564,0.005035679150049516,0.00941027876059289,0.04711656418539052,0.00020370319015716411
3.4569312402856487,0.6165552480304806,0.8823529411764706,4.0,102.0,125.0,115.0,91.0,91.0,55.0,40.0,19.0,8.0,14.0,2.0,134.0,105.0,128.0,119.0,117.0,129.0,95.0,127.0,117.0,119.0,123.0,101.0,0.20270270270270271,0.34984984984984985,0.44744744744744747,0.2758132956152758,0.3338048090523338,0.39038189533239037,0.011169024571854059,0.00967982129560685,0.01340282948622487,0.010424422933730455,0.014147431124348473,0.005956813104988831,0.0022338049143708115,0.007446016381236039,0.0037230081906180195,0.0037230081906180195,0.04169769173492182,0.006701414743112435,0.039463886820551006,0.007446016381236039,0.02308265078183172,0.028294862248696945,0.012658227848101266,0.0037230081906180195,0.00967982129560685,0.0052122114668652275,0.0029784065524944155,0.03052866716306776,0.0037230081906180195,0.024571854058078928,0.014147431124348473,0.011169024571854059,0.022338049143708117,0.04318689501116903,0.0022338049143708115,0.04095309009679821,0.03350707371556218,0.011913626209977662,0.11020104244229337,0.0007446016381236039,0.054355919583023084,0.020104244229337303,0.049143708116157855,0.04839910647803425,0.07297096053611318,0.00967982129560685,0.03201787043931496,0.022338049143708117,0.005956813104988831,0.03648548026805659,0.0029784065524944155,0.017870439314966492,0.0007446016381236039,0.008190618019359643,0.006701414743112435,0.0,1.0,-0.019672883035845985,0.021382583184159074,-0.05989051807725165,0.023015269705237703,0.028028971334695115,-0.05959410485745564,-0.013181200383439394,0.014061578650865136,-0.005559767885510717,0.03925053060110317,-0.02906088512054397,0.05300729538741011,0.004304439638397131,-0.027393738573469342,0.0020143987903411186,-0.009783128100621848,-0.03891640415298103,0.007599746068018404,-0.027561377800608772,0.039233409255347074,0.026855823227610556,-0.017404682238212392,-0.013327594905146282,0.008910062309637647,-0.012949686187057398,-0.006423639422621557,-0.0383194669878873,-0.013375295805896284,-0.026221345734682197,0.014640933789698914,-0.00461936933698118,-0.01231400544619878,0.004776707004867834,-0.010595584711228201,0.041986958532874465,-0.00578375197559824,-0.010406591982785854,-0.04292546735520876,-0.04783174211429291,0.020157373725783214,1.0,-0.01968754241217672,0.02103502752479976,-0.05924691232906856,0.02049842886937501,0.03150563712945768,-0.06362942042036387,-0.014049833747238701,0.01971814742848589,-0.013500144239152636,0.03906888261389638,-0.0214801112378113,0.04641463313297309,0.009885732320421293,-0.03285887330241254,0.005518451622971201,-0.00415523172295999,-0.04955830654131994,0.012936756043881233,-0.0220430922390468,0.026763738366809023,0.03630547019615652,-0.024667114366864373,-0.014585229531074889,0.014514242534405456,-0.023810751166796294,-0.003184846916941097,-0.027520971703122718,-0.0234685124252957,-0.02121675268990557,0.009065885361409214,-0.006380635594579045,-0.013587744189027327,-0.00154403886422957,-0.012399703758813352,0.04480541659715534,-0.007341075214361576,-0.006518403197348934,-0.039060879999533435,-0.051991032124825226,0.017580500789252662
3.4803086598200106,0.637510725572707,0.8801191362620998,15.0,97.0,120.0,108.0,96.0,97.0,19.0,50.0,19.0,17.0,16.0,6.0,134.0,103.0,128.0,121.0,114.0,124.0,67.0,119.0,124.0,112.0,123.0,101.0,0.24545454545454545,0.36363636363636365,0.39090909090909093,0.2751824817518248,0.3437956204379562,0.381021897810219,0.018615040953090096,0.008190618019359643,0.012658227848101266,0.008190618019359643,0.02308265078183172,0.014892032762472078,0.0022338049143708115,0.0037230081906180195,0.005956813104988831,0.0029784065524944155,0.0379746835443038,0.008935219657483246,0.034996276991809384,0.0037230081906180195,0.020104244229337303,0.029784065524944156,0.017870439314966492,0.0029784065524944155,0.007446016381236039,0.0029784065524944155,0.0029784065524944155,0.029784065524944156,0.0037230081906180195,0.03350707371556218,0.00967982129560685,0.01340282948622487,0.026061057334326135,0.04765450483991065,0.0037230081906180195,0.02084884586746091,0.021593447505584513,0.00967982129560685,0.10498883097542815,0.0029784065524944155,0.0573343261355175,0.02531645569620253,0.04095309009679821,0.05584512285927029,0.06999255398361877,0.010424422933730455,0.03350707371556218,0.024571854058078928,0.006701414743112435,0.04169769173492182,0.0037230081906180195,0.01563663440059568,0.004467609828741623,0.005956813104988831,0.0052122114668652275,0.0007446016381236039,1.0,0.002261371459569201,-0.019689718342720115,-0.001601847699860746,0.020081177180523484,0.028083925056718632,0.03594435867596725,0.0013011114182538612,0.01208001036639827,0.045363426749035374,0.03969200024985261,-0.02886598564093576,-0.03007006447448098,0.03330016971050069,-0.017229274676764834,0.0023481109528642476,0.0050725822910170455,0.009889078865139359,-0.02796336486417403,0.00639841789768532,0.00961719323450687,0.00599772429662476,0.0350738591166801,-0.0045464080653032455,-0.02037902723962545,-0.02831356404398183,-0.0217269983450941,-0.001650114483196122,0.04832727383409144,0.01711840975327521,-0.04568804654293835,0.0104398802424382,-0.04162356964852289,-0.007843109189859138,-0.02916410629032783,0.02389595542656037,0.02240591675892758,0.03906883399858941,-0.005965006997670747,-0.009632334960621892,-0.038462299619480084,1.0,0.0022630565351724643,-0.019724306508753262,-0.0015158886124608003,0.019767213875817043,0.028057925831474165,0.03682604741022029,0.002374219391327442,0.013299180708648724,0.044822321715152796,0.03841114190125317,-0.029464797392496005,-0.03075578164612561,0.030222673756597793,-0.023792957234706043,-0.001025809406373905,0.004004766819933229,0.011348952291587566,-0.030107730307391747,0.003124995519510192,0.01196510810781818,0.00976979244494851,0.035745665212643385,-0.0061283064961992866,-0.01574978069404427,-0.030327340365507934,-0.028486202122562476,-0.0021365585836779395,0.04924175904027324,0.017250251150465204,-0.046351630292854086,0.014883726280645998,-0.04698011189863506,-0.006216964622299089,-0.02787058622700564,0.027699911170017112,0.0255230906966102,0.036628801356082125,-0.005318903479471895,-0.0025237069291874914,-0.031805259693101
3.498284949087675,0.6547340308179079,0.877885331347729,11.0,94.0,118.0,122.0,92.0,87.0,18.0,49.0,21.0,7.0,20.0,3.0,134.0,107.0,125.0,127.0,125.0,128.0,53.0,127.0,112.0,117.0,113.0,99.0,0.22897196261682243,0.37694704049844235,0.3940809968847352,0.28456474030724216,0.351865398683248,0.3635698610095099,0.012658227848101266,0.0037230081906180195,0.014892032762472078,0.014147431124348473,0.01340282948622487,0.010424422933730455,0.0022338049143708115,0.011913626209977662,0.0022338049143708115,0.0037230081906180195,0.039463886820551006,0.014892032762472078,0.04095309009679821,0.005956813104988831,0.023827252419955324,0.020104244229337303,0.012658227848101266,0.0037230081906180195,0.011913626209977662,0.0029784065524944155,0.0029784065524944155,0.029784065524944156,0.0052122114668652275,0.03723008190618019,0.00967982129560685,0.00967982129560685,0.022338049143708117,0.04169769173492182,0.0052122114668652275,0.034996276991809384,0.026061057334326135,0.012658227848101266,0.09009679821295608,0.0037230081906180195,0.04988830975428146,0.026061057334326135,0.044676098287416234,0.06105733432613552,0.06999255398361877,0.011169024571854059,0.0387192851824274,0.02308265078183172,0.0037230081906180195,0.045420699925539834,0.0022338049143708115,0.007446016381236039,0.0052122114668652275,0.007446016381236039,0.0052122114668652275,0.0014892032762472078,1.0,0.0010266359962787456,0.06744655821560182,0.013393745889554835,-0.027113222242407656,-0.011056880228107694,0.03663510273406047,-0.0019692847420547627,0.0267978560748043,0.026537381490614173,0.030265292136612873,-0.05047476600972901,-0.0423198301415176,0.03231072959231419,-0.03643545012196493,0.02530234337535691,0.03124252097968187,-0.019094748949469467,0.03681775319013135,-0.02934754228138247,0.0014408550848868072,-0.021094441314321127,0.037425643817197915,-0.024870505569381852,0.003618450807479746,-0.01583167158694008,0.02266464259009957,0.04654471462843071,0.03168537824345287,0.006763717501706616,0.0040433711343985535,-0.046951792244813995,0.023879811230302386,-0.010923871431020981,0.005346190557662044,-0.019142843368089583,-0.004186723784977512,-0.027376308204460725,0.007594994292224342,-0.03692806362567256,-0.016964880990135916,1.0,0.0010274010007469024,0.0675461653978938,0.01335055015567523,-0.031921715369809214,-0.012964296607365125,0.04092020954650211,0.0004641744662515233,0.02111672185586799,0.025208221562901794,0.02960962625224668,-0.0548197641524167,-0.04816038259421128,0.042119872706008095,-0.028633148585911358,0.017161445880191008,0.02912766645824569,-0.017559674019574676,0.03259004535929806,-0.030426885025179207,0.006456678200755571,-0.016687596477648513,0.037898732812022405,-0.028881986119854087,-0.0030093276806840313,-0.014425907839415898,0.02124279843596927,0.05956390774627397,0.023462795768995116,0.004233702582083606,0.00116085455183318,-0.053593896288159124,0.02773403882126568,-0.005618605731442685,0.0036229224872814194,-0.029383577571684687,-0.008782025182725738,-0.026454245849937066,0.01143465761062294,-0.023821132607725334,-0.021070482890975226
3.5284992856580786,0.6366400083860463,0.8905435591958303,3.0,113.0,116.0,108.0,106.0,89.0,43.0,35.0,10.0,15.0,6.0,4.0,134.0,113.0,123.0,116.0,122.0,122.0,113.0,119.0,119.0,113.0,117.0,113.0,0.19598765432098766,0.36882716049382713,0.4351851851851852,0.2633426966292135,0.3300561797752809,0.4066011235955056,0.014892032762472078,0.00967982129560685,0.014892032762472078,0.00967982129560685,0.011913626209977662,0.018615040953090096,0.0022338049143708115,0.008190618019359643,0.0037230081906180195,0.0037230081906180195,0.039463886820551006,0.010424422933730455,0.03127326880119136,0.005956813104988831,0.016381236038719285,0.03127326880119136,0.018615040953090096,0.0052122114668652275,0.011913626209977662,0.0037230081906180195,0.0014892032762472078,0.022338049143708117,0.0,0.028294862248696945,0.014147431124348473,0.016381236038719285,0.03350707371556218,0.040208488458674606,0.0037230081906180195,0.03052866716306776,0.03276247207743857,0.011913626209977662,0.09307520476545049,0.0007446016381236039,0.04988830975428146,0.023827252419955324,0.035740878629932984,0.05137751303052867,0.06999255398361877,0.014892032762472078,0.03723008190618019,0.016381236038719285,0.006701414743112435,0.04616530156366344,0.004467609828741623,0.0193596425912137,0.0037230081906180195,0.007446016381236039,0.008190618019359643,0.0037230081906180195,1.0,-0.011474161215953472,0.022465418450306585,-0.02417709315876157,0.056294556268564555,-0.02816275572742433,0.0674010944286734,0.01833924766235786,-0.02698809177749064,-0.016270738428183232,-0.013676912308218705,0.014014830439083284,0.009271661040801443,0.022899871710471118,-0.000773135081630251,-0.04037727748080479,0.024876561868176755,0.0038115758837672666,0.02897294154928634,-0.031853907838722835,0.018190470981570766,0.027868972654008426,-0.01526644171089593,-0.03402117698330701,-0.04742110809284053,-0.02080807815038367,0.02079699335445436,-0.04851845757852502,0.053899268626594866,0.02120096847994555,-0.005852215315640733,0.0041347118714121734,0.01006616417815312,0.01137692315116331,0.01898914452771913,-0.007591784842043393,0.014614513405320433,-0.02220193638829972,-0.040216272097204506,-0.005682740661663338,0.007138657866714773,1.0,-0.011482711261568933,0.022370020810307492,-0.023736789612298654,0.05550004531451503,-0.026186526828566387,0.06456351633757418,0.023361861908944268,-0.03403293812825404,-0.011700689163785905,-0.020170908511812313,0.014451744757789885,0.009867757885087728,0.019312095634792713,0.004658920925902658,-0.041143120694452036,0.027416167438738384,0.001914852261184456,0.024900239097109318,-0.029400908150404047,0.011589745400228451,0.04007912383853241,-0.021504102022509092,-0.03424761219603942,-0.055135998739629155,-0.022525871158744395,0.028765090046122908,-0.05506218057825942,0.06157288736302021,0.0300300701764463,-0.0067568744637596795,0.017982865919939618,-0.006134493368787599,0.01597735443244185,0.010818860439668109,-0.013237653878780342,0.023730678685117936,-0.024162193056913604,-0.044728820068541196,-0.009658873346157556,0.008044317532495206
3.454390120380053,0.5928334897538792,0.8845867460908414,15.0,85.0,123.0,121.0,66.0,95.0,18.0,43.0,12.0,26.0,7.0,1.0,134.0,94.0,129.0,125.0,111.0,130.0,31.0,127.0,112.0,123.0,122.0,73.0,0.25,0.36764705882352944,0.38235294117647056,0.2982456140350877,0.35926773455377575,0.34248665141113654,0.011169024571854059,0.0052122114668652275,0.006701414743112435,0.011913626209977662,0.017870439314966492,0.01563663440059568,0.0007446016381236039,0.007446016381236039,0.0022338049143708115,0.0022338049143708115,0.054355919583023084,0.010424422933730455,0.03350707371556218,0.0029784065524944155,0.020104244229337303,0.022338049143708117,0.016381236038719285,0.0029784065524944155,0.01340282948622487,0.0052122114668652275,0.0022338049143708115,0.03648548026805659,0.004467609828741623,0.026061057334326135,0.008935219657483246,0.016381236038719285,0.03425167535368578,0.04318689501116903,0.0014892032762472078,0.04393149664929263,0.022338049143708117,0.011913626209977662,0.10126582278481013,0.0037230081906180195,0.058823529411764705,0.022338049143708117,0.03052866716306776,0.06552494415487714,0.05956813104988831,0.00967982129560685,0.03350707371556218,0.014892032762472078,0.004467609828741623,0.04318689501116903,0.0014892032762472078,0.014892032762472078,0.0029784065524944155,0.011169024571854059,0.007446016381236039,0.0,1.0,-0.011883953666199062,-0.03176206020481661,0.017967479694478643,0.044136344615551576,-0.0497974069831218,-0.008100894912692235,0.016517639958072792,-0.008685304302982779,-0.012610102195984789,0.024955267849796958,-0.0006024312720803349,-0.03178437596277807,-0.012537762491040615,-0.05811012370434276,-0.03574090987764417,-0.01518128671988682,0.007123021993576518,0.008567147951307414,0.01610077238637374,-0.016871434730456415,-0.0012258020488102352,0.019956093500639312,-0.009626368415892164,0.02020951010352488,-0.005443484066549151,-0.003011828192450936,-0.008290531583094026,-0.06457259631451677,0.016755533070276083,-0.026300551809194817,-0.022551761005764465,0.05413570740041682,0.07705327979665684,-0.012591564923125768,-0.023401837271541697,0.018310619956643858,-0.044158680033112664,-0.00927280009492035,-0.007993381865885486,-0.025015091542628303,1.0,-0.01189280907131546,-0.03195538955654642,0.017257334364532133,0.04373861554893304,-0.04796077802751323,-0.006880826059733399,0.012015754893382186,-0.009157486873063428,-0.007573028082992609,0.022335121686483703,-0.002385476113021565,-0.028512285120090866,-0.013998754807049391,-0.06448448067857847,-0.03526613109711532,-0.016570040050269103,0.004050808209376135,0.013042329472047413,0.016004589812745825,-0.020198013056247056,-0.0029533871095748345,0.01922237254164123,-0.010212877982615774,0.026080355769696043,-0.007232122246034124,-0.007362724243669509,-0.010408670766102354,-0.07634161851473048,0.01114151467476314,-0.03189015298903866,-0.020429520413084025,0.059589433014823855,0.07731721853386164,-0.004540350924233035,-0.02161617194856743,0.008824042432407775,-0.050266636196642296,0.005592596468947719,-0.012213492226005387,-0.03511113163117076
3.4477146302592176,0.589291727185095,0.8808637379002234,9.0,109.0,114.0,101.0,102.0,64.0,5.0,46.0,45.0,25.0,12.0,6.0,134.0,113.0,124.0,123.0,118.0,124.0,73.0,126.0,113.0,117.0,113.0,111.0,0.1865203761755486,0.4278996865203762,0.38557993730407525,0.27645788336933047,0.3390928725701944,0.38444924406047515,0.008935219657483246,0.006701414743112435,0.011169024571854059,0.010424422933730455,0.01340282948622487,0.012658227848101266,0.0,0.004467609828741623,0.004467609828741623,0.0029784065524944155,0.04616530156366344,0.011169024571854059,0.034996276991809384,0.008190618019359643,0.0193596425912137,0.024571854058078928,0.014892032762472078,0.0014892032762472078,0.01563663440059568,0.0022338049143708115,0.0037230081906180195,0.024571854058078928,0.0014892032762472078,0.02680565897244974,0.012658227848101266,0.01563663440059568,0.03648548026805659,0.04988830975428146,0.0052122114668652275,0.05286671630677588,0.026061057334326135,0.007446016381236039,0.10349962769918093,0.0029784065524944155,0.05361131794489948,0.02531645569620253,0.0379746835443038,0.058823529411764705,0.06180193596425912,0.008935219657483246,0.029784065524944156,0.011169024571854059,0.006701414743112435,0.049143708116157855,0.0029784065524944155,0.014147431124348473,0.0007446016381236039,0.008935219657483246,0.005956813104988831,0.0007446016381236039,1.0,-0.02730163723589141,-0.05424605767012342,0.01218964855814981,0.04166054402895374,-0.022962168116868496,-0.01036983480876639,0.010525412511333827,-0.035429832156249924,0.0013964477854167758,0.0005156899924955232,-0.015292764291134561,0.03747620989741903,0.022824877971272455,-0.0005616075583319732,-0.03529269940568871,0.037038396440817425,0.01367834859192364,-0.009681772537677677,-0.003991392660738492,-0.04495891920821301,0.00048679077596294675,-0.009126259341881417,0.022701486913433468,0.00074540748532463,-0.01800324199319485,-0.007182066745643118,-0.014585596941457621,0.020311012107397348,-0.010201575882985883,-0.013431336762830284,-0.007051751831608795,0.00026549972370328864,0.023035710557505782,-0.04760544616919184,-0.019503684135567988,-0.003962282005083306,0.011971794796679617,-0.02104629389343114,0.04845768888272202,0.005204117368912936,1.0,-0.02732198122787046,-0.05511459474759259,0.009179687084564282,0.039554889705342954,-0.01967220608404192,-0.007442435775152368,0.006981579604269461,-0.037475426481410244,0.0022071012785715577,-0.0031061561042562817,-0.0157462200969143,0.04032616866659206,0.022260383582959144,0.004462413838338744,-0.03241131861906442,0.030376950281591552,0.011876200817354327,-0.0032583223556619492,-0.0021946992383272282,-0.04892171168878938,-0.0011165923096007222,-0.011890831004936627,0.02209259440349991,0.006011488882957302,-0.018649177559898727,-0.010592392817320955,-0.015906415693304615,0.01592095611066497,-0.011143203082668892,-0.014879130575317673,-0.005988591457140355,0.000302267641000128,0.024488291430525746,-0.04580430070552236,-0.026188953658366536,-0.008289820804961205,0.009738228743220079,-0.014578956330948956,0.051390276851685984,-0.0013194080787520225
3.5109135498322686,0.6430604120543434,0.8793745346239762,7.0,110.0,126.0,114.0,95.0,73.0,51.0,26.0,10.0,2.0,4.0,0.0,134.0,111.0,131.0,122.0,116.0,125.0,107.0,120.0,113.0,111.0,114.0,107.0,0.1715210355987055,0.35760517799352753,0.470873786407767,0.26860382707299785,0.32742735648476257,0.40396881644223953,0.0193596425912137,0.0037230081906180195,0.016381236038719285,0.010424422933730455,0.014892032762472078,0.01340282948622487,0.0022338049143708115,0.008190618019359643,0.007446016381236039,0.0037230081906180195,0.03052866716306776,0.014147431124348473,0.03723008190618019,0.004467609828741623,0.01712583767684289,0.03201787043931496,0.018615040953090096,0.0014892032762472078,0.0052122114668652275,0.0037230081906180195,0.0022338049143708115,0.02308265078183172,0.0037230081906180195,0.03127326880119136,0.01563663440059568,0.01340282948622487,0.03052866716306776,0.03425167535368578,0.004467609828741623,0.03201787043931496,0.028294862248696945,0.01563663440059568,0.11169024571854058,0.0029784065524944155,0.049143708116157855,0.026061057334326135,0.03127326880119136,0.06105733432613552,0.06329113924050633,0.005956813104988831,0.034996276991809384,0.01712583767684289,0.006701414743112435,0.04095309009679821,0.006701414743112435,0.018615040953090096,0.004467609828741623,0.011169024571854059,0.008190618019359643,0.0007446016381236039,1.0,0.09395161207883194,0.04018614706767607,0.00017998912647828024,0.03513143464362851,0.010085962459713136,-0.008832281922888343,-0.0017216173181898648,0.03414601898108048,-0.012654446654920604,-0.028959587425524975,0.0710687936060948,-0.01592272869487364,-0.025545406195948177,-0.039393439645571786,0.0185562752498368,0.01875006108570993,0.03331857157340713,-0.008068549820091595,0.014133368822300246,0.0068470611323079075,0.013683228645421345,-0.0198931305652144,-0.019626258982828527,0.021447964807062275,0.03470546500140522,0.00780712550424755,0.06412231653015117,-0.01801820429720509,0.041689453639794205,-0.02859900723978625,-0.026706077837227886,-0.03147777178225495,-0.048167053195517465,-0.050696868593299735,-0.034989819304029106,-0.030764969618961854,0.04267567747167547,-0.014017042800059479,-0.03861423543212327,-0.025604072287503225,1.0,0.0940216207316477,0.03168612389943839,-0.006527085301981953,0.034878964098542284,0.004051013466403808,-0.012805781129241151,9.963302361030261e-05,0.03455482829019823,-0.019820527842972394,-0.028350973400183842,0.07989037513828895,-0.031198805088420475,-0.0275744305124739,-0.029240989231333277,0.022669349593275576,0.015663758755196683,0.033878199349461596,-0.010824866597126677,0.00582156385832882,0.006952818497809771,0.015812339127456363,-0.029089478160695265,-0.017313807808662172,0.028361934567062357,0.035548714707475094,-0.0019640574862745735,0.06380000036430644,-0.038531658482391866,0.04598979308978791,-0.03304424259996146,-0.026521938179887496,-0.03272389117952793,-0.041785463875566545,-0.037158165053124456,-0.02934069183389456,-0.026483033187605684,0.057804647681920875,-0.02500485497390624,-0.023368965999610584,-0.025370612753093272
3.4985622802201943,0.642156591891175,0.8838421444527178,1.0,110.0,125.0,116.0,84.0,87.0,15.0,29.0,17.0,5.0,1.0,3.0,134.0,111.0,131.0,125.0,120.0,128.0,109.0,126.0,111.0,111.0,119.0,110.0,0.1973018549747049,0.37436762225969644,0.42833052276559863,0.27038327526132405,0.3254355400696864,0.40418118466898956,0.018615040953090096,0.010424422933730455,0.016381236038719285,0.00967982129560685,0.01340282948622487,0.0193596425912137,0.0007446016381236039,0.006701414743112435,0.004467609828741623,0.0014892032762472078,0.035740878629932984,0.011913626209977662,0.0387192851824274,0.006701414743112435,0.024571854058078928,0.026061057334326135,0.016381236038719285,0.0022338049143708115,0.008190618019359643,0.004467609828741623,0.0029784065524944155,0.03201787043931496,0.0007446016381236039,0.027550260610573342,0.011913626209977662,0.012658227848101266,0.01340282948622487,0.0387192851824274,0.0037230081906180195,0.03127326880119136,0.027550260610573342,0.014892032762472078,0.0975428145941921,0.0037230081906180195,0.049143708116157855,0.02531645569620253,0.04244229337304542,0.06031273268801191,0.06850335070737155,0.011169024571854059,0.034996276991809384,0.018615040953090096,0.006701414743112435,0.04690990320178704,0.0014892032762472078,0.02084884586746091,0.0029784065524944155,0.00967982129560685,0.004467609828741623,0.0014892032762472078,1.0,0.017380584717629835,0.03121950207668721,0.01226855212054736,-0.0017990500997786386,0.020975858490850062,0.011849724092006958,0.019936491248202924,0.017715284919774876,0.014454660072860647,0.03804495648384132,0.007793283269786071,-0.0008662327477728231,0.032523576333988016,0.020980927056538232,-0.01877019859695155,-0.017309737087111397,0.03811656940540034,0.009070728962553553,0.010167944973364802,0.03491980561592723,-0.027896144369366188,0.012933029922142483,-0.0007882519897374102,-0.03029994240273331,-0.024961894116669752,-0.007488337407579749,-0.027187360066280086,0.03854283898580101,0.02740018943437094,0.006700183203661782,-0.01839533042011514,0.015697851132930575,0.015594299554547626,0.016440981877924043,0.008541637440873273,0.012653543302617917,0.006858266840447911,-0.013820998045501824,0.00848868508889657,0.014201646060287733,1.0,0.017393535973008092,0.030972898896260894,0.011244492968799558,-0.0031698447645909693,0.020434873231562078,0.011252078233585698,0.01847334422909027,0.01603664983372794,0.012716919424264202,0.03618486678955885,0.005186805946276847,-0.004394272908462449,0.03087637275535648,0.01936371581112706,-0.023867404840940007,-0.020658048932397536,0.038742138603833666,0.007053360980905898,0.005333995087313225,0.03186128335428356,-0.030740116749149417,0.010425963865396288,-0.002453573083673445,-0.03358726668748639,-0.02591147475292585,-0.0049830389510307615,-0.03138100694950458,0.0406840541397481,0.03162883482733187,0.0012746420304551528,-0.02133481697178666,0.02011200817164224,0.016843361127286946,0.017927317833036065,0.009751843723633098,0.010056434801058249,0.004552160761785274,-0.013780111947400872,0.003729261903699586,0.013003922445626419
3.539961232589234,0.6551397317978226,0.8845867460908414,1.0,107.0,119.0,113.0,84.0,82.0,38.0,25.0,10.0,8.0,4.0,4.0,134.0,108.0,122.0,116.0,113.0,128.0,103.0,122.0,110.0,111.0,117.0,108.0,0.1815126050420168,0.36134453781512604,0.45714285714285713,0.27586206896551724,0.3232758620689655,0.40086206896551724,0.018615040953090096,0.005956813104988831,0.017870439314966492,0.014147431124348473,0.014892032762472078,0.00967982129560685,0.0022338049143708115,0.008190618019359643,0.0052122114668652275,0.0014892032762472078,0.03350707371556218,0.007446016381236039,0.029039463886820552,0.008935219657483246,0.021593447505584513,0.029039463886820552,0.01340282948622487,0.0022338049143708115,0.008190618019359643,0.0052122114668652275,0.0037230081906180195,0.026061057334326135,0.0022338049143708115,0.018615040953090096,0.01563663440059568,0.010424422933730455,0.02680565897244974,0.04095309009679821,0.005956813104988831,0.039463886820551006,0.027550260610573342,0.01563663440059568,0.08860759493670886,0.005956813104988831,0.04690990320178704,0.027550260610573342,0.03425167535368578,0.058823529411764705,0.0759493670886076,0.011169024571854059,0.03201787043931496,0.023827252419955324,0.010424422933730455,0.04988830975428146,0.0022338049143708115,0.01712583767684289,0.0022338049143708115,0.010424422933730455,0.008190618019359643,0.004467609828741623,1.0,0.05730800920712763,0.03259172814326318,0.047882797162743906,-0.010701027345504849,0.009754309877453288,0.009234207353515201,0.028340398096269453,0.05655790767574236,0.011341866439143478,-0.005350592109636041,-0.011240867358899587,-0.03169070139225349,-0.0023232627110816497,0.025238551028577146,0.009740341039580012,0.03666692282291302,0.03732298761639912,-0.0009542864590301523,-0.026874649945456342,0.020332302381559104,0.03567408053686633,0.00015437964981495698,-0.0026071553340686793,-0.020064269622176313,0.016173527881133447,-0.0395080734998718,-0.030342672754359624,-0.01928321521055583,0.0029268307587005152,0.0432150715219169,0.002425263004345614,0.009700608155520212,0.008574664443076625,0.045060122472764266,-0.0009025515873927847,0.057638306715622575,0.027200152348259822,0.04390003011506765,-0.026831887047252933,0.00189269347617912,1.0,0.05735071264170821,0.029448089835569354,0.04466984081378167,-0.0168866572553785,0.008602144132219752,0.0069669609673292405,0.028555909892087634,0.052649158969582895,0.003413578850833636,-0.011894223167181039,-0.015377698263723677,-0.029911062118427374,0.001604661273286618,0.027107748202523155,0.0068301347232775,0.031155560155937883,0.0317918957694738,-0.004805863609227057,-0.029516006323321412,0.024856015656475113,0.03571387541573824,-0.007006522032309186,-0.011553051306276476,-0.02849208117300746,0.01744286528476847,-0.03780468644761165,-0.022478939623365377,-0.018407967091394424,0.008804983532303448,0.045136195743181166,-0.0018979015662065172,0.009675117565875906,0.006175753037195694,0.05037468247801162,-0.0042687024023829265,0.05764367613511129,0.011250180306193852,0.032409640003523074,-0.042187170579392884,0.005802764562593607
3.5135831471247037,0.617779908400075,0.8860759493670886,5.0,113.0,125.0,109.0,90.0,75.0,47.0,39.0,34.0,8.0,15.0,1.0,134.0,115.0,129.0,122.0,117.0,125.0,111.0,123.0,121.0,113.0,121.0,111.0,0.1800302571860817,0.36459909228441756,0.45537065052950076,0.26490984743411927,0.32801664355062415,0.4070735090152566,0.011169024571854059,0.006701414743112435,0.014147431124348473,0.0193596425912137,0.017870439314966492,0.014892032762472078,0.0022338049143708115,0.006701414743112435,0.0037230081906180195,0.0014892032762472078,0.03350707371556218,0.008935219657483246,0.028294862248696945,0.004467609828741623,0.018615040953090096,0.02531645569620253,0.0193596425912137,0.0014892032762472078,0.005956813104988831,0.006701414743112435,0.0022338049143708115,0.017870439314966492,0.004467609828741623,0.03350707371556218,0.0193596425912137,0.01340282948622487,0.027550260610573342,0.04318689501116903,0.005956813104988831,0.03425167535368578,0.026061057334326135,0.016381236038719285,0.08786299329858525,0.0022338049143708115,0.054355919583023084,0.020104244229337303,0.034996276991809384,0.05956813104988831,0.07446016381236038,0.00967982129560685,0.039463886820551006,0.017870439314966492,0.011169024571854059,0.05063291139240506,0.0052122114668652275,0.017870439314966492,0.0014892032762472078,0.00967982129560685,0.008190618019359643,0.0,1.0,0.049543752911090526,-0.02866628520025878,0.00849197437921951,0.013573082739960626,-0.024742927250757087,0.042673607004283964,-0.008961433847278624,0.006687028282256385,-0.02448429406110098,0.049981788189448866,0.0377219382797203,0.017393961328319274,0.01726724161968293,0.008857990739319335,0.03335938277156037,0.03166985560863184,-0.03460021936509116,0.06317216275658098,0.028168380124868633,0.01880935709085601,0.03606465899489957,0.006321222555167326,-0.018460492132888112,0.04221566490624778,0.02228359380215898,0.0016522546795938527,0.04336038130691347,0.014596488019134794,0.042982079368814104,0.03351088190843251,0.03434371663964168,-0.017421914122943766,-0.025410030363150825,0.02011827454928265,0.04764581019861232,0.02706934151962327,0.03428271453562935,-0.007592862445859753,0.028518133007144494,-0.007613921428554314,1.0,0.049580670759757486,-0.031244087263966904,0.01156767640275387,0.011729708867797005,-0.025628449308805135,0.04633312821883623,-0.015520644585530008,0.011078130745217176,-0.02659359985705006,0.052292734503048624,0.0337705580659467,0.014611744351896152,0.019555798484329905,0.003566972044938156,0.038806845342126375,0.024776365674234083,-0.03722485804950804,0.06873969906847498,0.01914163509975539,0.022319084750004423,0.03203260792110949,-0.0035060172024104705,-0.012827723698187878,0.03835463161131112,0.015662346450987602,-0.005581924525595063,0.04804119181720768,0.003965782747787901,0.043744040624680895,0.02456696466986161,0.02499227115864095,-0.02063101552435988,-0.02734875137920097,0.01502401569509125,0.041372598001265054,0.022060238554276773,0.02476569075310476,-0.011450979634962456,0.02390358007880499,-0.02461705200061592
3.528538968753366,0.624222540402215,0.8875651526433358,0.0,109.0,125.0,112.0,88.0,81.0,63.0,36.0,13.0,8.0,2.0,0.0,134.0,111.0,129.0,119.0,113.0,128.0,109.0,121.0,113.0,113.0,113.0,109.0,0.1836734693877551,0.3469387755102041,0.46938775510204084,0.27124645892351273,0.3243626062322946,0.40439093484419264,0.011913626209977662,0.005956813104988831,0.012658227848101266,0.011913626209977662,0.01340282948622487,0.016381236038719285,0.0014892032762472078,0.0029784065524944155,0.004467609828741623,0.0022338049143708115,0.03648548026805659,0.011169024571854059,0.04095309009679821,0.006701414743112435,0.027550260610573342,0.023827252419955324,0.018615040953090096,0.0022338049143708115,0.00967982129560685,0.0052122114668652275,0.0052122114668652275,0.024571854058078928,0.005956813104988831,0.027550260610573342,0.01712583767684289,0.01340282948622487,0.035740878629932984,0.044676098287416234,0.004467609828741623,0.03425167535368578,0.02680565897244974,0.008935219657483246,0.08562918838421445,0.0029784065524944155,0.049143708116157855,0.027550260610573342,0.03276247207743857,0.05361131794489948,0.07446016381236038,0.006701414743112435,0.039463886820551006,0.01563663440059568,0.010424422933730455,0.04318689501116903,0.0029784065524944155,0.017870439314966492,0.0037230081906180195,0.011169024571854059,0.0052122114668652275,0.0029784065524944155,1.0,-0.0025114141432640586,0.034105398773979556,-0.027203037145027625,-0.021841843783498526,0.041294868638078214,-0.0005693401792398889,0.039904407527525075,-0.009317687830599919,0.009357200137267978,0.03270301912003887,0.004156445179330127,0.02349603142035357,-0.020376356521058122,-0.024259537467986134,0.02965068317267016,0.012962893008747148,0.036189123553612444,-0.018543603441138944,-0.04425582610315864,-0.014274134962839597,-0.05317339230511101,0.06208326364806957,0.0006455862465911896,-0.008484638930988452,-0.021190606883327554,-0.023809238992158813,0.011924771193301585,0.01296318853338616,0.003313344845857008,-0.01360315392097974,-0.04864446052630113,0.025968752256165475,-0.04366712064110596,0.06405134743854293,-0.015398892594473218,0.01138839426323402,0.006378342338720564,-0.02617758938567434,-0.031165003284048764,0.013851792669034373,1.0,-0.002513285539794064,0.0341501635036825,-0.027127005088675795,-0.02322469005635945,0.04332870907027576,0.00038346771972954904,0.03603578594668547,-0.007458344218486734,0.008670276033654053,0.03409236003273409,0.0048868729137199795,0.018507357603746173,-0.017991538366599436,-0.026648627576786803,0.03081759196116009,0.013717338472938859,0.02847860774039206,-0.017578454130757214,-0.04572360064459163,-0.012748556366740871,-0.05130997707255088,0.055122984737225135,0.0042946834069502015,-0.014363216617603002,-0.01915890198676611,-0.01557796525148469,0.005149363557210695,0.018754231541977938,0.0004858508245884378,-0.008888462629876973,-0.043511334539650094,0.021990808116686033,-0.04348046516535221,0.0598473289138684,-0.009211681033082649,0.020519694918966387,0.00485135299844244,-0.023257020035688032,-0.04837719808749089,0.021698805906507322
3.511465909921428,0.6325925522755109,0.8823529411764706,0.0,111.0,119.0,119.0,94.0,77.0,27.0,23.0,15.0,8.0,3.0,0.0,134.0,111.0,125.0,122.0,115.0,126.0,109.0,117.0,111.0,110.0,112.0,109.0,0.16778523489932887,0.3959731543624161,0.436241610738255,0.2690935046395432,0.3269093504639543,0.4039971448965025,0.020104244229337303,0.008935219657483246,0.006701414743112435,0.017870439314966492,0.017870439314966492,0.010424422933730455,0.0022338049143708115,0.01340282948622487,0.0052122114668652275,0.0037230081906180195,0.039463886820551006,0.010424422933730455,0.03425167535368578,0.0022338049143708115,0.023827252419955324,0.029039463886820552,0.012658227848101266,0.004467609828741623,0.005956813104988831,0.0052122114668652275,0.0007446016381236039,0.024571854058078928,0.0022338049143708115,0.026061057334326135,0.014147431124348473,0.014147431124348473,0.02308265078183172,0.0387192851824274,0.0029784065524944155,0.029784065524944156,0.03052866716306776,0.011913626209977662,0.0967982129560685,0.0029784065524944155,0.04765450483991065,0.02308265078183172,0.029039463886820552,0.06626954579300075,0.06552494415487714,0.008190618019359643,0.03648548026805659,0.017870439314966492,0.008935219657483246,0.055100521221146684,0.0037230081906180195,0.018615040953090096,0.004467609828741623,0.010424422933730455,0.011169024571854059,0.0007446016381236039,1.0,-0.0011979303514642941,0.02944411353177362,-0.020309047153390245,0.053241482712168074,0.06625824492552042,0.049573025404333865,0.03981659401761324,-0.013848839534198866,0.0301983529163267,-0.005056967523939244,0.02643235553648163,-0.01402711755084422,0.026993698276768577,-0.0022672086944145564,0.0140506026916101,0.021469811810327782,-0.014604395557037273,0.05254467509394181,0.03313495193448437,0.06056254906549534,0.014442103100153088,0.024887364825830413,0.0019718059587352714,-0.037568493037704105,-0.02780181369636245,-0.02344400873385547,0.02856922580793153,-0.010951829458422224,-0.02887721017884151,0.014126845312191877,0.020885290106465712,-0.017209892103973903,0.01099816929715554,-0.022292507177869247,0.01900499009841245,0.03710611485218916,0.06970517001182466,-0.021890376826445887,0.00539498575373308,0.04049315341958531,1.0,-0.0011988229970317059,0.02948663239940692,-0.020302538799576393,0.05256331396360685,0.06798281695415567,0.046922392636512905,0.0391940821613251,-0.016226814491211432,0.0234152332245329,-0.011964440723492039,0.014087889605697103,-0.018543549544407158,0.021319861507095677,-0.0030820783399228588,0.010022234352056665,0.020914195087962547,-0.01632834336061597,0.049588170973638844,0.03550096579097251,0.053007231819246756,0.0164321929536088,0.016982304245926345,-0.004362382463123157,-0.054848269133935645,-0.045815500058263674,-0.03480699061460273,0.017934044721268808,-0.008162157870459959,-0.02901277780402025,0.030968535768295707,0.02791224709182347,-0.016003393271268464,0.014257662851571089,-0.02211625850186309,0.018211441558383945,0.03368586318476913,0.06836048569091373,-0.028627442102457244,0.0013214765091014494,0.035736386533210304
3.4897925000618155,0.6361323942633897,0.8868205510052122,6.0,113.0,127.0,119.0,83.0,97.0,40.0,43.0,14.0,18.0,8.0,7.0,134.0,117.0,131.0,126.0,117.0,130.0,103.0,128.0,115.0,115.0,127.0,108.0,0.2162962962962963,0.3466666666666667,0.43703703703703706,0.27015851137146796,0.32598208132322537,0.4038594073053067,0.014147431124348473,0.008190618019359643,0.01712583767684289,0.010424422933730455,0.014892032762472078,0.014147431124348473,0.0037230081906180195,0.005956813104988831,0.007446016381236039,0.0022338049143708115,0.035740878629932984,0.0037230081906180195,0.03127326880119136,0.008190618019359643,0.021593447505584513,0.02531645569620253,0.014147431124348473,0.0029784065524944155,0.008935219657483246,0.0052122114668652275,0.0052122114668652275,0.028294862248696945,0.005956813104988831,0.020104244229337303,0.006701414743112435,0.011169024571854059,0.021593447505584513,0.054355919583023084,0.004467609828741623,0.03723008190618019,0.029784065524944156,0.01340282948622487,0.1154132539091586,0.0022338049143708115,0.058078927773641105,0.02084884586746091,0.029784065524944156,0.0573343261355175,0.06775874906924795,0.012658227848101266,0.029039463886820552,0.020104244229337303,0.007446016381236039,0.04095309009679821,0.0029784065524944155,0.02084884586746091,0.0037230081906180195,0.008190618019359643,0.008190618019359643,0.0007446016381236039,1.0,0.0010608299802521454,-0.013730020053697682,-0.02562830751588404,-0.03805900999163855,0.0047267457701647714,-0.025801686181266225,-0.02259870392199815,0.039217931256804846,0.011012585680306273,0.01154414738005111,-0.028187287292827393,0.021841539196274105,0.002931303967485801,0.037210691771136215,0.008585135127792513,0.01768638438706752,0.002955756102724361,-0.012894983892964302,-0.03864654979976463,0.004551244688167564,0.0436538532750232,0.012711405960288228,-0.035107056301880935,-0.0388864639040076,-0.04271813782575028,-0.011650757935907457,-0.03171034505286178,-0.032795003499686164,0.005623279243779801,0.03779325301256938,-0.027302829822771907,0.02423696317463534,-0.007686965457172522,0.01808195141502333,-0.02636508882546101,0.01646673755241722,0.018263371484869534,0.00020613615677278623,0.012379088751391133,0.02974727624385835,1.0,0.001061620464589148,-0.013751639876017213,-0.025661168385841263,-0.03834813656142228,0.004066091439218852,-0.027710191929616025,-0.02463421754624075,0.03755079064421976,0.009380082670798668,0.00945448602355407,-0.027784693597572286,0.025490549808255953,0.0018865115362825156,0.03922175121300106,0.010125863033728184,0.020981574831483378,0.0034868978092087556,-0.010149825134206956,-0.0348618170894682,0.0066202988086275835,0.045372835848589706,0.007508785640664647,-0.036521031721015854,-0.04037185668429375,-0.04270003185904162,-0.017304575859990054,-0.03288062106941402,-0.038475265317278066,-0.004971018355631347,0.026923458160590677,-0.033948899536344855,0.026893418083208585,-0.002506284231803836,0.018981867368538047,-0.029085788523678838,0.024018513955796596,0.022157116720484062,0.0012182179431346363,0.021833431179365894,0.042508403522037524
3.462833836466041,0.6423669112185564,0.8696947133283693,9.0,104.0,124.0,107.0,83.0,100.0,41.0,34.0,31.0,10.0,19.0,10.0,133.0,103.0,127.0,119.0,121.0,124.0,93.0,121.0,113.0,119.0,116.0,109.0,0.21279761904761904,0.34375,0.44345238095238093,0.2703862660944206,0.3376251788268956,0.39198855507868385,0.011169024571854059,0.0052122114668652275,0.01563663440059568,0.011169024571854059,0.01340282948622487,0.011913626209977662,0.0037230081906180195,0.008190618019359643,0.005956813104988831,0.004467609828741623,0.05361131794489948,0.00967982129560685,0.03723008190618019,0.004467609828741623,0.0193596425912137,0.01712583767684289,0.011169024571854059,0.0037230081906180195,0.012658227848101266,0.0052122114668652275,0.004467609828741623,0.028294862248696945,0.0014892032762472078,0.035740878629932984,0.014147431124348473,0.010424422933730455,0.03127326880119136,0.04765450483991065,0.005956813104988831,0.04169769173492182,0.02308265078183172,0.011913626209977662,0.10796723752792256,0.0022338049143708115,0.04690990320178704,0.016381236038719285,0.03648548026805659,0.06999255398361877,0.06105733432613552,0.008190618019359643,0.03425167535368578,0.014147431124348473,0.004467609828741623,0.04169769173492182,0.0007446016381236039,0.018615040953090096,0.0014892032762472078,0.004467609828741623,0.006701414743112435,0.0029784065524944155,1.0,-0.028774822374319206,0.009998143284981666,-0.0006324296702439228,-0.04503425051335961,-0.013081679783935929,0.018833196595031847,0.010346290299771308,-0.04067947283240916,-0.020585661872403748,0.007235276848051704,-0.030118761430005404,0.019820266949961918,0.030848540975274688,-0.007930619539299022,0.0019363014025828326,0.003228555704604549,-0.029120010958129584,0.040936218044998106,0.005784514615392235,-0.046421592022164365,0.0120780805607692,0.0032438214399721837,-0.02282641161239052,0.004788327393919892,-0.06345556522161919,0.011026068047199312,-0.019742679369216955,0.01859722470343404,0.001574731361749349,-0.007095848707832305,-0.02491136846938113,-0.0022637141064477313,-0.0006775206888899225,0.042644469578956554,-0.005564826970948351,0.02134190175512129,-0.05443620149793411,0.019911230060629385,0.003560557526330692,-0.015606414731430082,1.0,-0.02879626411975462,0.009191451711637039,-8.355410515574858e-05,-0.04532269115344544,-0.01575140688727177,0.019031670257027934,0.011744165616470214,-0.042929603854121846,-0.024780465604085273,0.008535234788989439,-0.028084077505303374,0.014147159243465855,0.029304539406388285,-0.005193152897511293,0.0001163784496740332,0.002793897931084532,-0.02716819349682964,0.04041140754814099,0.005286555440982769,-0.04837812147922656,0.011102971432122561,0.007873684824946174,-0.020879612480751975,0.00032830199568856467,-0.06966991479438181,0.011433855998619189,-0.01595576164327964,0.01017806492061746,-0.0003750346725015568,-0.006000277364074818,-0.03298139922336651,-6.901262190404173e-05,-0.0015702219759034667,0.037977297102030474,-0.0036737447374399325,0.016393933550943682,-0.05435689832703704,0.02884882384812545,0.0042527820788917725,-0.021108043623172954
3.5077844843031674,0.6175144021323398,0.889054355919583,7.0,110.0,126.0,120.0,99.0,62.0,35.0,34.0,7.0,9.0,4.0,1.0,134.0,111.0,128.0,124.0,115.0,128.0,109.0,127.0,119.0,119.0,125.0,109.0,0.16775244299674266,0.38273615635179153,0.4495114006514658,0.268646408839779,0.3294198895027624,0.40193370165745856,0.017870439314966492,0.0029784065524944155,0.012658227848101266,0.014147431124348473,0.01340282948622487,0.02084884586746091,0.0014892032762472078,0.006701414743112435,0.004467609828741623,0.005956813104988831,0.045420699925539834,0.011169024571854059,0.05063291139240506,0.006701414743112435,0.017870439314966492,0.02084884586746091,0.021593447505584513,0.0022338049143708115,0.00967982129560685,0.004467609828741623,0.0007446016381236039,0.018615040953090096,0.0022338049143708115,0.028294862248696945,0.01340282948622487,0.00967982129560685,0.023827252419955324,0.045420699925539834,0.0037230081906180195,0.040208488458674606,0.024571854058078928,0.014147431124348473,0.09158600148920328,0.0022338049143708115,0.04690990320178704,0.03723008190618019,0.03648548026805659,0.05956813104988831,0.06775874906924795,0.0037230081906180195,0.03276247207743857,0.018615040953090096,0.008935219657483246,0.03425167535368578,0.006701414743112435,0.011913626209977662,0.0037230081906180195,0.011169024571854059,0.007446016381236039,0.0029784065524944155,1.0,0.005305544892297005,-0.014884154875241192,0.011004827991117912,0.024079936369927793,-0.004318040990337909,-0.012693760814347758,0.019936986865295377,-0.01692370826008715,0.014791440491991303,-0.031091807599962402,0.0053867703198331104,0.03151027858513668,0.022149834028342193,-0.02504398786576601,-0.05275935302838156,0.015075582274136379,-0.019208970583363707,0.049681268933042345,0.011932357327232026,0.015809243629020527,0.0019216684363356372,0.03208644841223726,0.03909834795077046,-0.04087699054357483,-0.02918967370583788,0.028304248050126556,-0.02046391361824608,-0.006734844524522848,0.005698380958559286,-0.01685309077681016,-0.0018221142510687334,-0.0134721481480017,-0.024391358217679328,-0.019273633524971905,-0.02624125723830978,-0.008871281046380401,0.005950779394671244,0.011485676827173956,-0.07736742441262491,0.009768320222182724,1.0,0.005309498353468613,-0.014934965266636723,0.011191901957491989,0.02381660918665826,-0.004266096297805126,-0.012129913004994192,0.019541186732918433,-0.018108042945185726,0.01616632869779835,-0.03193507544430139,0.00563684573375184,0.031382276175774916,0.022505672648001792,-0.02409387780502387,-0.05280391227579938,0.011587473518734999,-0.019413089059693293,0.053240633776922716,0.013407261516191966,0.015281823286281691,0.0016560831067471032,0.03318158065151425,0.038231187463439335,-0.04108850847413544,-0.03675086509767129,0.030604551995568052,-0.021163820010974572,0.002749012464281589,0.003058397801284424,-0.024270857005471807,-0.0015983354525295483,-0.014285962080157895,-0.018527407585332688,-0.02166124657416557,-0.031100278357360886,-0.005744041539162534,0.015404204453651062,0.011402135605778164,-0.08562563576853928,0.007848087629919174
3.5117721637156305,0.6217676680505893,0.8830975428145942,7.0,111.0,127.0,120.0,101.0,64.0,43.0,12.0,25.0,3.0,0.0,1.0,133.0,111.0,130.0,123.0,115.0,128.0,109.0,125.0,114.0,121.0,119.0,111.0,0.13517915309446255,0.40553745928338764,0.4592833876221498,0.2682418346073662,0.32870048644892286,0.4030576789437109,0.020104244229337303,0.004467609828741623,0.018615040953090096,0.01712583767684289,0.011169024571854059,0.010424422933730455,0.0037230081906180195,0.004467609828741623,0.0052122114668652275,0.0014892032762472078,0.04690990320178704,0.00967982129560685,0.039463886820551006,0.007446016381236039,0.018615040953090096,0.02531645569620253,0.024571854058078928,0.0014892032762472078,0.00967982129560685,0.0052122114668652275,0.004467609828741623,0.028294862248696945,0.0037230081906180195,0.0193596425912137,0.008190618019359643,0.00967982129560685,0.03052866716306776,0.03648548026805659,0.0052122114668652275,0.03201787043931496,0.029039463886820552,0.00967982129560685,0.09307520476545049,0.0022338049143708115,0.058078927773641105,0.022338049143708117,0.039463886820551006,0.06105733432613552,0.0573343261355175,0.007446016381236039,0.035740878629932984,0.012658227848101266,0.014147431124348473,0.05212211466865227,0.0029784065524944155,0.014892032762472078,0.0037230081906180195,0.008935219657483246,0.00967982129560685,0.0022338049143708115,1.0,0.07583361960527925,0.007135029502233168,0.04085243978050922,-0.011670249999745157,0.03953406924509015,0.00022143072130210444,0.018227078521779055,-0.0016213746228530344,-0.010116005828363573,0.005431805370740269,0.06601296085349671,-0.004679655768778763,-0.00474877813001924,-0.0023715469900437145,0.09682978526929668,0.0643477815180038,0.031149709995636956,-0.01364514124020916,-0.04294517480286131,0.01101628267647994,-0.005387405727518207,0.011403339196700647,0.006449207984808695,-0.042749142825706694,0.027543258204384323,-0.004528318057453254,0.0029389304698569014,0.05754327625151249,-0.04374431219566996,-0.007742135500666252,0.001721567841066587,0.008598526878025241,-0.027037213855118664,-0.03745092219171522,0.004389979141220135,0.04763358861269911,-0.036953784407648245,-0.024919018075875366,-0.016297944566664425,-0.060109487305145835,1.0,0.07589012751854698,0.0013943901309592672,0.040530053860289725,-0.01800267049087322,0.042037893429513,-0.007712074654370652,0.02028819331164122,-0.008312068893701384,-0.007809874162247824,0.0034948563073585056,0.06793800953186149,-0.016321976013372826,-0.0032316149283346126,-0.007098180008265427,0.10339824903853415,0.04530683031190546,0.025548423076390787,-0.030405735275315596,-0.04013668216724653,0.010763941350163198,-0.007105585534779314,0.005244459048057914,0.00491668616381063,-0.03969515815009949,0.03612643405801415,-0.020842760232368574,0.0019832460774950934,0.0529103853745751,-0.04356509482310967,-0.008551623995442247,-0.012312411819938853,0.005940652784753318,-0.03574440336282821,-0.020946620734200345,0.01567827923242332,0.05238957808467376,-0.046995470154766586,-0.024104159155332594,-0.016814171657690995,-0.04994471759352358
3.465952603358511,0.6172201282072836,0.8816083395383469,2.0,114.0,115.0,113.0,86.0,85.0,25.0,60.0,10.0,12.0,2.0,1.0,134.0,115.0,126.0,123.0,116.0,125.0,100.0,125.0,113.0,117.0,123.0,111.0,0.2352,0.3536,0.4112,0.2689075630252101,0.3284313725490196,0.4026610644257703,0.023827252419955324,0.005956813104988831,0.017870439314966492,0.017870439314966492,0.014147431124348473,0.007446016381236039,0.0007446016381236039,0.006701414743112435,0.004467609828741623,0.004467609828741623,0.03350707371556218,0.008935219657483246,0.03425167535368578,0.0037230081906180195,0.02308265078183172,0.027550260610573342,0.018615040953090096,0.0007446016381236039,0.006701414743112435,0.0029784065524944155,0.0022338049143708115,0.021593447505584513,0.0014892032762472078,0.03201787043931496,0.01340282948622487,0.011169024571854059,0.027550260610573342,0.06031273268801191,0.0037230081906180195,0.0387192851824274,0.022338049143708117,0.00967982129560685,0.09456440804169769,0.0029784065524944155,0.05584512285927029,0.024571854058078928,0.0379746835443038,0.06701414743112435,0.07148175725986597,0.010424422933730455,0.023827252419955324,0.011169024571854059,0.004467609828741623,0.04244229337304542,0.0029784065524944155,0.016381236038719285,0.0029784065524944155,0.008935219657483246,0.012658227848101266,0.0014892032762472078,1.0,0.04375848202520244,0.00781855281396242,-0.01874393302934696,0.01892805573363257,-0.0021579761641856723,0.006596988359785179,-0.013860749032188894,0.04988170261102213,0.03367943893148468,0.0454322426530951,0.007110824758084124,-0.03194767870221108,-0.014343373226102532,0.03600322035623166,-0.000667961922612853,0.00844591853234143,-0.018547655261326734,0.03986881852708506,0.021185173627986914,0.021624732113292754,0.025639805505502322,-0.03139815911670477,0.02605041373752002,-0.04674736489461788,-0.027359190296843958,0.04712008488977669,-0.006925629277532291,-0.0013894663343456848,-0.011644391453351438,-0.0532115854967138,-0.026234958443184943,0.010283699424128111,-0.007792605083398219,-0.00785641816647292,-0.07150740140161325,-0.04483970583268868,0.034464997911383036,-0.0322136566016742,0.03064585298216202,0.03480026022125841,1.0,0.04379108894176369,0.005923914173112143,-0.01942410317235072,0.020650238388115628,-0.0036328780828767952,0.006229708200149013,-0.013719515415383701,0.05095062490654754,0.03014638793967684,0.041684840292666246,0.0055739073454694225,-0.03442072273448524,-0.010932569847820655,0.03606729789644086,-0.003763716914158538,0.007026654420096248,-0.019892911464106995,0.036073218299233066,0.015103439216907183,0.019292152998792073,0.03038202042363779,-0.03612079374820853,0.029827005386108565,-0.0556971975867349,-0.02508315867775576,0.05386780397378032,-0.016358444365356013,-0.005213866780316483,-0.017812292982521946,-0.054412553646809164,-0.022099352854986952,0.016460584485486197,-0.0029328151229991253,-0.010774803630972935,-0.07221808284302532,-0.045929787185350957,0.035320496052192486,-0.02602220667098162,0.0415701817359544,0.04027544135278621
3.44331181698452,0.6270314912823907,0.8838421444527178,2.0,102.0,117.0,110.0,84.0,108.0,35.0,20.0,10.0,16.0,12.0,1.0,134.0,106.0,120.0,118.0,114.0,124.0,96.0,118.0,110.0,110.0,115.0,107.0,0.2106969205834684,0.3565640194489465,0.4327390599675851,0.27405247813411077,0.3294460641399417,0.3965014577259475,0.00967982129560685,0.010424422933730455,0.008190618019359643,0.00967982129560685,0.011913626209977662,0.00967982129560685,0.0007446016381236039,0.007446016381236039,0.0022338049143708115,0.0022338049143708115,0.03648548026805659,0.00967982129560685,0.04318689501116903,0.008190618019359643,0.022338049143708117,0.017870439314966492,0.01563663440059568,0.008190618019359643,0.007446016381236039,0.0052122114668652275,0.004467609828741623,0.03127326880119136,0.0022338049143708115,0.023827252419955324,0.011913626209977662,0.012658227848101266,0.02308265078183172,0.04616530156366344,0.004467609828741623,0.04318689501116903,0.03201787043931496,0.011169024571854059,0.114668652271035,0.0007446016381236039,0.0573343261355175,0.022338049143708117,0.04318689501116903,0.058078927773641105,0.06999255398361877,0.008935219657483246,0.040208488458674606,0.018615040953090096,0.0029784065524944155,0.034996276991809384,0.0022338049143708115,0.014892032762472078,0.0029784065524944155,0.007446016381236039,0.004467609828741623,0.0029784065524944155,1.0,0.07558531261235264,-0.012886019674291349,0.012728103920736056,0.09728574757392397,-0.028891886797424295,-0.0014537808594067003,-0.00044970274346317157,0.020263899383476218,0.018081571228754683,0.006859165617106766,-0.012927184994611396,0.054023472274849195,0.04277325756177559,-0.021313560183635262,0.03537671952045086,-0.0010252125799145317,-0.01553567941125711,0.05154008853613944,0.04844804346017247,-0.016275338948686224,0.004051425322176219,-0.009314531799571158,-0.01001678731177916,-0.006406754837265972,-0.004949640015892344,-0.0128994634395005,-0.013468086563887302,-0.048830312865571254,-0.018349014501382953,-0.012438322214389641,0.0017551356534921084,-0.012880616798113321,-0.028231472925117105,-0.06971432567535717,-0.03231251071562838,-0.0036068836980023837,-0.039388614971035914,-0.0014658049404282726,0.027249208405890884,-0.009102703646083845,1.0,0.07564163549805483,-0.018734085228391782,0.015260779877146852,0.0957820483511076,-0.04399670782517154,0.007227762636373003,-0.004009138412867751,0.012103146906132779,0.023101603580172866,0.0023579886156307617,-0.013022240441172029,0.05412546175259954,0.03193017165990984,-0.025802794205617863,0.043959218621658976,-0.020834637686345695,-0.01678942939767625,0.06268786318239862,0.030738945879623465,-0.017483333683750296,0.007770897179286596,-0.026206028862061706,-0.010139818686058384,-0.0005924626753394067,-0.012472358209791255,-0.006341380786113846,-0.0167006375085608,-0.0550151578285831,-0.0029285609167169894,-0.015611387194379218,-0.0036172805654606202,-8.750361216683361e-05,-0.03248361065368743,-0.07027443180867204,-0.01641830843224339,-0.001202898778367809,-0.03896661990491666,0.021163347930361516,0.025992163255893742,-0.009341726739621485
3.437179598480605,0.6188579869247992,0.8845867460908414,6.0,89.0,125.0,113.0,82.0,94.0,21.0,45.0,29.0,12.0,20.0,2.0,134.0,104.0,131.0,127.0,124.0,130.0,33.0,128.0,114.0,121.0,123.0,71.0,0.22727272727272727,0.36990595611285265,0.40282131661442006,0.29253731343283584,0.36268656716417913,0.3447761194029851,0.012658227848101266,0.004467609828741623,0.00967982129560685,0.011913626209977662,0.014892032762472078,0.008190618019359643,0.0014892032762472078,0.011169024571854059,0.0029784065524944155,0.0029784065524944155,0.03723008190618019,0.006701414743112435,0.03648548026805659,0.005956813104988831,0.02308265078183172,0.021593447505584513,0.014147431124348473,0.0014892032762472078,0.011913626209977662,0.006701414743112435,0.0037230081906180195,0.03052866716306776,0.0014892032762472078,0.029784065524944156,0.011913626209977662,0.007446016381236039,0.0387192851824274,0.05361131794489948,0.0037230081906180195,0.035740878629932984,0.01712583767684289,0.010424422933730455,0.10796723752792256,0.0029784065524944155,0.06031273268801191,0.017870439314966492,0.04318689501116903,0.06552494415487714,0.06403574087862993,0.011913626209977662,0.02308265078183172,0.014147431124348473,0.005956813104988831,0.055100521221146684,0.0022338049143708115,0.016381236038719285,0.0029784065524944155,0.010424422933730455,0.004467609828741623,0.0014892032762472078,1.0,0.026784503143924613,0.015257534023932965,0.0516002779442899,-0.010416617544316033,-0.04460980722872576,0.028021305186731998,-0.0696291808467551,0.009929447111597295,-0.0018477386938670992,0.028436424823341955,-0.045492904271681324,0.04923489982557435,-0.021761401775031147,0.05446607008260661,-0.04708738243604354,-0.01026592844151916,0.017324310934056734,-0.007921129293378215,0.01728013578952617,-0.02168287340422797,0.012211521609257628,0.030539366930440362,-0.004457388617119186,-0.006683357926135578,-0.030371359367523006,-0.04158759643692796,0.0008141789571389507,0.03132385160635323,-0.005381902436101533,0.005918603465629283,0.02095667023859699,-0.004966425061258789,0.011854576555252645,0.005577993599057184,-0.0522050980275153,0.009734373840059075,-0.03786005687021194,-0.020697343153932065,0.029345848663149873,0.007582633951188077,1.0,0.026804461790082557,0.014572280189036476,0.05096902315120337,-0.013390849634898073,-0.04578910503322794,0.02835660174229591,-0.06936046608113917,0.01772825595781987,-0.0046151719497367905,0.03448755075451069,-0.04845024508318666,0.04593983269725245,-0.022398747982678366,0.056077026151525614,-0.053391455776722954,-0.010763705966418619,0.024041159918641256,-0.014547479001837903,0.03260444075487265,-0.04039618677783971,0.030881787857317038,0.01496555411904081,0.002353056040398713,-0.01374756283566326,-0.027911172005738005,-0.04331053735115896,0.006813412543103632,0.037539064888520345,-0.002603693555595616,0.007769938468945783,0.0026506453645719977,0.002853560342865542,0.004176751401566893,0.007460819108478486,-0.05282321527026682,0.010978913021420277,-0.037582122558204624,-0.00930076190809901,0.034823115603073156,0.002994138158804819
3.4901770512738377,0.6466121305412095,0.8845867460908414,7.0,117.0,126.0,121.0,92.0,100.0,20.0,26.0,7.0,17.0,5.0,2.0,134.0,121.0,131.0,127.0,126.0,130.0,95.0,129.0,120.0,125.0,123.0,109.0,0.2078125,0.3703125,0.421875,0.2673469387755102,0.33877551020408164,0.39387755102040817,0.00967982129560685,0.00967982129560685,0.012658227848101266,0.012658227848101266,0.014892032762472078,0.01340282948622487,0.0014892032762472078,0.0022338049143708115,0.0037230081906180195,0.0022338049143708115,0.034996276991809384,0.006701414743112435,0.03648548026805659,0.014147431124348473,0.017870439314966492,0.0193596425912137,0.01563663440059568,0.004467609828741623,0.008935219657483246,0.005956813104988831,0.0,0.02308265078183172,0.0007446016381236039,0.023827252419955324,0.01563663440059568,0.011913626209977662,0.03127326880119136,0.04690990320178704,0.008935219657483246,0.0379746835443038,0.023827252419955324,0.011169024571854059,0.0967982129560685,0.005956813104988831,0.05286671630677588,0.03052866716306776,0.04318689501116903,0.0573343261355175,0.07073715562174236,0.008190618019359643,0.034996276991809384,0.014892032762472078,0.007446016381236039,0.04988830975428146,0.0007446016381236039,0.01340282948622487,0.0037230081906180195,0.010424422933730455,0.01563663440059568,0.0007446016381236039,1.0,0.00341507957048621,0.04247867416363261,-0.002289132166395144,0.039833209284403835,0.02858560702115689,-0.008799303875475476,-0.0035768528554005674,-0.02372782134413705,-0.017363443966422712,-0.026669895717331752,-0.008153915443590148,0.012213972944946624,-0.009393887702467643,0.002754010060904079,-0.012108194212245451,-0.008048925045070883,0.01925379018159284,-0.012580994371173446,-0.00812514381149462,-0.02959711831878296,-0.01150173010084745,-0.011929536997688414,0.005875490948337555,0.017904741157075608,0.03029010622771729,0.03894046844506938,0.02475373744936344,0.011054874703625697,-0.008351024336779703,0.044784807055445526,-0.006199522495720799,0.01271273547586599,-0.027683104458545608,-0.022090358853774757,-0.022150031468133692,0.036400591161439885,-0.008008592477592443,0.006233189164638609,-0.006518224516673404,-0.0374109826766581,1.0,0.00341762433916764,0.04253084450172618,-0.002583523922770082,0.03822893588991234,0.02872637492945326,-0.012324653452788475,-0.005720704368107601,-0.02442364824337081,-0.019384450153609494,-0.024944248618929164,-0.005823075448394035,0.016535429808879534,-0.006362308579331691,0.004298575795217366,-0.010033491015726733,-0.010479903245689117,0.01913932831620559,-0.013417026323137808,-0.010510741598033996,-0.027850602840379195,-0.01240929618599004,-0.009612460056091931,0.008048862256484785,0.021102265924312975,0.033174428995244455,0.0388127264268417,0.023074739477857997,0.004047951154698823,-0.017102979769231627,0.03889053480431122,-0.010533805524653326,0.010006150115957737,-0.024109640205877515,-0.02272492896127482,-0.018980438647132412,0.042661156280164376,-0.0036057342107434073,0.008245989071648157,-0.0028940664372797548,-0.04089392162475702
3.527362918691635,0.6431760691361177,0.8875651526433358,8.0,113.0,121.0,106.0,96.0,80.0,64.0,34.0,31.0,22.0,11.0,1.0,134.0,115.0,125.0,123.0,119.0,130.0,111.0,124.0,115.0,119.0,123.0,113.0,0.17758369723435224,0.37117903930131,0.4512372634643377,0.2674017918676775,0.3280496209510682,0.4045485871812543,0.014147431124348473,0.007446016381236039,0.014147431124348473,0.011913626209977662,0.017870439314966492,0.014892032762472078,0.0022338049143708115,0.007446016381236039,0.005956813104988831,0.0037230081906180195,0.03052866716306776,0.011169024571854059,0.03276247207743857,0.007446016381236039,0.01340282948622487,0.029784065524944156,0.01340282948622487,0.0029784065524944155,0.008935219657483246,0.006701414743112435,0.0029784065524944155,0.02308265078183172,0.0014892032762472078,0.03127326880119136,0.020104244229337303,0.014147431124348473,0.026061057334326135,0.039463886820551006,0.0052122114668652275,0.03276247207743857,0.029784065524944156,0.018615040953090096,0.10201042442293373,0.0052122114668652275,0.05063291139240506,0.02308265078183172,0.027550260610573342,0.0573343261355175,0.07371556217423679,0.008190618019359643,0.03648548026805659,0.01563663440059568,0.006701414743112435,0.049143708116157855,0.008935219657483246,0.016381236038719285,0.0052122114668652275,0.006701414743112435,0.0037230081906180195,0.0014892032762472078,1.0,0.021611385151203647,0.05240832472037257,0.04607581886312695,-0.01651978941550219,-0.03711002478617483,-0.07614746283275069,-0.02027342492162656,-0.001978344791828803,0.00112015098309372,-0.0016347606593821924,-0.01944976489083178,5.192874125705163e-05,-0.042778905601562674,-0.01166574722592324,0.02395518758960514,-0.034229862756671184,-0.00093159761613414,-0.059528889368270645,-0.00726655187676361,-0.025833033748583305,-0.022822021849745532,0.03359125500052762,-0.015256607078073813,0.04107634612987675,-0.0012292289227115853,-0.0036816275355400527,0.04214777701430405,0.027082345149836894,0.005196201801940819,0.020718168736713723,0.04862544731948957,0.04632764037499242,-0.025409970572514196,-0.02761694631532593,-0.018903555287167945,-0.03766678382872428,-0.04378828036615119,0.006807880162281145,0.03523918865388594,-0.05075473984424888,1.0,0.02162748901495268,0.05204308255123242,0.04411740948115184,-0.021156320966123496,-0.04145178520139345,-0.07565282062464136,-0.012100360489874028,0.010058415479540863,0.00889953155798259,-0.004612828116839744,-0.027177982377413073,-0.0065155666112338,-0.04299428379705976,-0.007313062116000988,0.029914044494787052,-0.03258091214105327,-0.00706514211322696,-0.06556972672499069,-0.008683103560031291,-0.02120124079088526,-0.014257125679039829,0.03259208831487339,-0.020170632416110067,0.02815620789668991,-0.010795134881449437,-0.010816353876775915,0.03845312877224051,0.03437502888364213,-0.0018255983159345538,0.015541901393309833,0.04270060612195111,0.04436206339650054,-0.0242083716343038,-0.03626560300003025,-0.01228436033176503,-0.03118766626360131,-0.03143087649990146,0.021166031200098415,0.034335362405168504,-0.05245792204417917
3.487577759245626,0.628276732425386,0.8868205510052122,3.0,125.0,116.0,115.0,93.0,77.0,41.0,55.0,35.0,4.0,7.0,8.0,134.0,125.0,119.0,121.0,122.0,126.0,103.0,129.0,125.0,116.0,113.0,123.0,0.19882179675994108,0.3637702503681885,0.4374079528718704,0.26717032967032966,0.3324175824175824,0.40041208791208793,0.010424422933730455,0.012658227848101266,0.011913626209977662,0.016381236038719285,0.01712583767684289,0.014892032762472078,0.0007446016381236039,0.005956813104988831,0.0052122114668652275,0.0022338049143708115,0.04616530156366344,0.00967982129560685,0.039463886820551006,0.005956813104988831,0.021593447505584513,0.02680565897244974,0.01340282948622487,0.0014892032762472078,0.007446016381236039,0.006701414743112435,0.0022338049143708115,0.02084884586746091,0.004467609828741623,0.024571854058078928,0.01712583767684289,0.01340282948622487,0.03052866716306776,0.044676098287416234,0.0022338049143708115,0.03425167535368578,0.021593447505584513,0.010424422933730455,0.10275502606105734,0.006701414743112435,0.05137751303052867,0.02680565897244974,0.03276247207743857,0.06180193596425912,0.06775874906924795,0.0052122114668652275,0.03276247207743857,0.012658227848101266,0.0037230081906180195,0.04839910647803425,0.0014892032762472078,0.01563663440059568,0.0029784065524944155,0.008935219657483246,0.01340282948622487,0.0022338049143708115,1.0,-0.03046692819517924,-0.010857151396093952,0.011306329498780123,-0.026709652561453363,0.014491736249538421,0.04971381402145547,0.019567187813917336,0.005347926325960013,0.00847386339769317,-0.023682227183623183,-0.006084739415120034,0.024658266556170386,-0.02603727397485239,0.051643567947817146,-0.03113398999937002,-0.010993621092436907,-0.014933489609829285,0.012698902695315834,-0.04167779400520313,-0.03637565265748455,-0.023796429025915958,0.02238660027927119,-0.0027100475313126394,-0.005223705133895225,-0.007835835205534492,0.0009841901014537335,-0.011599107682251229,0.0106188814547306,0.004747059260347415,-0.005946725168033705,0.0008930336729289197,-0.0017045679144424566,-0.014420066683531003,-0.0616795267257174,0.02124639164103269,-0.03818263244338768,0.03290089465558982,0.00226905289555475,0.01556285010137019,-0.006070407310883372,1.0,-0.03048963082423675,-0.011813944053597515,0.010647381188872646,-0.026272601471993513,0.013194523645037266,0.050165797970279716,0.023698361392677815,0.006867798877000713,0.0091337010267123,-0.0213239672987143,-0.007911489223318236,0.02101443171406407,-0.02660813659004083,0.04898758169793373,-0.030468260836709362,-0.008170132965676041,-0.018047789829097747,0.01396684134132927,-0.04316096717913695,-0.043221864691092494,-0.028312357055949852,0.025754834730565165,-0.002864327134649222,-0.0037127625056384895,-0.004479978866271901,0.0049470485226497255,-0.004935997648917757,0.00705520894285979,0.006954820387346627,-0.008004182179744464,0.002477783374563994,-0.0031903486132378632,-0.009590286028045918,-0.0673660565016008,0.018019404231930766,-0.0465971133896449,0.03440964708517803,-0.0016618533421337825,0.02263608680086303,-0.008833439044572044
3.4641863139040066,0.6444633188485878,0.8763961280714817,4.0,98.0,116.0,116.0,85.0,82.0,13.0,48.0,22.0,11.0,9.0,13.0,134.0,105.0,126.0,121.0,122.0,127.0,53.0,127.0,111.0,105.0,107.0,90.0,0.2171799027552674,0.37925445705024313,0.4035656401944895,0.2921686746987952,0.34563253012048195,0.3621987951807229,0.017870439314966492,0.00967982129560685,0.01712583767684289,0.007446016381236039,0.01340282948622487,0.016381236038719285,0.0022338049143708115,0.008190618019359643,0.0014892032762472078,0.0014892032762472078,0.04244229337304542,0.004467609828741623,0.04318689501116903,0.0007446016381236039,0.0193596425912137,0.02308265078183172,0.010424422933730455,0.0052122114668652275,0.012658227848101266,0.004467609828741623,0.0014892032762472078,0.03052866716306776,0.004467609828741623,0.02084884586746091,0.00967982129560685,0.016381236038719285,0.034996276991809384,0.04839910647803425,0.004467609828741623,0.03648548026805659,0.023827252419955324,0.007446016381236039,0.11317944899478778,0.004467609828741623,0.0387192851824274,0.029039463886820552,0.0387192851824274,0.05063291139240506,0.06254653760238273,0.010424422933730455,0.044676098287416234,0.022338049143708117,0.006701414743112435,0.04169769173492182,0.0014892032762472078,0.0193596425912137,0.0029784065524944155,0.005956813104988831,0.004467609828741623,0.0022338049143708115,1.0,-0.030091982720432557,0.0026150345974910445,0.0030371551187801504,0.02342552886445824,0.017997751946225195,0.03929506687166602,0.004450199660408907,-0.011285185718273513,0.026739935532264832,0.017705498732463045,-0.01388208123298496,0.006832910786285361,-0.0012952745887302994,-0.030683551671122817,0.010703799485196912,0.03807277491097074,0.006218972526668314,-0.048361275263206945,0.009118475851717088,0.01514261721124962,0.006481103480354533,0.00029748732117757985,-0.06739655531734651,0.058456510991750095,0.03604310629073636,0.0038441076278969005,0.014929638121639516,-0.020659229790160053,0.012910686253784604,0.05577173365691914,0.005212060442128944,0.01565359966756404,-0.013340486586000375,0.021172526304321163,-0.010745411055986984,-0.03188905239030556,0.017007781056932757,0.01522470354832865,-0.006085150772609428,-0.031418172930157064,1.0,-0.030114405956438828,0.0017136113130037656,0.0031771822575963143,0.023699776734394634,0.019500268263118514,0.04057197557118039,0.006730490377264352,-0.011875174144325708,0.025071325169002713,0.01725151354995364,-0.014773269202299029,0.0045285113275856425,-0.002238803448101311,-0.03217069266369012,0.006891740640540398,0.03792276632955284,0.010268742782289038,-0.04812628874974651,0.0057237474995008655,0.017275832579774032,0.005665223525515839,-0.0016807852069416068,-0.06669343109943421,0.06009703623462435,0.037505091463613534,0.002164461808200106,0.02061892044867648,-0.020403129048569578,0.011861726675226955,0.05580738323298552,0.0024820834820702222,0.015409755678588552,-0.014375755238111961,0.01844679904609878,-0.010544216907339537,-0.045559576961264565,0.010915919809531908,0.0239190821824521,-0.0015237612591072916,-0.03866548219874114
3.4863312348817943,0.6495550215432317,0.8860759493670886,0.0,111.0,116.0,116.0,102.0,99.0,59.0,20.0,11.0,6.0,2.0,0.0,134.0,111.0,122.0,121.0,112.0,124.0,105.0,123.0,111.0,111.0,123.0,110.0,0.1853582554517134,0.3660436137071651,0.4485981308411215,0.27078891257995735,0.32338308457711445,0.4058280028429282,0.017870439314966492,0.007446016381236039,0.012658227848101266,0.014147431124348473,0.016381236038719285,0.014147431124348473,0.0022338049143708115,0.008935219657483246,0.006701414743112435,0.0022338049143708115,0.03276247207743857,0.006701414743112435,0.03723008190618019,0.011913626209977662,0.02084884586746091,0.022338049143708117,0.012658227848101266,0.0022338049143708115,0.008190618019359643,0.0029784065524944155,0.0029784065524944155,0.021593447505584513,0.0029784065524944155,0.023827252419955324,0.01340282948622487,0.01340282948622487,0.03127326880119136,0.044676098287416234,0.0022338049143708115,0.03127326880119136,0.02308265078183172,0.00967982129560685,0.10573343261355175,0.0014892032762472078,0.05063291139240506,0.023827252419955324,0.044676098287416234,0.06105733432613552,0.07073715562174236,0.008935219657483246,0.035740878629932984,0.01563663440059568,0.0052122114668652275,0.04988830975428146,0.0022338049143708115,0.020104244229337303,0.0029784065524944155,0.008190618019359643,0.008190618019359643,0.0037230081906180195,1.0,0.028674049180993304,0.022626963505297623,-0.005347575130343723,-0.006132557247085778,0.017465048272863343,0.00928215300319867,0.0276987289383549,0.07341625733115606,-0.01621441730197603,0.034199983405032275,-0.00473992207915781,0.02598667556354258,-0.006427098103611235,-0.014540252854730559,0.04530512387655123,0.02446663591935142,0.010418727076879478,0.03938714785504,-0.02495933292231625,0.02757109353947286,0.017900731928431564,-0.038660758420226794,0.0026727606831174317,0.010638697545588898,-0.02855725456085859,-0.023788942842354298,-0.0458625786290731,0.01525209542298973,-0.0201588801730387,0.024102696838298736,-0.012597856999085574,-0.018463209719826252,0.02206488841274783,-0.02539424641634365,-0.015640755179381984,-0.0013412061209192546,-0.0443565327697412,-0.004213523587395858,0.0551417308966605,0.00830151210207243,1.0,0.028695415834630388,0.021855279243429233,-0.006631365882641174,-0.006317345613377796,0.0181751444828139,0.008576266374195967,0.02650514268604602,0.07228391527504523,-0.021302131239142305,0.03265199652610234,-0.004837444285090704,0.0249760431288288,-0.010558610423622036,-0.016184921820568438,0.043054899784800885,0.018599758541290156,0.007591016018047582,0.034322311946990154,-0.02578995852771668,0.02301444871701871,0.020691275037972343,-0.04455224288008248,-0.003992020127795052,0.012086646283930762,-0.03604868362566798,-0.028549325246703845,-0.04267631880809478,0.011175409867633124,-0.01757460318013038,0.02703671148787572,-0.015565087745514895,-0.017089896388332387,0.026402524758942763,-0.01879254712625781,-0.01255373328924543,-0.006286144243215019,-0.034565015524087105,-0.00784794316179991,0.06591478509892035,0.007605403726143557
3.4756615359627587,0.6110799805189935,0.8786299329858526,11.0,108.0,121.0,112.0,90.0,75.0,47.0,20.0,10.0,32.0,16.0,14.0,134.0,109.0,125.0,127.0,120.0,128.0,101.0,129.0,108.0,115.0,121.0,107.0,0.16158536585365854,0.3719512195121951,0.46646341463414637,0.27457865168539325,0.3300561797752809,0.39536516853932585,0.021593447505584513,0.004467609828741623,0.012658227848101266,0.011913626209977662,0.020104244229337303,0.011913626209977662,0.004467609828741623,0.0052122114668652275,0.0022338049143708115,0.004467609828741623,0.049143708116157855,0.01340282948622487,0.0379746835443038,0.004467609828741623,0.02680565897244974,0.01712583767684289,0.017870439314966492,0.0014892032762472078,0.008935219657483246,0.007446016381236039,0.004467609828741623,0.029784065524944156,0.0,0.02531645569620253,0.017870439314966492,0.007446016381236039,0.03052866716306776,0.04169769173492182,0.004467609828741623,0.029039463886820552,0.03127326880119136,0.014892032762472078,0.11243484735666419,0.004467609828741623,0.05361131794489948,0.021593447505584513,0.044676098287416234,0.054355919583023084,0.058078927773641105,0.007446016381236039,0.03648548026805659,0.008935219657483246,0.006701414743112435,0.0379746835443038,0.0022338049143708115,0.011169024571854059,0.0029784065524944155,0.006701414743112435,0.008935219657483246,0.0007446016381236039,1.0,0.011392490703792914,0.03577231504756201,0.006954727255815099,0.017071147411647315,-0.022231034593598435,0.06366432824767103,0.010849684227178589,0.01103896573771866,-0.06269709979854451,0.023682537543362116,0.02007900505289177,-0.02258817895055936,-0.018420019602002114,-0.021343981291908412,0.039862312863878556,-0.029820994017893163,0.025412572248224907,-0.01420305504012506,0.012431673955315359,0.046925421643401646,0.018110053744731878,0.019565147846228006,-0.006710882551781982,0.007464977050886673,-0.00982476631434521,-0.01187285049047144,0.06768737786780539,-0.03852112676089553,-0.035372365839411314,-0.011181814525901841,-0.034399791402169075,0.03215795314911176,0.049110579278447045,0.025274902072664397,0.03302073581176902,-0.02359613865835733,0.01932261600459681,-0.015202862813322844,0.02306835869073249,-0.004962735461339873,1.0,0.01140097989209678,0.035700324817204414,0.006178088939742996,0.01572273862260424,-0.02317504398142297,0.06337907592338148,0.010864992517880092,0.006498429286389188,-0.06462514017882044,0.022373917637538505,0.026849925973706237,-0.02800773337954492,-0.019564430518417605,-0.024793841624016974,0.05194877190457279,-0.029665406224755487,0.02074276296030314,-0.016385851271045852,0.01598461539364237,0.058166090670547205,0.004527313356204245,0.01882192369609788,-0.01514742726038525,0.01621728500259636,-0.016110603943167538,-0.01872221034947284,0.06926343441753142,-0.04508284121376074,-0.028810455708129613,-0.016827152304550994,-0.02913506780254496,0.03997633640277813,0.049771094752501424,0.02606561865018652,0.028676659771567994,-0.014340548652524522,0.012248721571618396,-0.02162956253173604,0.01874910555244312,-0.010508899041820773
3.511624481372708,0.6164855423544006,0.8801191362620998,8.0,119.0,122.0,125.0,110.0,73.0,22.0,50.0,24.0,4.0,4.0,5.0,134.0,121.0,127.0,127.0,125.0,130.0,103.0,127.0,125.0,123.0,121.0,116.0,0.1966966966966967,0.3948948948948949,0.4084084084084084,0.26436781609195403,0.3380662609871535,0.3975659229208925,0.010424422933730455,0.007446016381236039,0.014147431124348473,0.012658227848101266,0.018615040953090096,0.01340282948622487,0.0022338049143708115,0.010424422933730455,0.0052122114668652275,0.0022338049143708115,0.04765450483991065,0.01340282948622487,0.034996276991809384,0.005956813104988831,0.022338049143708117,0.028294862248696945,0.014892032762472078,0.0007446016381236039,0.0052122114668652275,0.0029784065524944155,0.0022338049143708115,0.0193596425912137,0.0052122114668652275,0.03127326880119136,0.01712583767684289,0.01712583767684289,0.03201787043931496,0.035740878629932984,0.0014892032762472078,0.03350707371556218,0.021593447505584513,0.016381236038719285,0.10126582278481013,0.004467609828741623,0.05658972449739389,0.016381236038719285,0.0379746835443038,0.054355919583023084,0.06626954579300075,0.007446016381236039,0.03201787043931496,0.018615040953090096,0.011169024571854059,0.044676098287416234,0.0037230081906180195,0.00967982129560685,0.0052122114668652275,0.014147431124348473,0.008190618019359643,0.0014892032762472078,1.0,0.020164691842394188,0.013766569732524462,-0.01485718771351025,-0.02701100477039055,0.00922799858971825,-0.01660826748253525,-0.017442786631718873,0.023970699049454473,-0.029013358253520475,0.010417262456652391,-0.006980804337686323,-0.007267619819834994,-0.009573967159748816,-0.012218384438678525,0.04456519188923048,0.02950340569930433,-0.001261663602050281,0.0002647811880416706,-0.03590099290243335,0.03425479488565205,-0.03850526322518418,-0.032878558398823116,-0.01712553616235595,-0.03810625582859327,-0.0011882447065819399,-0.01571514539773347,-0.0470396977033838,-0.05829589374540554,0.010842348719829966,-0.007078057691210894,0.01243463599527109,-0.017732436604357128,0.011415343572500607,-0.0038964368535412534,-0.006055444809824012,-0.026308846633227335,-0.03897842404381215,0.02198182707130442,-0.021396677913788464,0.047808523276619684,1.0,0.02017971769324545,0.013385331311197336,-0.015444113150761548,-0.026691292265205162,0.010766327299199989,-0.01658072454816032,-0.017990149872805738,0.024923824830723338,-0.02973385361377808,0.009505860292664972,-0.00649630165007101,-0.006884155072312581,-0.011564300244788562,-0.010323209419705208,0.045131646755089426,0.02650566352212948,-0.002908991143344488,-0.0012486327361685816,-0.03279336331196546,0.036103303702891505,-0.03935137389452755,-0.03147113481071531,-0.017615693674215584,-0.03513439396410086,-0.003312490545690281,-0.017246275340464735,-0.04689125057487008,-0.06480373709592277,0.01929810120518138,-0.013678211336812853,0.004050154202096993,-0.02129354943606232,0.009172220976770935,-0.004200855192615494,-0.010111905747784337,-0.027629208797380494,-0.03912544943630179,0.02717527636287396,-0.020716579798874996,0.04579780998200712
3.488452986369043,0.6278182047191456,0.8786299329858526,6.0,110.0,117.0,112.0,94.0,81.0,41.0,55.0,16.0,20.0,6.0,1.0,133.0,117.0,120.0,117.0,121.0,124.0,109.0,120.0,119.0,121.0,113.0,110.0,0.21547799696509864,0.36722306525037934,0.417298937784522,0.26474719101123595,0.3356741573033708,0.39957865168539325,0.00967982129560685,0.007446016381236039,0.01340282948622487,0.01563663440059568,0.01563663440059568,0.020104244229337303,0.0022338049143708115,0.0029784065524944155,0.005956813104988831,0.0029784065524944155,0.03723008190618019,0.012658227848101266,0.03425167535368578,0.010424422933730455,0.018615040953090096,0.017870439314966492,0.017870439314966492,0.0029784065524944155,0.006701414743112435,0.004467609828741623,0.0007446016381236039,0.0193596425912137,0.0029784065524944155,0.028294862248696945,0.016381236038719285,0.008935219657483246,0.02680565897244974,0.039463886820551006,0.004467609828741623,0.04095309009679821,0.022338049143708117,0.007446016381236039,0.10126582278481013,0.0037230081906180195,0.05212211466865227,0.02308265078183172,0.034996276991809384,0.06552494415487714,0.06254653760238273,0.01563663440059568,0.040208488458674606,0.01712583767684289,0.008935219657483246,0.058823529411764705,0.0022338049143708115,0.017870439314966492,0.0022338049143708115,0.006701414743112435,0.008190618019359643,0.0014892032762472078,1.0,0.020031651191449534,0.02309730550026215,0.016090188192073914,0.0188827862370655,0.015822858910254256,0.008963389308600613,0.01933790578084528,0.047119852851225066,0.03366632961819878,0.005247520178813401,0.0026576218859111055,-0.048966379246247575,-0.022899061651515926,0.024322116845298003,0.01950778858436389,-0.006864111100024401,0.005947762541507509,-0.02175812288810412,0.02839422013654393,-0.022060302435131136,0.008464428385595892,0.017323595426800776,0.0075756354559908074,-0.006444048287413401,-0.020327406343639214,0.01704684549761506,0.003878373378787423,-0.0007839814080274225,-0.00028480232779158247,-0.02151911914321505,0.06527706903283877,-0.009310842419828503,-0.012048581932612245,-0.016205595965406668,0.04523782214270574,-0.002764022956866669,0.0382321735408565,-0.0018436506751842332,-0.017061935249212033,0.014133450312075172,1.0,0.020046577906197273,0.022739026122666952,0.015231196434092382,0.017824938594946337,0.014486770464328863,0.007374095141367303,0.01792411384549405,0.04564727975554789,0.030731546918738927,0.001128202533933385,-0.0010237131086189004,-0.052953755786942676,-0.024486129382473142,0.025607015012298413,0.019382193048207354,-0.009520162204908325,0.0039012201048778676,-0.02363300900518047,0.030183567176781924,-0.01767352636592218,0.013336855164394841,0.017118273395700677,0.003967132807726934,-0.011275762468628459,-0.023495532822760862,0.02057009460642632,0.006556220583235365,-0.0019291370814149245,-0.0014409957247389074,-0.02700497713329885,0.0686979560440778,-0.010033063190020522,-0.012843942170701065,-0.0159138651795123,0.04788242079154,-0.008009528335546046,0.03741089964621294,-0.004498625471290131,-0.02005673614875054,0.010134109511386406
3.469124334964693,0.6131462858351407,0.885331347728965,6.0,86.0,118.0,116.0,89.0,101.0,33.0,31.0,6.0,6.0,5.0,0.0,134.0,92.0,124.0,123.0,111.0,126.0,79.0,124.0,105.0,107.0,118.0,83.0,0.23115577889447236,0.36348408710217756,0.4053601340033501,0.2895927601809955,0.33634992458521873,0.3740573152337858,0.011169024571854059,0.0029784065524944155,0.01340282948622487,0.012658227848101266,0.011913626209977662,0.018615040953090096,0.0014892032762472078,0.005956813104988831,0.006701414743112435,0.0029784065524944155,0.034996276991809384,0.012658227848101266,0.04095309009679821,0.004467609828741623,0.020104244229337303,0.023827252419955324,0.014892032762472078,0.0022338049143708115,0.00967982129560685,0.0052122114668652275,0.0014892032762472078,0.022338049143708117,0.0022338049143708115,0.02680565897244974,0.01340282948622487,0.011913626209977662,0.029784065524944156,0.04765450483991065,0.005956813104988831,0.039463886820551006,0.02308265078183172,0.0193596425912137,0.11317944899478778,0.0037230081906180195,0.04988830975428146,0.018615040953090096,0.03723008190618019,0.04765450483991065,0.0759493670886076,0.008190618019359643,0.03201787043931496,0.01712583767684289,0.011169024571854059,0.049143708116157855,0.0022338049143708115,0.018615040953090096,0.0022338049143708115,0.0052122114668652275,0.006701414743112435,0.0007446016381236039,1.0,-0.01836493485516551,0.07480755996496208,0.019413749214921627,0.05886660893008797,0.03887122661061199,0.034797005982586574,0.026041553645369957,0.03166620553818071,0.014298265105461672,0.054600193185533955,0.0252900871630055,-0.007845682788466356,-0.0241647923859148,0.05622552634439925,0.04539724677746348,0.03979187513183908,0.016643052765261686,0.01495259203254846,0.01618691269843605,0.052763518923487865,-0.026633360491340588,-0.0066567123534820435,-0.021559988677225445,0.01023865737607832,0.014578544889412525,0.06073233996038954,0.022919740104248968,0.006493000824379372,-0.006864949717743205,0.018282865274548882,-0.004513456772031595,0.006001441035327685,-0.0113643286880131,0.04871949325151518,-0.016613925821064437,-0.010045647810169128,0.018150269027713484,-0.02706740553251637,-0.03451425382547449,0.03251437933140013,1.0,-0.018378619605430167,0.07460655624934061,0.02223378652505463,0.054545224967907785,0.03843053908362703,0.02814502508699748,0.019920493354694847,0.024024211806899405,0.007036232835594478,0.04645645914146219,0.02087886910858715,-0.019929770752577368,-0.034979186721335674,0.048919777302707995,0.04582948670861448,0.032768477845903594,0.011047396589402682,0.0032976179652883853,0.005724116006446186,0.042887149046500296,-0.03593009559337976,-0.022449772186986003,-0.02408941239076765,-0.0009633608281432427,0.008935802746260846,0.05974837963971649,0.030033248958477674,0.0005125301028964928,-0.015122616820061854,0.0025627523089740483,-0.011674499082588382,0.0013270495242249391,-0.013289093249879024,0.03678981512245934,-0.020319643925266896,-0.024076646372504184,0.021417817943740227,-0.02292169308984904,-0.034867218917545656,0.030211576818091286
3.478910688401791,0.616843381125878,0.8860759493670886,12.0,89.0,113.0,108.0,78.0,67.0,15.0,45.0,9.0,7.0,8.0,1.0,132.0,95.0,119.0,122.0,108.0,124.0,37.0,113.0,104.0,106.0,111.0,99.0,0.2246376811594203,0.36594202898550726,0.40942028985507245,0.2905511811023622,0.3464566929133858,0.36299212598425196,0.010424422933730455,0.004467609828741623,0.006701414743112435,0.014147431124348473,0.011169024571854059,0.011913626209977662,0.0007446016381236039,0.008190618019359643,0.0037230081906180195,0.0029784065524944155,0.039463886820551006,0.00967982129560685,0.0379746835443038,0.008935219657483246,0.017870439314966492,0.03201787043931496,0.016381236038719285,0.0007446016381236039,0.008935219657483246,0.008935219657483246,0.0052122114668652275,0.03276247207743857,0.0022338049143708115,0.029039463886820552,0.014147431124348473,0.010424422933730455,0.029039463886820552,0.03425167535368578,0.0037230081906180195,0.040208488458674606,0.021593447505584513,0.010424422933730455,0.08860759493670886,0.0037230081906180195,0.055100521221146684,0.02531645569620253,0.0387192851824274,0.06403574087862993,0.07148175725986597,0.00967982129560685,0.04690990320178704,0.02084884586746091,0.0029784065524944155,0.04616530156366344,0.0007446016381236039,0.01563663440059568,0.004467609828741623,0.006701414743112435,0.008935219657483246,0.0014892032762472078,1.0,0.05114251874194077,0.04020635573649497,-0.030794088528545312,0.03544368878530492,0.09702697467877228,0.038821556284114385,0.013135394572675953,0.063553778396913,0.0024454679315025,0.05066676900855288,0.05044778151376799,0.02393928535458997,0.02570096069029257,0.03264372883177362,0.01582533372616128,0.052797785011416,-0.01576717296722459,0.037659263991979185,0.033274832852834245,0.05571055976668536,0.016364691627139678,0.03802806210737263,0.06028560597558517,0.020026909889847472,-0.06334365849489956,0.026699626394173094,-0.003678519111303641,0.018627197928835968,0.02255599885423125,-0.0029270697663538858,-0.034816448316361485,0.027094052244011565,0.029636863281434896,0.03175661286263432,-0.0021685761156960397,0.005000609479067966,-0.000306270059751432,-0.004894977105973467,0.003767786309141549,0.03601465150621788,1.0,0.0511806279213312,0.03774573712147766,-0.034919037256770404,0.03750535078102185,0.09692554748372019,0.02571310310690358,0.0047365496778704426,0.06729502654645794,-0.0084956634230102,0.03604652729813479,0.04671875704636717,0.009838924024290577,0.011924984050365352,0.029177958819776906,0.0017219505047901117,0.03646156282201614,-0.025067519936961578,0.02611367523347639,0.024352135416702496,0.04200078081936506,-0.0005896770224379045,0.031313391402098496,0.05379732310001442,-0.00471255847684846,-0.07966436049250407,0.024402881931111144,-0.016875545961091858,-0.009608130184134402,0.01976500471629851,-0.007640300159970055,-0.05149433475596641,0.02794537787135909,0.03007518972848528,0.0034643921618942356,0.0007619400977482444,0.010645534189680832,-0.009577063806916962,-0.016466922285238838,0.0011778893632570912,0.02935667042765901
3.514905181569469,0.6466948653117606,0.889054355919583,4.0,113.0,126.0,123.0,105.0,79.0,22.0,51.0,9.0,18.0,16.0,9.0,134.0,117.0,129.0,126.0,115.0,127.0,113.0,122.0,119.0,121.0,119.0,111.0,0.1985185185185185,0.37777777777777777,0.4237037037037037,0.26359256710254647,0.3310392291810048,0.4053682037164487,0.016381236038719285,0.011913626209977662,0.011913626209977662,0.01712583767684289,0.010424422933730455,0.00967982129560685,0.0022338049143708115,0.006701414743112435,0.004467609828741623,0.0022338049143708115,0.03201787043931496,0.014147431124348473,0.029784065524944156,0.006701414743112435,0.016381236038719285,0.02084884586746091,0.018615040953090096,0.0022338049143708115,0.008190618019359643,0.0052122114668652275,0.0029784065524944155,0.021593447505584513,0.0014892032762472078,0.026061057334326135,0.014892032762472078,0.018615040953090096,0.027550260610573342,0.049143708116157855,0.0037230081906180195,0.03127326880119136,0.028294862248696945,0.014147431124348473,0.10052122114668652,0.006701414743112435,0.04765450483991065,0.027550260610573342,0.03723008190618019,0.0573343261355175,0.06999255398361877,0.011913626209977662,0.03201787043931496,0.0193596425912137,0.007446016381236039,0.058078927773641105,0.0052122114668652275,0.008190618019359643,0.0037230081906180195,0.008190618019359643,0.011169024571854059,0.0007446016381236039,1.0,-0.03168117184122771,0.016279912981085137,0.02799379655242533,-0.06934475185117467,-0.013708629860009262,0.021119155084192823,-0.009770280831077893,-0.006759423702182404,0.01992053532237127,-0.021889414215890177,-0.015035235134308648,0.0016574076542724978,-0.02606782322533778,-0.015912384385514598,0.011308029420273293,-0.027895909033121086,-0.03884348854165886,0.04435139325827559,-0.011270038955747295,0.03888695731583382,0.04682835429851998,-0.001029878681354611,-0.01591066486957865,0.005874363053072527,-0.03774342592554805,-0.007066652151011682,-0.017145063909688472,0.005448908358833939,0.049691069846653155,-0.0010313581410497383,-0.0033539283720836997,0.023071146475872308,0.017430381023642597,0.02529735174184229,-0.030864856736056816,0.006599013084318263,0.032728793994143704,-0.05137551504745643,0.024633425996366844,0.07478601249661286,1.0,-0.03170477927180985,0.015314394132619629,0.029087066303298454,-0.0681478555381182,-0.01903807984206694,0.021935704697446844,-0.0041503221128971705,-0.012009057441331844,0.016476055737925245,-0.017607178381996946,-0.017022937241245203,-0.0014625876810571128,-0.022286503637017414,-0.018776749718961885,0.007658477952480114,-0.025453661636308106,-0.04361570170743638,0.03938731082044294,-0.0037917220276447875,0.03678154245369398,0.0405510294324949,0.006710373176818122,-0.018751926227213524,0.0034529902671663775,-0.030157771518105427,-0.008255602191742433,-0.02540887131942403,0.008230826173875338,0.04865721318626587,-0.002373009396209787,-0.0037755384761774856,0.02519866798951419,0.025428824798162136,0.03224797453688998,-0.03244629731673224,0.003966690405107375,0.04333704718049795,-0.049985102804012284,0.013303011881569059,0.07896047918722539
3.5155210618292623,0.6173917005509891,0.892777364110201,2.0,123.0,127.0,122.0,93.0,110.0,52.0,29.0,14.0,12.0,1.0,7.0,134.0,123.0,131.0,125.0,125.0,130.0,117.0,127.0,127.0,125.0,123.0,123.0,0.203757225433526,0.34826589595375723,0.4479768786127168,0.2589403973509934,0.33245033112582784,0.40860927152317883,0.018615040953090096,0.007446016381236039,0.008935219657483246,0.012658227848101266,0.014892032762472078,0.011169024571854059,0.0037230081906180195,0.007446016381236039,0.004467609828741623,0.0037230081906180195,0.04839910647803425,0.014892032762472078,0.04318689501116903,0.006701414743112435,0.022338049143708117,0.014147431124348473,0.01340282948622487,0.0022338049143708115,0.011913626209977662,0.007446016381236039,0.0052122114668652275,0.02680565897244974,0.0022338049143708115,0.022338049143708117,0.014147431124348473,0.011169024571854059,0.023827252419955324,0.04839910647803425,0.0052122114668652275,0.03276247207743857,0.02680565897244974,0.011913626209977662,0.09903201787043932,0.0022338049143708115,0.054355919583023084,0.035740878629932984,0.02308265078183172,0.055100521221146684,0.0573343261355175,0.007446016381236039,0.035740878629932984,0.020104244229337303,0.006701414743112435,0.04988830975428146,0.0014892032762472078,0.02308265078183172,0.0037230081906180195,0.006701414743112435,0.006701414743112435,0.0029784065524944155,1.0,0.013083715461555298,0.045818867836993314,0.013891178742306734,-0.011937645827083404,0.005313622160696443,-0.004822256929161968,-0.02998105007653887,-0.008259264711854388,-0.0015503486656499844,-0.0171114539244047,-0.015940625523801568,0.013350207294722976,0.007628466287061256,-0.06677966472769781,0.00819715168725346,-0.005796453965794748,-0.009068507416284212,0.003938818642680671,-0.04609598091729056,0.053820264574800845,-0.0003172038473459749,-0.02553984590660867,-0.005908912510879387,-0.07646892663523659,-0.04029700956953088,0.012793331715847333,-0.021737161799427463,0.03131352966442611,0.005651209064562809,0.0029717717002434737,0.024532732473751206,-0.0025060436740586955,-0.014534696124185021,-0.038584802302563975,-0.013000566378308421,-0.015156472061532596,-0.054982865363129914,0.023915714663653866,-0.0389324356308897,-0.03418598291521459,1.0,0.013093464876951393,0.04572360318855841,0.012779150254787482,-0.014432246224420839,0.004441157910356831,-0.003937333877341378,-0.030207725788441175,-0.0075033689899960745,0.001667942113409159,-0.015915728935744312,-0.01627768096466868,0.015561458224573926,0.00916072676052783,-0.07033851157654197,0.008197478472077085,0.0006230310323759272,-0.009446522573160924,0.0011822071811767377,-0.044379341000295974,0.0561503538609131,-0.0025765445485666965,-0.030632181583740457,-0.00681211329015408,-0.07709092161752386,-0.04138581322357684,0.02097059519455522,-0.014179428444570964,0.026350218683726452,0.0040097702032258625,0.00014501506287389171,0.021079471560845914,-0.008702463920300534,-0.025725921159242045,-0.03436412398010771,-0.013888105426062218,-0.013287569645432257,-0.0523936502732538,0.016569229404144167,-0.03461481984355297,-0.039408915026299444
3.495197675136651,0.6362932087755018,0.8786299329858526,2.0,108.0,120.0,118.0,107.0,65.0,51.0,29.0,15.0,4.0,3.0,0.0,134.0,108.0,127.0,125.0,122.0,125.0,107.0,127.0,109.0,109.0,111.0,107.0,0.15434083601286175,0.39228295819935693,0.4533762057877814,0.2735648476257973,0.32955350815024803,0.39688164422395467,0.010424422933730455,0.008935219657483246,0.010424422933730455,0.016381236038719285,0.016381236038719285,0.012658227848101266,0.0037230081906180195,0.008935219657483246,0.006701414743112435,0.0022338049143708115,0.035740878629932984,0.011913626209977662,0.03648548026805659,0.0052122114668652275,0.01563663440059568,0.023827252419955324,0.01563663440059568,0.0029784065524944155,0.010424422933730455,0.005956813104988831,0.0014892032762472078,0.023827252419955324,0.0052122114668652275,0.02680565897244974,0.01563663440059568,0.012658227848101266,0.02308265078183172,0.034996276991809384,0.0052122114668652275,0.03127326880119136,0.035740878629932984,0.010424422933730455,0.10424422933730454,0.0022338049143708115,0.04988830975428146,0.021593447505584513,0.040208488458674606,0.06626954579300075,0.0759493670886076,0.011169024571854059,0.04169769173492182,0.018615040953090096,0.007446016381236039,0.0387192851824274,0.004467609828741623,0.016381236038719285,0.0007446016381236039,0.008190618019359643,0.0029784065524944155,0.0022338049143708115,1.0,-0.01995826824440718,0.022831339296102808,0.008934629027049418,0.0971020195877435,-0.005886169309075808,0.023354082580719013,0.05377108065666938,0.002650603067511212,-0.007459540955606957,-0.023841520009507105,0.06658012579705558,0.009106160194680815,0.038107139046482524,0.014038337020607396,0.04756076511716891,-0.0114392930029728,0.03871775995274623,-0.010148450076717042,-0.005222405488169133,0.024814230806085826,0.022340272222592078,-0.04791921930441374,0.035650237757690544,0.052964391839698616,0.003556062527332505,0.017529133815679165,-0.011685911767879096,0.03553677176423316,0.03065506301113493,0.012391949963176023,-0.02974816182505385,-0.0302438272462405,-0.03366765284410396,0.0015927517799895433,-0.013245033431429597,-0.020351034812464117,0.046160528080919104,-0.01509328349666796,-0.02837293253573709,0.0001236442832292292,1.0,-0.01997314027737618,0.02247543021897357,0.009858877255488284,0.09734495161454025,-0.002425314684960462,0.019164047790015876,0.05365479998049378,-0.0053907310709161,-0.009401090319703015,-0.029810575849600646,0.05692414687015557,0.01339090348874887,0.03679534886239667,0.016943705541030165,0.036327986745138874,-0.010518541334192258,0.030482438509734342,-0.019061960065136004,-0.018170230989773033,0.0237497528851988,0.018510076297601524,-0.05246148329980738,0.036930412345990836,0.04798297138041534,0.003045602550178684,0.019245575562231304,-0.022185006893786444,0.01847148307240761,0.03760598321094814,0.003772019075917533,-0.036631724562515317,-0.04672748482231588,-0.033316541864899324,-0.0009739301223952686,-0.015153836472420173,-0.0207651094507699,0.05188870071743452,-0.01041797616041726,-0.025603413213796375,-0.00199104548857717
3.4374356222194744,0.5853709684844474,0.8823529411764706,3.0,88.0,114.0,106.0,76.0,88.0,15.0,53.0,22.0,19.0,10.0,0.0,133.0,97.0,126.0,122.0,117.0,123.0,33.0,123.0,111.0,107.0,117.0,78.0,0.24242424242424243,0.37542087542087543,0.38215488215488214,0.29448329448329447,0.3550893550893551,0.3504273504273504,0.007446016381236039,0.008190618019359643,0.011913626209977662,0.00967982129560685,0.008935219657483246,0.010424422933730455,0.0014892032762472078,0.008935219657483246,0.0022338049143708115,0.0029784065524944155,0.039463886820551006,0.008190618019359643,0.0387192851824274,0.005956813104988831,0.021593447505584513,0.02084884586746091,0.01563663440059568,0.0014892032762472078,0.014892032762472078,0.0,0.0022338049143708115,0.0379746835443038,0.0037230081906180195,0.039463886820551006,0.01563663440059568,0.01563663440059568,0.03350707371556218,0.03723008190618019,0.004467609828741623,0.04690990320178704,0.020104244229337303,0.005956813104988831,0.09158600148920328,0.0029784065524944155,0.05286671630677588,0.016381236038719285,0.04095309009679821,0.05956813104988831,0.07520476545048399,0.006701414743112435,0.0379746835443038,0.01340282948622487,0.004467609828741623,0.058823529411764705,0.004467609828741623,0.01563663440059568,0.0029784065524944155,0.006701414743112435,0.006701414743112435,0.0007446016381236039,1.0,0.014798913310909824,0.018893149879704755,-0.0070947167180993006,0.015601542503766257,-0.00932890134748852,0.013573667854363416,-0.016287738205583557,0.05151346418440598,0.053241751780720645,-0.029801387792270154,-0.00035818605159178296,-0.0012675205622509342,0.006604095546593712,0.006942518227860362,0.021851419994434636,-0.003444455966008881,-0.005137762464207922,-0.04158140539186308,0.049629301267129645,-0.05831491465585649,0.038481619210645766,0.016732803336285438,0.047154368055621364,0.005535532481619539,0.01020333163816612,-0.021750035060490877,0.025525207481518163,-0.009026413042395525,-0.005481772461432801,-0.026257980375280553,0.003146103732035408,0.019703090987112128,0.011112456255262405,-0.008892859557557168,-0.008228079526403491,-0.001630545282741427,-0.030597291722494535,0.07730296755688822,-0.022576878306756247,0.023348820725270895,1.0,0.014809940817102754,0.018706096125104446,-0.007666982297690025,0.015519746862876566,-0.009552319497944753,0.013288817922047292,-0.016209688783693624,0.051506413383135385,0.05328593753202598,-0.03442463770964384,0.00010558009592636036,-0.0013361258375541663,0.006080818493304905,0.00728741019695681,0.021483062297337454,-0.004257064146950048,-0.012822397719494122,-0.04137195073761202,0.055182541018479865,-0.06038076486058454,0.03859671079817554,0.01927159450042316,0.04083169481178616,0.005766014323909696,0.006651195928279499,-0.013847874486936054,0.02140466225592812,-0.01100045359130716,-0.0006303979711098792,-0.03528447153069346,0.0004172483666893619,0.0189120416140638,0.012257418141633595,-0.00934548570277814,-0.007668508797673888,-0.007279963176964083,-0.02759328249939927,0.07657563063143602,-0.012631724043494769,0.013478965934861309
3.445790210858207,0.6121431519948428,0.8801191362620998,1.0,108.0,123.0,121.0,92.0,72.0,38.0,30.0,14.0,6.0,1.0,0.0,134.0,111.0,129.0,127.0,121.0,126.0,107.0,123.0,111.0,111.0,115.0,110.0,0.16996699669966997,0.3844884488448845,0.44554455445544555,0.2687719298245614,0.3298245614035088,0.4014035087719298,0.018615040953090096,0.004467609828741623,0.01340282948622487,0.011913626209977662,0.02084884586746091,0.01712583767684289,0.0007446016381236039,0.0052122114668652275,0.0014892032762472078,0.0022338049143708115,0.029784065524944156,0.006701414743112435,0.03648548026805659,0.0052122114668652275,0.020104244229337303,0.027550260610573342,0.014147431124348473,0.006701414743112435,0.008190618019359643,0.005956813104988831,0.0007446016381236039,0.020104244229337303,0.0029784065524944155,0.021593447505584513,0.01563663440059568,0.008935219657483246,0.024571854058078928,0.04393149664929263,0.0052122114668652275,0.03052866716306776,0.029039463886820552,0.012658227848101266,0.11317944899478778,0.0022338049143708115,0.05956813104988831,0.022338049143708117,0.034996276991809384,0.054355919583023084,0.08041697691734921,0.010424422933730455,0.03425167535368578,0.021593447505584513,0.008190618019359643,0.04988830975428146,0.0,0.018615040953090096,0.0022338049143708115,0.004467609828741623,0.008190618019359643,0.0022338049143708115,1.0,0.0338408325483405,0.021212258074208443,0.049929277467863374,-0.017281946253759936,0.0431838773927403,0.02662944708276721,0.010375227465039574,-0.0005005221609615935,0.010895028266041891,0.020085022186248077,0.033449866649956736,0.011757869709879097,0.033974423156211575,0.013487453643168385,-0.009339168762006819,0.009855520737318125,-0.015107930075938518,-0.03269669606419438,0.03866215506275889,-0.0025713610725567235,0.025162463092055536,0.032614379684675586,-0.005875064305805792,0.012618342975013474,-0.017800282461002293,0.018305141997520997,0.010600429558506291,-0.008419888310339439,0.0271097272001522,-0.002364277396248303,0.04161919639767122,-0.03234846140188561,-0.034301782834881646,-0.002421968670967633,-0.03792722272256949,-0.029947214369371943,0.057935920811686505,-0.028065629152827825,-0.003418478260296982,0.05037465281194091,1.0,0.03386604926409935,0.02012006114391332,0.04873029443161519,-0.02107112839397309,0.04282672138185994,0.022293754820466645,0.009173825016867674,-0.0066921239969471545,0.01026310334054003,0.018020836030654346,0.03099992619076108,0.006550983106947485,0.03129856827380993,0.00822737923839384,-0.012812510559275557,0.0038450534387975406,-0.01762477821562513,-0.03473998808914694,0.03855384517651959,-0.0031481695941822036,0.026047306817729366,0.026202398363248613,-0.005444805024650764,0.006182092165038739,-0.022687906823797618,0.018033016106881804,0.006487601112223711,-0.00694571886430031,0.02610176297523757,-0.003499544561571632,0.04368054503341493,-0.0450411012634711,-0.03696714966386885,-0.005616719898480736,-0.03796571907547744,-0.02998667918238792,0.06635475118499053,-0.026451587569226432,0.003467650839118208,0.04691593976254405
3.454529115011314,0.5922793707707047,0.8868205510052122,0.0,120.0,121.0,113.0,102.0,109.0,32.0,36.0,21.0,16.0,8.0,1.0,132.0,122.0,127.0,122.0,123.0,128.0,99.0,123.0,119.0,122.0,121.0,105.0,0.21354933726067746,0.3711340206185567,0.41531664212076586,0.2654192654192654,0.3367983367983368,0.39778239778239777,0.01340282948622487,0.004467609828741623,0.016381236038719285,0.012658227848101266,0.011913626209977662,0.014147431124348473,0.0,0.005956813104988831,0.0029784065524944155,0.0007446016381236039,0.04244229337304542,0.008935219657483246,0.0379746835443038,0.011169024571854059,0.02308265078183172,0.023827252419955324,0.020104244229337303,0.0022338049143708115,0.012658227848101266,0.005956813104988831,0.0029784065524944155,0.029784065524944156,0.0037230081906180195,0.03648548026805659,0.010424422933730455,0.010424422933730455,0.029039463886820552,0.04169769173492182,0.0029784065524944155,0.03127326880119136,0.024571854058078928,0.006701414743112435,0.10573343261355175,0.0007446016381236039,0.05584512285927029,0.02680565897244974,0.04169769173492182,0.0573343261355175,0.06478034251675353,0.007446016381236039,0.028294862248696945,0.020104244229337303,0.0052122114668652275,0.04616530156366344,0.0022338049143708115,0.02084884586746091,0.008935219657483246,0.0,0.0037230081906180195,0.0029784065524944155,1.0,0.02386277711634038,-0.002181408788146216,0.04888403802491827,-0.03287345980683499,0.027735880831740566,0.07310868057518206,0.0334866594466257,0.010320903687576656,-0.04081696020808039,-0.04265733591236088,0.007498001444482195,-0.019499633795349615,0.023224743976490825,0.013543437950961254,-0.019265406684339004,-0.005043689610161061,-0.013415616609528492,-0.027459640954098075,-0.023926973191915123,0.05339691708718959,-0.0002711736358526011,0.0008342959748346855,0.019994886020474143,0.0038145429443266453,-0.009351254511619318,-0.034531748318937426,0.012407084186316092,0.011629282330662917,-0.019407207695804635,0.002948889390947102,0.02828962546534296,-0.014570691811005138,-0.02090832989618343,0.00438761935453146,-0.03785501751645807,0.004428667618892562,0.010588127865328093,0.023235351441670327,0.009967891349965171,-0.04648014704907248,1.0,0.023880558619407695,-0.0027565152627193157,0.04914001858332406,-0.035439607614875114,0.029973224455114866,0.0696120380023071,0.03395564252891939,0.005373358456417438,-0.046665202045851145,-0.04054643559347485,0.006809217136879763,-0.02258692525850054,0.020627223119347234,0.009309350840691935,-0.009431458217853236,0.0005078383999798227,-0.009810971061267203,-0.02538607650335202,-0.030406903902051915,0.05397809650956032,-0.0008274318969601202,0.004205456332336253,0.0199938000729214,0.011632983835835733,-0.00801142392474066,-0.04409616946884408,0.00734428930860013,0.006794054684610915,-0.017895565080849957,0.0028101813310300572,0.03146224647466477,-0.002716645532713802,-0.02277704787746072,-0.0004287421680979436,-0.03805646411195007,0.0025642104084181647,0.006942706365564807,0.029530491245394096,0.014414336099482412,-0.04559456784874298
3.4101587915954075,0.6200293517485918,0.8868205510052122,5.0,81.0,116.0,117.0,77.0,82.0,7.0,36.0,11.0,6.0,8.0,9.0,134.0,93.0,129.0,125.0,116.0,130.0,39.0,125.0,102.0,98.0,110.0,80.0,0.22162162162162163,0.3801801801801802,0.3981981981981982,0.3036690085870414,0.3442622950819672,0.3520686963309914,0.017870439314966492,0.0037230081906180195,0.010424422933730455,0.011913626209977662,0.014147431124348473,0.011169024571854059,0.0007446016381236039,0.007446016381236039,0.005956813104988831,0.0014892032762472078,0.03276247207743857,0.008935219657483246,0.04095309009679821,0.005956813104988831,0.023827252419955324,0.022338049143708117,0.008935219657483246,0.0037230081906180195,0.006701414743112435,0.0052122114668652275,0.0029784065524944155,0.02531645569620253,0.0022338049143708115,0.04244229337304542,0.012658227848101266,0.017870439314966492,0.029039463886820552,0.045420699925539834,0.0022338049143708115,0.035740878629932984,0.022338049143708117,0.0052122114668652275,0.11094564408041697,0.0022338049143708115,0.04765450483991065,0.022338049143708117,0.04169769173492182,0.06403574087862993,0.07073715562174236,0.0052122114668652275,0.05212211466865227,0.008935219657483246,0.006701414743112435,0.04839910647803425,0.0007446016381236039,0.014892032762472078,0.0022338049143708115,0.004467609828741623,0.008190618019359643,0.0007446016381236039,1.0,0.09270612281121826,0.03420834730419436,0.02290601371965058,0.023044666057235215,0.038385919671081056,0.025535570814505016,-0.01659148416732155,0.08855469986099647,0.0527660759037383,0.0008638388695508857,0.013142007475294197,0.00041467083469414124,0.020798000389955665,0.05863248960987226,0.05374999881748643,0.0012779912307462169,0.04332085094649894,0.06741296223213428,0.007036115461813837,-0.018044413784287203,0.03082053288714383,-0.012384536325122356,-0.05004891207206723,-0.031777435461223844,0.01940811719183984,0.030273110163378247,0.04246546446579156,0.01801731251416642,0.03175954789476035,0.020185742710504995,0.05968432015309729,0.05039701887029051,0.0898743663781982,-0.018737917549895768,0.04465240666341579,0.02825330090242248,-0.018984369642909782,-0.006578524305819609,-0.008311741986568519,0.026543013281074876,1.0,0.09277520337963202,0.025874839009783088,0.017623965278061482,0.018761978493207713,0.033962199951348845,0.017845606510440058,-0.023558546194144683,0.09083928899032388,0.03678579296841638,-0.013533935242876863,0.008500822111967496,-0.004496005522417524,0.014739285008553977,0.04989044669922325,0.04773312382821628,-0.017082658176576462,0.032837999834367075,0.05972708496076352,-0.01274005218450524,-0.0273796519353174,0.033426221508405615,-0.0292221100276379,-0.06965168901481342,-0.02348527661634869,0.028517972283052008,0.0140005121509783,0.035671468444683156,0.01944125725703075,0.01987175094586507,0.00871565694750457,0.0638488745010587,0.03784401131485456,0.07532682041903392,-0.04121494249047538,0.031775415299999936,0.008271599536680158,-0.02501969900589244,-0.0030653474821133427,-0.02150823500101302,0.02164625282606637
3.5654169668451807,0.6533531979739358,0.8868205510052122,18.0,96.0,120.0,97.0,76.0,84.0,32.0,35.0,31.0,11.0,18.0,2.0,134.0,101.0,131.0,125.0,116.0,129.0,77.0,125.0,108.0,116.0,113.0,86.0,0.22096774193548388,0.3467741935483871,0.432258064516129,0.28508449669360764,0.34166054371785454,0.3732549595885378,0.011913626209977662,0.005956813104988831,0.012658227848101266,0.011169024571854059,0.01712583767684289,0.014147431124348473,0.0007446016381236039,0.014147431124348473,0.007446016381236039,0.0029784065524944155,0.040208488458674606,0.011169024571854059,0.04244229337304542,0.004467609828741623,0.014892032762472078,0.0193596425912137,0.018615040953090096,0.0037230081906180195,0.00967982129560685,0.010424422933730455,0.005956813104988831,0.03276247207743857,0.004467609828741623,0.02680565897244974,0.018615040953090096,0.011913626209977662,0.03723008190618019,0.0387192851824274,0.004467609828741623,0.04244229337304542,0.02308265078183172,0.011913626209977662,0.08339538346984364,0.0029784065524944155,0.04393149664929263,0.02680565897244974,0.03201787043931496,0.06254653760238273,0.06031273268801191,0.007446016381236039,0.029039463886820552,0.022338049143708117,0.012658227848101266,0.04095309009679821,0.0022338049143708115,0.0193596425912137,0.0037230081906180195,0.008190618019359643,0.007446016381236039,0.0029784065524944155,1.0,0.007337846345586961,0.03253775571563609,-0.011115405415549695,0.04517727304694152,0.017277016377859455,-0.04251405792874371,-0.00964842454305111,0.03059337279685306,-0.005920066955054962,-0.00925534890795164,0.016127464871903894,0.015349200792486053,0.012518905703278748,-0.012636943461448584,0.002843661333108489,-0.020886514009775644,0.01661648083887816,0.022204830691387432,-0.06273819818376386,-0.011410008755203729,0.009069983240728413,0.014260147151491868,-0.04040680420044474,-0.0034390638915368097,0.010241508498054658,0.03645320747445801,0.01686031263054448,0.061023273633151125,0.028064625801850332,0.013588992916540994,0.015756680748967702,-0.005685014956263225,-0.02849660370767519,-0.06524550848633522,0.005410140141119139,0.04644452325685106,-0.005007375024932963,-0.0015488484375232262,0.05488104086682109,0.05581506894673807,1.0,0.00734331418936162,0.0325341134303249,-0.011623634437971079,0.04447356014244746,0.017445556790969385,-0.04612646332284568,-0.009125273272731207,0.032389815625113304,-0.00854837834730987,-0.007928095766879351,0.020276074764206384,0.011185987162288781,0.0096385344055915,-0.009680786635314678,0.001298530960858089,-0.024061678232525134,0.017303598291722073,0.026725766256060643,-0.06621956869287378,-0.011385740034438513,0.014152728347708352,0.009396543108063772,-0.0378109303214544,0.0034680151079334674,0.006719492932077082,0.030852576442121627,0.026007415757832775,0.06350753025368522,0.02025154243724867,0.005733749327684135,0.01957248640817001,-0.008714678841048458,-0.03593391033940651,-0.06288315369159793,0.006700418547605933,0.05201775830521092,-0.0019375286529834499,-0.002480905857011106,0.05085714836526122,0.048706982392802786
3.4994696616110277,0.6340708958003562,0.8860759493670886,0.0,116.0,122.0,109.0,78.0,71.0,25.0,38.0,9.0,4.0,11.0,4.0,134.0,117.0,123.0,119.0,115.0,130.0,99.0,121.0,117.0,113.0,117.0,108.0,0.18568994889267462,0.34071550255536626,0.4735945485519591,0.2724699221514508,0.3283793347487615,0.3991507430997877,0.01712583767684289,0.006701414743112435,0.017870439314966492,0.014147431124348473,0.011913626209977662,0.011913626209977662,0.0014892032762472078,0.006701414743112435,0.0052122114668652275,0.0029784065524944155,0.04839910647803425,0.011913626209977662,0.044676098287416234,0.004467609828741623,0.016381236038719285,0.021593447505584513,0.014147431124348473,0.0022338049143708115,0.01340282948622487,0.0022338049143708115,0.0037230081906180195,0.02531645569620253,0.0022338049143708115,0.02531645569620253,0.011913626209977662,0.018615040953090096,0.026061057334326135,0.03127326880119136,0.008190618019359643,0.0387192851824274,0.027550260610573342,0.014147431124348473,0.09977661950856292,0.0029784065524944155,0.054355919583023084,0.018615040953090096,0.044676098287416234,0.05658972449739389,0.06626954579300075,0.008190618019359643,0.028294862248696945,0.017870439314966492,0.005956813104988831,0.049143708116157855,0.0037230081906180195,0.011169024571854059,0.005956813104988831,0.007446016381236039,0.010424422933730455,0.0,1.0,0.004164493373389952,-0.017413746621807447,-0.01929306994994634,-0.007879019081597332,0.011967702168722429,-0.029537610879473236,-0.006447984020708865,0.023898803780372877,0.021132904954706787,-0.04545563362157142,0.025940695211711145,0.013000321574309396,0.015533619490921568,-0.0097901687138014,-0.03406003201634975,0.037643303659087926,0.013922583452436067,0.013119365671280973,0.00954244324993439,0.02765478108219113,0.006529905463264495,-0.0136358882547464,0.011983011832209794,0.014479540136519576,0.021685980357775376,-0.023555588451510293,0.019236453719401227,0.029733221049731046,0.0004752755918398354,0.029428908215147247,-0.00319718198681715,-0.0023826162744526743,0.024236243070501935,0.01347326253267627,0.0016592907757318085,0.026475991856259658,-0.04472809820744205,-0.00440897135943842,-0.0023468429506624507,-0.0729786882678446,1.0,0.004167596572624969,-0.017457389983026712,-0.019195740899437614,-0.008055637860895203,0.011411342878166598,-0.03043545857230792,-0.006151160071446301,0.02347533598678646,0.01993528139038288,-0.04615739701712919,0.02890391790581532,0.011877690989884546,0.014112678457921128,-0.008606498585622019,-0.030327744447210602,0.035507236912420935,0.012429130671636285,0.015368347547730797,0.012703343738181432,0.026515859154934814,0.006015110569401601,-0.010907473607114387,0.017414801450953237,0.013770729471501663,0.01748971022487964,-0.018250661750323176,0.0217411227508837,0.02888626970460464,-0.002457502951378254,0.03328133474608354,0.0006949932372181639,-0.006011875055017033,0.02630972526380189,0.016896986095542344,0.00362395520799562,0.022692213982748764,-0.046185392139360536,-0.0025719478272846355,-0.004631000378158505,-0.07605508604545289
3.439465863742432,0.6345398888574802,0.8838421444527178,15.0,70.0,114.0,102.0,55.0,66.0,16.0,51.0,36.0,19.0,13.0,2.0,134.0,83.0,122.0,118.0,112.0,128.0,37.0,122.0,98.0,105.0,120.0,70.0,0.23613595706618962,0.37924865831842575,0.38461538461538464,0.3074459567654123,0.3466773418734988,0.3458767013610889,0.008935219657483246,0.0022338049143708115,0.011913626209977662,0.011913626209977662,0.014892032762472078,0.01340282948622487,0.0014892032762472078,0.012658227848101266,0.0029784065524944155,0.004467609828741623,0.03723008190618019,0.005956813104988831,0.035740878629932984,0.00967982129560685,0.02531645569620253,0.02531645569620253,0.014147431124348473,0.0022338049143708115,0.006701414743112435,0.0022338049143708115,0.004467609828741623,0.027550260610573342,0.0014892032762472078,0.029784065524944156,0.011913626209977662,0.01340282948622487,0.040208488458674606,0.04169769173492182,0.004467609828741623,0.0379746835443038,0.0193596425912137,0.014147431124348473,0.10275502606105734,0.0022338049143708115,0.05361131794489948,0.018615040953090096,0.03648548026805659,0.058823529411764705,0.0781831720029784,0.0052122114668652275,0.0379746835443038,0.014892032762472078,0.006701414743112435,0.05658972449739389,0.0037230081906180195,0.011169024571854059,0.0007446016381236039,0.0052122114668652275,0.010424422933730455,0.0007446016381236039,1.0,0.04171160971373471,-0.00386861703755554,0.05204158396879152,0.036241714045138644,0.05873271451034596,0.06459032460934609,0.031318135150108804,0.05122830904069902,0.07453688050604768,0.03800531327687754,0.0027423323750689734,0.038292962464555116,0.001980724849589455,0.013271413086651085,0.07978150368908046,0.08022212918680188,-0.015704686297239243,0.038928999213773754,0.04593808817638293,0.04543351238916284,0.02662551074128718,-0.005232251761464796,0.021058176594780625,0.04156527732415908,0.026788183076862936,0.01014128405360823,0.008412465351787623,0.027385090039490235,0.0067080794321895875,0.0216029949745065,-0.003421281048021382,-0.018467967006381193,0.01870741758337014,0.010504499281585549,0.0676949886624604,-0.0039679413277103415,0.02007595172697068,0.03808170443335523,0.00039183751627789,0.0317511467899009,1.0,0.041742691390123494,-0.0056266432288915565,0.052649005820509014,0.03206258250821604,0.057050349773223444,0.05852848246390773,0.024622231797206247,0.04435121607115677,0.06346804783565299,0.02574235970642699,-0.010329714478439861,0.02456003812324769,-0.01547465462431275,-0.0003414640208417349,0.0649138317513385,0.06859265192292405,-0.029222948052017056,0.027709905128238947,0.03025555928807467,0.03357563120812594,0.006310575393201132,-0.020138598785133063,0.007875833355439706,0.015511599721875975,0.006784110054803201,-0.0004218984392061417,-0.004617638990220869,0.012441120699264374,-0.004209672877824566,0.008053698354835824,-0.020363225717762865,-0.02736391507909761,0.0103567647455347,-0.005336310416577175,0.061290227581528245,-0.017815261261102836,0.023206484733241977,0.030908217612275087,-0.013710384183711863,0.022310844568519735
3.490771099077824,0.6341982705489001,0.8860759493670886,12.0,113.0,122.0,120.0,94.0,91.0,39.0,46.0,28.0,16.0,4.0,2.0,134.0,116.0,125.0,123.0,126.0,130.0,97.0,127.0,126.0,124.0,121.0,105.0,0.21688500727802038,0.37554585152838427,0.40756914119359533,0.2689133425034388,0.343191196698762,0.3878954607977992,0.01712583767684289,0.00967982129560685,0.018615040953090096,0.01563663440059568,0.020104244229337303,0.017870439314966492,0.0007446016381236039,0.00967982129560685,0.0022338049143708115,0.0007446016381236039,0.035740878629932984,0.011913626209977662,0.03127326880119136,0.006701414743112435,0.0193596425912137,0.01563663440059568,0.017870439314966492,0.0022338049143708115,0.010424422933730455,0.004467609828741623,0.0014892032762472078,0.02531645569620253,0.0014892032762472078,0.03052866716306776,0.012658227848101266,0.010424422933730455,0.03052866716306776,0.044676098287416234,0.005956813104988831,0.035740878629932984,0.027550260610573342,0.011169024571854059,0.10722263588979895,0.0022338049143708115,0.04988830975428146,0.028294862248696945,0.040208488458674606,0.06180193596425912,0.0573343261355175,0.00967982129560685,0.03723008190618019,0.01712583767684289,0.008190618019359643,0.04095309009679821,0.0029784065524944155,0.01712583767684289,0.0014892032762472078,0.0052122114668652275,0.006701414743112435,0.0007446016381236039,1.0,0.046010042486268374,0.003083880705134869,0.05130896099561116,0.018494361707898394,-0.00030653956949811554,0.026853465925562613,0.04184574981995,0.0003214647409143843,0.0035367939679318535,0.034470712981215554,0.007102514246620133,-0.003871507157038816,-0.0060873831443694,-0.04141434957569518,-0.027261437134977227,0.03853064163461463,0.022277713354276748,0.002989467920236648,-0.044689753732349895,0.01719465570420747,0.01981976090591864,-0.04364799361905298,-0.01526807838079655,-0.002803345275572002,-0.03871346425769791,0.040640030484304444,0.05522636379983857,0.035499707409551134,0.03948191889911396,-0.024989850533706937,-0.010177925780537474,-0.03536770402785925,-0.0064873306872649285,-0.049656123850182726,-0.026104666362859612,0.0023493458842051658,0.024658354947703243,0.020432876406648374,0.012421659579128521,-0.055686116464173374,1.0,0.04604432716770374,0.0009704574629823093,0.05134598461432918,0.013892817016881552,-0.0018818435181781393,0.024569169291954924,0.03829492114070705,-0.0034189942892050174,0.0012152211651940052,0.029951609727763118,0.003341085100417816,-0.005040337258728188,-0.011008327372053503,-0.04436877225849746,-0.023569721839345924,0.04086469371316237,0.020931620372572526,0.004757419105533726,-0.048921427510220175,0.02002438888050579,0.02240307148502569,-0.041916820470803876,-0.01618529283199583,-0.003052842742673989,-0.03190682588694786,0.04854009544919764,0.048826413751771616,0.03344286489295616,0.04015277085240071,-0.032622899282776174,-0.009100657344925269,-0.038784461942684506,-0.012220660436307228,-0.05641425011834498,-0.016044411112445926,-8.027459877165862e-05,0.025530945572137278,0.02282005873913856,0.01558703316035911,-0.051939472228500476
3.442253096137306,0.6073973700866413,0.8726731198808637,3.0,88.0,122.0,116.0,84.0,73.0,20.0,33.0,3.0,11.0,13.0,13.0,134.0,103.0,128.0,123.0,117.0,130.0,51.0,124.0,107.0,113.0,121.0,91.0,0.18825561312607944,0.3696027633851468,0.4421416234887737,0.28912071535022354,0.34277198211624443,0.368107302533532,0.011913626209977662,0.006701414743112435,0.00967982129560685,0.011169024571854059,0.01340282948622487,0.00967982129560685,0.0014892032762472078,0.011913626209977662,0.0037230081906180195,0.0029784065524944155,0.04318689501116903,0.005956813104988831,0.04393149664929263,0.004467609828741623,0.02084884586746091,0.021593447505584513,0.016381236038719285,0.0037230081906180195,0.011169024571854059,0.005956813104988831,0.0007446016381236039,0.034996276991809384,0.0014892032762472078,0.029039463886820552,0.011913626209977662,0.014892032762472078,0.028294862248696945,0.04244229337304542,0.006701414743112435,0.04318689501116903,0.027550260610573342,0.010424422933730455,0.10349962769918093,0.0014892032762472078,0.05658972449739389,0.02308265078183172,0.0387192851824274,0.06924795234549516,0.0573343261355175,0.0052122114668652275,0.0387192851824274,0.014147431124348473,0.00967982129560685,0.04318689501116903,0.0,0.01340282948622487,0.0037230081906180195,0.005956813104988831,0.004467609828741623,0.03648548026805659,1.0,0.04049325034688393,0.017901040610279757,-0.0025882424689789604,0.051394064510262606,0.010623233926527838,0.03970427374596856,0.007553288875749614,-0.016040246066619697,-0.006517720640897423,0.04835861966906703,0.012232595029451118,-0.006472142328568007,-0.010639898713452675,0.00749064954828055,0.029737258945952603,-0.020559102926822392,0.024102743740250464,-0.01164699641164949,0.0169359763908388,-0.02014490885685445,0.01627434787826849,-0.0385090404717734,-0.01398903250189151,0.0201124841279315,0.03130143806738133,-0.00040510439431839775,0.02090134834034969,0.009017991283689323,-0.020978539134163556,0.013197681805755559,0.022323584638079052,0.04183288451984677,0.01948466642347394,-0.01562376055699166,0.003815028641505158,-0.018791015469664815,-0.02452083221897909,0.03003812469991462,-0.03796815623500948,-0.008364917996681584,1.0,0.04052342415489204,0.016312378089696253,-0.003977300894413503,0.05161634332679669,0.006681917449909414,0.0376177058019105,0.004717171957845663,-0.020507321455358492,-0.005811692222896537,0.04610468616077219,0.00742398004655181,-0.008641209647731598,-0.009610660315882046,0.005430149329003125,0.029146705636616595,-0.026870821934052158,0.025125112309604583,-0.011182940294465881,0.01614382206792341,-0.022150669002392598,0.011919647192414042,-0.03702880555461642,-0.01253618121519219,0.024717318960650422,0.02575779392888758,0.0030067055483029357,0.020858009845553742,0.008892769953381965,-0.02662972376441918,0.013961544755125064,0.01718940103309753,0.0418763248539347,0.02163664756175252,-0.024484441140600763,0.003784215824709606,-0.026763967141401154,-0.025790115590779043,0.02951543281451595,-0.039685573268109314,-0.0033295681142954947
3.459620487514297,0.6368258170791076,0.8793745346239762,2.0,110.0,121.0,113.0,87.0,111.0,59.0,31.0,4.0,11.0,7.0,0.0,134.0,111.0,126.0,118.0,110.0,130.0,109.0,122.0,111.0,111.0,119.0,110.0,0.21951219512195122,0.3277439024390244,0.4527439024390244,0.2735648476257973,0.3189227498228207,0.407512402551382,0.022338049143708117,0.007446016381236039,0.01340282948622487,0.012658227848101266,0.01340282948622487,0.01563663440059568,0.0022338049143708115,0.011169024571854059,0.0037230081906180195,0.0014892032762472078,0.03648548026805659,0.010424422933730455,0.03201787043931496,0.006701414743112435,0.018615040953090096,0.027550260610573342,0.014892032762472078,0.0007446016381236039,0.008190618019359643,0.006701414743112435,0.0014892032762472078,0.021593447505584513,0.0022338049143708115,0.02531645569620253,0.011913626209977662,0.00967982129560685,0.029784065524944156,0.04765450483991065,0.0037230081906180195,0.03052866716306776,0.028294862248696945,0.01563663440059568,0.1169024571854058,0.0022338049143708115,0.04765450483991065,0.018615040953090096,0.039463886820551006,0.06031273268801191,0.07297096053611318,0.007446016381236039,0.02680565897244974,0.0193596425912137,0.006701414743112435,0.05212211466865227,0.0037230081906180195,0.014892032762472078,0.0014892032762472078,0.007446016381236039,0.006701414743112435,0.0014892032762472078,1.0,0.04439925560459765,0.028942516702467974,0.06100140120369768,0.040167540870117945,0.005754981959481891,-0.009787061825211886,0.05023072400941655,-0.0008046316815781051,0.03609744003915152,0.04404011175966008,-0.025937399082327735,0.0030403112419057072,-0.018953956734469042,-0.00744405386475701,-0.013064155133688223,0.030574892294843333,-0.006765010668871841,0.02243173928314696,0.000376582309323613,0.025582440290782535,0.0028525809772442026,0.027722092557780426,0.015579885417753235,-0.017559128868029867,0.004623530103970457,0.015657323213929784,0.005963888683338761,0.013646928111096239,0.005202019458881752,0.00039146052071504584,0.017783582165398725,0.008468543615651573,-0.004689484917453571,-0.041866866505965605,0.002209305647648611,0.014090370161873993,-0.028943457878432187,-0.0002615012901557253,0.007999983613363359,-0.02895765500910896,1.0,0.04443233999774563,0.027064881816231005,0.058841554426136554,0.03462994604482155,-0.0004720669621577109,-0.015622755766933925,0.04730226287808389,-0.005826127368371205,0.035846783696454255,0.037303599543501445,-0.03464162162201651,-0.0007357134179606745,-0.02389937540712241,-0.007984402254661776,-0.008153000364986342,0.03299314972542577,-0.011188435553097622,0.026211024776180588,-0.00815365930757476,0.02642047764617783,0.0013617332758169508,0.028532589056780966,0.009871024074405694,-0.020587266253585926,-0.0020172325801964828,0.011580363763570979,0.004441295711790379,0.012297757282434528,0.0016176672985500097,-0.006658492486857973,0.019910844640210677,0.0017886481543623297,-0.002829338193159105,-0.04448801763405116,0.003622479049744897,0.013584534377846832,-0.02506432148998036,-0.0013383283538509227,0.008471612748272976,-0.03111935628475662
3.496034081682687,0.6127123932296803,0.8860759493670886,26.0,109.0,124.0,118.0,94.0,109.0,33.0,57.0,8.0,10.0,8.0,2.0,134.0,110.0,131.0,127.0,113.0,130.0,109.0,128.0,117.0,119.0,127.0,110.0,0.27507163323782235,0.32951289398280803,0.3954154727793696,0.26941580756013744,0.32714776632302406,0.4034364261168385,0.014892032762472078,0.00967982129560685,0.012658227848101266,0.014892032762472078,0.011913626209977662,0.01563663440059568,0.0014892032762472078,0.008935219657483246,0.0022338049143708115,0.0037230081906180195,0.03350707371556218,0.011913626209977662,0.04318689501116903,0.007446016381236039,0.018615040953090096,0.03276247207743857,0.0193596425912137,0.0022338049143708115,0.007446016381236039,0.005956813104988831,0.0029784065524944155,0.029039463886820552,0.0022338049143708115,0.02680565897244974,0.007446016381236039,0.0052122114668652275,0.024571854058078928,0.04765450483991065,0.0052122114668652275,0.03723008190618019,0.02531645569620253,0.01563663440059568,0.10275502606105734,0.0014892032762472078,0.04393149664929263,0.022338049143708117,0.03052866716306776,0.06329113924050633,0.06254653760238273,0.005956813104988831,0.035740878629932984,0.01712583767684289,0.011913626209977662,0.04765450483991065,0.0037230081906180195,0.016381236038719285,0.0007446016381236039,0.016381236038719285,0.008935219657483246,0.0007446016381236039,1.0,-0.0202106296087522,-0.017943432064943834,-0.01342547792639482,-0.023016584647808758,-0.006627094715781235,0.011496581609895222,0.001273187258293992,0.009752669138784587,-0.03669768234417878,-0.015888590213957266,-0.027747025084162387,0.028383959007556785,0.01017930564296316,0.02346057283065166,0.06710716876690999,0.03720376092569557,0.012823417400292534,-0.04316164113812553,-0.034180386861112425,0.016375772742533514,-0.0036487680450150366,0.020974180607972646,0.01491429058875891,0.015279903035807948,-0.0012636441670622574,-0.003782984113658347,0.028191188905413053,0.015525376583895634,0.004540345309205172,0.009291247983426997,-0.0123753874104486,0.03658073327473754,-0.00654743218419468,-0.008800598666612498,-0.015350701028068398,-0.01935547580596011,-0.011402481928438759,0.04345806505536124,0.029492275537774955,0.01666094638244865,1.0,-0.020225689690427883,-0.01838679350152433,-0.014208176668711974,-0.024011833081092438,-0.008161069370239249,0.010178012269222653,0.0008016002929746401,0.0095153722029215,-0.036595750187299034,-0.01676202325969745,-0.02967497807720572,0.026198782724263396,0.008342704155720861,0.02297358241448075,0.06949902635783198,0.0434734126128987,0.020698075101704457,-0.040294850665881995,-0.03306025277847488,0.012944490013885276,-0.004845717068490872,0.019009730335728055,0.016868689568990135,0.0238788422235168,0.007645633496636451,0.0033632388778319223,0.026151816429023676,0.010166568596833906,-0.0010350991379947637,0.0037491846778518107,-0.012568077183171843,0.03814165832750225,0.0037336864120244956,-7.864648776352291e-05,-0.014360648165779146,-0.021934511759808668,-0.018597880363059073,0.03947938729570816,0.027501580232828005,0.016073121997534762
3.5007969002925505,0.6346684369883573,0.8801191362620998,14.0,117.0,128.0,127.0,85.0,57.0,15.0,47.0,25.0,18.0,16.0,5.0,134.0,122.0,131.0,127.0,126.0,130.0,123.0,129.0,123.0,125.0,127.0,117.0,0.18042813455657492,0.38990825688073394,0.42966360856269115,0.25957727873183617,0.33091149273447823,0.4095112285336856,0.01340282948622487,0.011913626209977662,0.020104244229337303,0.01563663440059568,0.01563663440059568,0.014892032762472078,0.0029784065524944155,0.0052122114668652275,0.0029784065524944155,0.0037230081906180195,0.04393149664929263,0.012658227848101266,0.02680565897244974,0.004467609828741623,0.016381236038719285,0.02680565897244974,0.014147431124348473,0.0029784065524944155,0.006701414743112435,0.005956813104988831,0.0037230081906180195,0.024571854058078928,0.0022338049143708115,0.027550260610573342,0.012658227848101266,0.01340282948622487,0.020104244229337303,0.049143708116157855,0.0052122114668652275,0.024571854058078928,0.028294862248696945,0.012658227848101266,0.10871183916604617,0.0029784065524944155,0.04244229337304542,0.024571854058078928,0.04169769173492182,0.0573343261355175,0.07073715562174236,0.006701414743112435,0.0379746835443038,0.02084884586746091,0.0052122114668652275,0.049143708116157855,0.005956813104988831,0.011913626209977662,0.004467609828741623,0.010424422933730455,0.0052122114668652275,0.0022338049143708115,1.0,0.007402032339233891,0.010671152756889806,-0.011302383871137517,-0.017874119254301987,-0.0024617684727038483,-0.0017097952739077086,-0.0196094239926299,-0.011082807336906076,-0.02135815294706887,0.007221106396532763,0.026528940072619255,-0.006727810552192719,0.04646518445772162,0.06651858328310528,-0.02117343706556401,-0.04135794865425693,-0.041420630356535766,-0.045516243606169716,0.010484825920111476,0.0244990106107259,0.03259018642608444,-0.018157575222489526,-0.02774436203707866,-0.0029329303343280165,0.017012058972222435,-0.02786950526130222,-0.018911345635553228,0.0401574940185021,-0.026349503585119293,0.02129438576191053,-0.0437110060165775,-0.005236954091324738,-0.0233559841868137,-0.025933279492231252,-0.027109241687013765,-0.011214821791107301,-0.0005320494333936003,0.006499928840429732,0.025402384001148758,-0.028551960682685163,1.0,0.0074075480116178125,0.010632779645398091,-0.011486702631895485,-0.01787791817306106,-0.001964954128192592,-0.001428278399060183,-0.02005964952187901,-0.011210982174980585,-0.0210513506606818,0.00730372136381611,0.026161611583265645,-0.008307624483171664,0.045846579550442954,0.06737865142328864,-0.02304730637184593,-0.04342736273086552,-0.038298418491786855,-0.042629721705955345,0.011155708713156992,0.02672089947528376,0.03389597967339025,-0.018450115531220723,-0.028191143585578626,-0.008433533299168319,0.01182471968818693,-0.03132895194791132,-0.025033894227859562,0.0449324762577882,-0.017307991343025346,0.02712056161763055,-0.04072362063604484,-0.005745311950795729,-0.032311945521360665,-0.03828929989100817,-0.0336863262794821,-0.004444947483635791,0.013248496618939256,0.0053673715916898864,0.022850217106289566,-0.03172586726276915
3.5312409249761343,0.6680811246523859,0.8771407297096053,1.0,111.0,123.0,108.0,94.0,61.0,35.0,43.0,19.0,22.0,8.0,2.0,134.0,110.0,129.0,117.0,117.0,118.0,99.0,118.0,111.0,117.0,115.0,111.0,0.1674641148325359,0.3875598086124402,0.4449760765550239,0.26504297994269344,0.330945558739255,0.4040114613180516,0.014147431124348473,0.008935219657483246,0.010424422933730455,0.01563663440059568,0.01340282948622487,0.014892032762472078,0.0014892032762472078,0.005956813104988831,0.004467609828741623,0.0037230081906180195,0.03648548026805659,0.01340282948622487,0.02680565897244974,0.0052122114668652275,0.02531645569620253,0.02084884586746091,0.010424422933730455,0.0029784065524944155,0.007446016381236039,0.008935219657483246,0.0022338049143708115,0.02680565897244974,0.0029784065524944155,0.03127326880119136,0.011169024571854059,0.01340282948622487,0.03201787043931496,0.04169769173492182,0.006701414743112435,0.03723008190618019,0.026061057334326135,0.017870439314966492,0.09977661950856292,0.0037230081906180195,0.04988830975428146,0.03052866716306776,0.03052866716306776,0.055100521221146684,0.06180193596425912,0.011913626209977662,0.03648548026805659,0.01712583767684289,0.008190618019359643,0.049143708116157855,0.0014892032762472078,0.0193596425912137,0.004467609828741623,0.006701414743112435,0.012658227848101266,0.0007446016381236039,1.0,0.01798060243724848,-0.03652922310999194,-0.014111912615895828,0.002831583110398435,0.018187352933390813,0.025704063370868408,-0.02728030003398391,-0.0275596869869906,-0.01658271992319604,0.023479154570989712,-0.011183682093237642,-0.008665610154854737,-0.017571952501272928,0.023500099627271804,-0.017722587454496362,0.04531227992584719,0.029374179740629044,-0.023230322836181656,-0.027284450294587436,-0.010075399627995819,-0.01235371273867262,-0.004442301943468975,-0.031211390885512252,-0.021791899914508958,-0.03382118496249361,-0.01485250852601058,0.00013274003307725164,-0.026273143636968872,-0.030122423321968256,-0.00012522634716103967,0.04662746000835417,0.02422731539669735,-0.041246172604582014,0.00377101518839591,0.01457883236837467,0.023501302867883565,0.008206179787035243,-0.001198895284302475,-0.025353632678510173,-0.011740988728767039,1.0,0.01799400079972033,-0.03691944167304614,-0.012818203661814997,0.001989674993275861,0.017211696858290347,0.025223891415497326,-0.02706213794597165,-0.024516793401425027,-0.017214109757296977,0.021362680966712903,-0.014711862993759732,-0.006722765193939411,-0.015607076082735196,0.024646270128618593,-0.02148783679485103,0.045940003521143254,0.028674370260246232,-0.020982009849040133,-0.02417382706486446,-0.013268694405864274,-0.014423894103876567,-0.008883625767865756,-0.03081891782850449,-0.018465422598265696,-0.0316497384571625,-0.019296461499687275,-0.0032439238147606545,-0.028664300341261495,-0.026473096469022725,-0.0039773636668986425,0.04438954310927127,0.019203260412014575,-0.04413251707761207,0.008364016882037478,0.015830564273448925,0.01947889619485933,0.00434862178209515,0.0019372973534289414,-0.017732233391280917,-0.011301898955157725
3.5190746774516595,0.6116085932318213,0.885331347728965,0.0,106.0,125.0,93.0,75.0,75.0,33.0,48.0,35.0,8.0,20.0,0.0,134.0,107.0,129.0,119.0,122.0,126.0,105.0,123.0,113.0,117.0,115.0,105.0,0.19902912621359223,0.3414239482200647,0.459546925566343,0.2706713780918728,0.33286219081272084,0.39646643109540636,0.01563663440059568,0.008935219657483246,0.017870439314966492,0.016381236038719285,0.02084884586746091,0.01340282948622487,0.0014892032762472078,0.004467609828741623,0.0052122114668652275,0.0037230081906180195,0.034996276991809384,0.007446016381236039,0.034996276991809384,0.011169024571854059,0.020104244229337303,0.024571854058078928,0.011169024571854059,0.0022338049143708115,0.008935219657483246,0.0052122114668652275,0.0014892032762472078,0.0193596425912137,0.0037230081906180195,0.027550260610573342,0.014892032762472078,0.011169024571854059,0.027550260610573342,0.04095309009679821,0.006701414743112435,0.0387192851824274,0.02084884586746091,0.01340282948622487,0.10796723752792256,0.0037230081906180195,0.04765450483991065,0.027550260610573342,0.029784065524944156,0.06329113924050633,0.06701414743112435,0.010424422933730455,0.03201787043931496,0.01563663440059568,0.008190618019359643,0.0387192851824274,0.004467609828741623,0.02084884586746091,0.0022338049143708115,0.0193596425912137,0.0052122114668652275,0.0007446016381236039,1.0,0.04154269362923514,0.07875444439893027,-0.017936424389836322,-0.028153690823271366,0.02403655842599681,0.02440607144689544,0.036825137616715735,0.01128577091347725,0.010636153615550327,0.012283645031569224,0.01101268577092045,0.02131220142662762,-0.03329190463392869,-0.018502341663404955,-0.022240235085688686,0.03171945637389493,0.02837721685038005,0.07146263321035269,0.05029731967473314,-0.01878179073295352,-0.0049720754711623325,-0.050011958988120025,-0.03255810334117327,0.010210608256032587,0.029772508402787647,0.0015483181221031068,0.03201139039593273,0.002069669626344438,-0.016176210522720356,-0.011386153274908812,0.03568158459833209,0.034603855324928275,0.034198640554460105,-0.017950074604330322,0.016235488396585784,-0.00819814059080992,-0.04769701584192258,-0.03364936732067569,-0.008676233914039735,-0.004422624527887597,1.0,0.04157364943670851,0.07727709564891781,-0.024402523600771883,-0.03294139574671831,0.030164325758263198,0.02709826800258418,0.029610345825479823,0.004743898956776792,0.007479607231522925,0.012888593114306898,0.00999965900705952,0.017449229838395378,-0.03824913251667086,-0.020038144748580993,-0.015388343126549613,0.03528252803865098,0.024086780393749268,0.06363887162960885,0.04364440497787161,-0.02708347206551216,-0.006165488814953615,-0.042909236676495086,-0.03364813766755272,0.011837306317208649,0.029396702758065135,-0.009973987851606556,0.028356682703547798,0.0019622515681929453,-0.017919273351933076,-0.010303634655446998,0.04745223308015308,0.03960326931419092,0.02663147019528505,-0.029537244704124752,0.007944609367386293,-0.014763814429161654,-0.06379345610883463,-0.03245605693566903,0.0072220888871329545,0.007503258435519974
3.466684351043465,0.6200017078223994,0.8816083395383469,13.0,111.0,123.0,117.0,78.0,101.0,14.0,40.0,39.0,12.0,11.0,0.0,134.0,113.0,127.0,117.0,117.0,128.0,111.0,126.0,117.0,123.0,117.0,111.0,0.2336874051593323,0.37329286798179057,0.3930197268588771,0.26925746009715473,0.3289382373351839,0.40180430256766136,0.016381236038719285,0.0052122114668652275,0.017870439314966492,0.014892032762472078,0.016381236038719285,0.01340282948622487,0.0014892032762472078,0.005956813104988831,0.0052122114668652275,0.0052122114668652275,0.0387192851824274,0.005956813104988831,0.04169769173492182,0.004467609828741623,0.01563663440059568,0.02531645569620253,0.020104244229337303,0.004467609828741623,0.008935219657483246,0.0037230081906180195,0.0022338049143708115,0.014147431124348473,0.0037230081906180195,0.028294862248696945,0.016381236038719285,0.011169024571854059,0.02308265078183172,0.03425167535368578,0.0052122114668652275,0.03723008190618019,0.03723008190618019,0.01340282948622487,0.10201042442293373,0.0022338049143708115,0.054355919583023084,0.028294862248696945,0.0387192851824274,0.054355919583023084,0.08265078183172003,0.004467609828741623,0.034996276991809384,0.01563663440059568,0.007446016381236039,0.04690990320178704,0.0022338049143708115,0.012658227848101266,0.0022338049143708115,0.005956813104988831,0.006701414743112435,0.0007446016381236039,1.0,0.0470157197947701,0.0033309965701521886,-0.015999679339558114,-0.02885634827821014,0.008777177517672444,0.019824254902697146,0.0005379477008122241,0.029479547049574104,0.012748084948677478,-0.030220119038743148,-0.027200058381411187,-0.023606689949505214,-0.009008718168178116,-0.030708815653974698,-0.016828121985120712,0.0008278202065375484,0.015522061165640196,-0.0280592090618916,-0.01104873078565697,-0.04417214480368821,0.021931453821844523,-0.018273721280425485,-0.02538673921109527,0.05159290389302323,0.025730540492278835,-0.02814284218540332,0.005622720325716941,-0.039002591309433315,0.007822899750190319,-0.014142777086577633,-0.02498604193624529,-0.0156851005667819,-0.015232084005484578,-0.0013734607092765487,0.00010228576226909238,0.022089102157428514,-0.0067856991370982885,-0.003398945747183688,-0.017463825111619397,-0.004666520383459445,1.0,0.04705075386317155,0.0011246808489121843,-0.016281263290954123,-0.027497062087013486,0.011570098590112274,0.01893355991223411,-0.0022230403349884132,0.029215972347568044,0.011301878554238915,-0.030930596686837415,-0.02434476783150105,-0.019653251659491222,-0.007726463956429821,-0.03418215020772348,-0.015945011231666115,0.0020364392043794167,0.014981686571401594,-0.029875527611031637,-0.006453597368457907,-0.04108948537170462,0.026360078618548364,-0.02312439979707151,-0.02592825349111767,0.05285859928661965,0.019799614272342093,-0.0335084763158434,0.009008410399864934,-0.03514881088740349,0.009097016004075267,-0.023480569478837088,-0.023653832194266658,-0.019836421202394393,-0.02014851056417591,-0.0012601896615632507,0.002345941358567079,0.024545157868753942,-0.009389798229064928,-0.005366901059197584,-0.011448166787022816,-0.005901028784878414
3.438197794530301,0.6447821431946098,0.874162323157111,11.0,77.0,119.0,111.0,93.0,89.0,23.0,27.0,11.0,13.0,10.0,3.0,134.0,90.0,124.0,121.0,117.0,122.0,67.0,117.0,99.0,109.0,109.0,86.0,0.21635434412265758,0.38841567291311757,0.39522998296422485,0.28803088803088805,0.3444015444015444,0.3675675675675676,0.012658227848101266,0.0037230081906180195,0.011169024571854059,0.00967982129560685,0.00967982129560685,0.012658227848101266,0.0,0.008935219657483246,0.0029784065524944155,0.005956813104988831,0.03127326880119136,0.008190618019359643,0.03425167535368578,0.008190618019359643,0.0193596425912137,0.022338049143708117,0.020104244229337303,0.0052122114668652275,0.008190618019359643,0.005956813104988831,0.0022338049143708115,0.024571854058078928,0.0022338049143708115,0.029784065524944156,0.014892032762472078,0.008190618019359643,0.034996276991809384,0.0387192851824274,0.004467609828741623,0.045420699925539834,0.023827252419955324,0.014147431124348473,0.11020104244229337,0.0029784065524944155,0.05361131794489948,0.022338049143708117,0.03276247207743857,0.06924795234549516,0.06850335070737155,0.004467609828741623,0.04393149664929263,0.023827252419955324,0.0052122114668652275,0.04765450483991065,0.0014892032762472078,0.01563663440059568,0.0022338049143708115,0.006701414743112435,0.0052122114668652275,0.03648548026805659,1.0,0.03221065588447496,0.04018750440736417,0.03019733825590398,0.02137224110803979,0.05586393030915239,0.00880932774200895,-0.000836227504576529,0.03532534077976804,0.022404903692605806,-0.005266611369683002,-0.022449770258924136,0.0421542400343823,0.06639495164978775,0.015270705335895873,-0.008166054990125089,-0.021558053208118974,0.021491911378127008,-0.0016125646795080951,-0.025707706674259586,0.03169038204283068,0.039782849975166346,0.01005103720576649,0.029302640265759534,-0.011357671014351164,0.004796070663244593,0.0036874513216482003,-0.02528530439776337,0.05592595193924449,0.00688806959324845,0.058247832294487954,0.03908470741922759,0.06093323067716811,0.021340048160079436,0.02205349005279922,0.008387156887795082,0.03390756109626463,0.0014876298587373398,0.023714245104068103,-0.04048795695827535,0.07002769759260827,1.0,0.03223465786352447,0.0392491506000645,0.027825051280640802,0.01815073181502202,0.052813489374223775,0.003364322014740388,-0.006430796459719881,0.032132660193338776,0.018674050990583727,-0.012021691560751106,-0.026114296753394144,0.04307328643492923,0.06326967910269682,0.007663151756467711,-0.014434636991565313,-0.02529812657371623,0.01587860814432563,-0.008013359838622442,-0.025605871343070682,0.034185384259375944,0.03761161155985033,0.0021399837794760963,0.02948176511046915,-0.00991796310019868,-0.006865492955489256,-0.008763312028761116,-0.02696754313606836,0.06093473422114314,0.004934223307706107,0.05381858845188393,0.037993874654187444,0.06094984253794535,0.002714404823838526,0.005707531255044267,-0.0062167631341336705,0.02537527415188944,-0.009206517722211928,0.017678828430723725,-0.04031104507752788,0.07029984219965069
3.4764026684939098,0.6567976711577226,0.8920327624720774,3.0,112.0,121.0,121.0,90.0,82.0,22.0,13.0,29.0,3.0,17.0,6.0,134.0,113.0,125.0,125.0,121.0,123.0,113.0,122.0,113.0,113.0,117.0,111.0,0.1583198707592892,0.3925686591276252,0.4491114701130856,0.26503496503496504,0.3300699300699301,0.4048951048951049,0.00967982129560685,0.006701414743112435,0.01340282948622487,0.011913626209977662,0.014147431124348473,0.014147431124348473,0.0007446016381236039,0.008190618019359643,0.006701414743112435,0.0014892032762472078,0.04095309009679821,0.011169024571854059,0.03052866716306776,0.0029784065524944155,0.02084884586746091,0.02680565897244974,0.016381236038719285,0.0037230081906180195,0.012658227848101266,0.004467609828741623,0.0007446016381236039,0.01712583767684289,0.005956813104988831,0.016381236038719285,0.01712583767684289,0.011913626209977662,0.035740878629932984,0.04169769173492182,0.0037230081906180195,0.040208488458674606,0.029784065524944156,0.011169024571854059,0.09456440804169769,0.0029784065524944155,0.04839910647803425,0.03052866716306776,0.039463886820551006,0.06775874906924795,0.0774385703648548,0.008190618019359643,0.03201787043931496,0.016381236038719285,0.004467609828741623,0.049143708116157855,0.0007446016381236039,0.016381236038719285,0.0037230081906180195,0.00967982129560685,0.005956813104988831,0.0029784065524944155,1.0,0.026663003697410505,-0.001994056689007333,-0.025330599412735157,-0.0038690042585574403,-0.03161244961373667,-0.006800147979605945,0.024663619651184517,-0.020167824711349747,-0.024639279674652074,0.03815747748902408,0.02903018440498942,-0.010897602270646706,-0.021735003643923115,-0.009773033141482578,0.013751261256300527,0.028023095433874507,0.02806836749039411,-0.034921860531492425,0.00542942598010592,0.019032091846337938,0.03423456828650195,0.01254629729220927,-0.014269405319709837,0.0011089481264678184,-0.010431766924702672,-0.010814394959737043,-0.00583468642680536,0.06636645950073623,-0.05173111446308993,-0.008375816214162128,0.006725910549480098,0.0030896801531975645,0.026216853248940616,0.0029833108556577004,-0.045439076918120755,-0.010679881751575098,-0.007983934950576648,-0.0009098079998781319,-0.011615862714817345,-0.0023670523820690614,1.0,0.026682871807468186,-0.0027109364422529124,-0.025279727373726395,-0.002536030366466862,-0.03170499289892135,-0.005812354967234963,0.02489232914151524,-0.023316100551592115,-0.024117157683799538,0.040071980803250286,0.02580464010784723,-0.012330833037937323,-0.020517387077319857,-0.009618058344413082,0.017308651691036497,0.029647748078865277,0.02300046605224148,-0.03827690069800514,0.011857313532366453,0.02209361826358035,0.031282739708538794,0.011094581511434776,-0.015568321701914635,0.0061013052166630595,-0.004968593253199168,-0.013177742154114176,-0.01051878460696064,0.06984362970556389,-0.05262966574707277,-0.005455701546399109,0.004506194728159959,-0.004463666892322547,0.03348214379999775,0.002580381564704078,-0.05216724074498502,-0.0045249149046437944,-0.006554913300706539,-0.010300010157232737,-0.010200585456525153,-0.002018436230428117
3.476902153061835,0.6367426972307882,0.8845867460908414,6.0,107.0,123.0,121.0,90.0,91.0,30.0,44.0,34.0,6.0,9.0,7.0,134.0,113.0,129.0,125.0,120.0,130.0,99.0,127.0,121.0,123.0,125.0,109.0,0.21107784431137724,0.37574850299401197,0.41317365269461076,0.26872852233676975,0.33608247422680415,0.3951890034364261,0.02308265078183172,0.006701414743112435,0.00967982129560685,0.017870439314966492,0.01712583767684289,0.010424422933730455,0.0022338049143708115,0.010424422933730455,0.0037230081906180195,0.0022338049143708115,0.03276247207743857,0.010424422933730455,0.03201787043931496,0.0037230081906180195,0.020104244229337303,0.028294862248696945,0.018615040953090096,0.005956813104988831,0.012658227848101266,0.0037230081906180195,0.0037230081906180195,0.027550260610573342,0.0037230081906180195,0.029784065524944156,0.010424422933730455,0.010424422933730455,0.03052866716306776,0.04616530156366344,0.004467609828741623,0.02531645569620253,0.022338049143708117,0.011169024571854059,0.11094564408041697,0.0037230081906180195,0.06031273268801191,0.022338049143708117,0.04318689501116903,0.05286671630677588,0.06552494415487714,0.005956813104988831,0.034996276991809384,0.01563663440059568,0.0037230081906180195,0.04765450483991065,0.0,0.014892032762472078,0.0022338049143708115,0.010424422933730455,0.006701414743112435,0.0014892032762472078,1.0,0.03218199188296907,0.009200681610438728,-0.03817813788257278,-0.002981372850764136,0.0058275851869533084,-0.0117910078781928,-0.018015512453689046,0.0012980568638322905,0.00867982626090268,0.03386878137256149,-0.01282430016207853,-0.0161497660279281,-0.04454570418052492,-0.004650617718844894,0.005880416052285663,-0.0002595815980530931,-0.044033650980627684,0.0056099455078725,-0.01186057033568692,0.016078078913624613,-0.04695495142208672,0.027468640639811966,0.05141721456085693,0.024851735948503914,-0.026551884273933655,-0.010423521388023015,-0.005550243999091648,-0.011042372121228463,0.002152632206006344,-0.04688180316506049,0.008999286475945431,0.0042653887554765756,0.004499606019581013,0.018076032125391044,0.026918346825828117,-0.010495803354897396,0.031951726827046126,0.019022076798757528,0.004928137298308184,0.0013195960454883832,1.0,0.032205972502852065,0.008185669444054364,-0.03886448105308241,-0.0005926218804553522,0.006701224793675307,-0.01373719417874224,-0.01760088199418322,0.0032080565581415646,0.008017571943279855,0.03215510237324749,-0.015023869656504886,-0.01541187532798154,-0.04173431591748423,-0.002922893104874292,0.005695610199183768,-0.002630061756824091,-0.044401795214765324,0.008497667643698173,-0.013760302354310932,0.011289429305422162,-0.04714249226052908,0.03230505637050389,0.05398333807594662,0.015746952596086092,-0.030105255479858706,-0.0058226641136244735,-0.0010718172105232088,-0.01535155637523726,0.0037095302732854684,-0.05062639294900007,0.014409869244913508,-0.0001706361242112284,-0.002860207504546213,0.013845697915462155,0.03439458313055628,-0.009359356182051902,0.036406928472624736,0.01345161506283069,0.005125174249574697,0.008791769958745728
3.477456378963978,0.6239927687734834,0.8816083395383469,6.0,102.0,115.0,109.0,102.0,84.0,38.0,27.0,12.0,4.0,4.0,0.0,134.0,108.0,122.0,120.0,113.0,121.0,101.0,117.0,110.0,110.0,112.0,106.0,0.19402985074626866,0.37645107794361526,0.4295190713101161,0.27074235807860264,0.3296943231441048,0.39956331877729256,0.01563663440059568,0.006701414743112435,0.014147431124348473,0.011169024571854059,0.01712583767684289,0.014147431124348473,0.0022338049143708115,0.005956813104988831,0.006701414743112435,0.0029784065524944155,0.04095309009679821,0.008935219657483246,0.02308265078183172,0.0029784065524944155,0.020104244229337303,0.024571854058078928,0.014892032762472078,0.0022338049143708115,0.011913626209977662,0.006701414743112435,0.0029784065524944155,0.024571854058078928,0.0007446016381236039,0.02680565897244974,0.00967982129560685,0.010424422933730455,0.029039463886820552,0.044676098287416234,0.0052122114668652275,0.03127326880119136,0.03201787043931496,0.01340282948622487,0.10126582278481013,0.0007446016381236039,0.05063291139240506,0.024571854058078928,0.04244229337304542,0.06105733432613552,0.07073715562174236,0.007446016381236039,0.03648548026805659,0.014147431124348473,0.008935219657483246,0.058823529411764705,0.0022338049143708115,0.012658227848101266,0.004467609828741623,0.011169024571854059,0.005956813104988831,0.0022338049143708115,1.0,0.020438519873380124,-0.013725929049401415,0.015466749582925723,0.020755017583359014,-0.015141052762041286,-0.0034699486737642333,-0.019205491443781475,0.0465590420035515,0.006254977303630755,0.03953688783959724,-0.06136740665480554,0.00529555406853021,0.017717618349225247,0.006495366531655392,0.001687067737129119,-0.0018007372051395826,0.009592548085343556,0.012956410132727053,0.01507518482315071,0.019030835333491133,-0.029252102284691408,0.04405096764663771,0.02720086707937754,0.035687490605701366,-0.02968917650843898,-0.006796837762991858,0.03863158334916059,0.04790157413661627,-0.02361245403534433,0.035358598046686174,-0.03383884769859899,-0.02120780590327322,-0.0186563933790392,-0.0002684834539569766,-0.039434749867398096,0.039593043371739314,0.008058423101442558,-0.013221465430867406,-0.009877865714048018,-0.0038207143112094894,1.0,0.020453749768963858,-0.014170684502457112,0.01608632873343215,0.019981059789576313,-0.0156204219352711,-0.0025207910737470606,-0.020274635517141197,0.047728508928534905,0.0044752231326912325,0.04159026842658118,-0.06463651758623915,0.006754438591044926,0.015603335312027703,0.006731819488995719,0.007452277236784745,-0.006642456144517623,0.010258720045587595,0.006240761481634674,0.021636277416604996,0.017819163517824844,-0.027420104542386383,0.041360798450834936,0.022684016338889685,0.04043532123544303,-0.03198584999117836,-0.0075317647593728864,0.035628616743245335,0.04598042995775703,-0.018484668906872368,0.03424812032467089,-0.03857706595184215,-0.0320290162363118,-0.012409527285370776,0.00245283485884377,-0.03484721869541639,0.03312652855603609,0.0012621403666233854,-0.015041089012509464,-0.001196075333744208,-0.012117272832438018
3.471802008498701,0.6187951178879805,0.8823529411764706,1.0,113.0,119.0,121.0,84.0,81.0,44.0,49.0,23.0,10.0,16.0,5.0,134.0,119.0,124.0,124.0,121.0,130.0,82.0,123.0,123.0,118.0,117.0,111.0,0.1966966966966967,0.35735735735735735,0.44594594594594594,0.2713884992987377,0.34081346423562414,0.38779803646563815,0.00967982129560685,0.005956813104988831,0.01563663440059568,0.020104244229337303,0.014892032762472078,0.005956813104988831,0.0007446016381236039,0.01340282948622487,0.0052122114668652275,0.0022338049143708115,0.0379746835443038,0.008935219657483246,0.03201787043931496,0.006701414743112435,0.01563663440059568,0.026061057334326135,0.01340282948622487,0.0007446016381236039,0.005956813104988831,0.0052122114668652275,0.0014892032762472078,0.028294862248696945,0.0014892032762472078,0.034996276991809384,0.016381236038719285,0.014892032762472078,0.03425167535368578,0.04393149664929263,0.005956813104988831,0.04839910647803425,0.02308265078183172,0.007446016381236039,0.10722263588979895,0.0037230081906180195,0.05658972449739389,0.03052866716306776,0.03350707371556218,0.058823529411764705,0.055100521221146684,0.006701414743112435,0.029784065524944156,0.016381236038719285,0.011913626209977662,0.04765450483991065,0.0029784065524944155,0.01563663440059568,0.005956813104988831,0.005956813104988831,0.0029784065524944155,0.0014892032762472078,1.0,-0.028682786608235068,-0.01567043953626138,-0.04404516531547518,0.029203275268056217,0.008258461505060585,-0.003884323770988586,-0.0483167779453757,-0.021969797391127584,0.006142093978430088,0.028737787339080566,0.012096357305996055,0.035420781177818605,-0.014004435879157845,-0.036342828754344185,0.0018063450438119372,0.03588939213810437,0.03019910623980091,-0.05475496777462146,-0.002080181206753759,-0.0029179115374542044,0.016980194483150482,-0.013181789482124529,0.0016450864423829597,-0.03438050453683487,0.011243692923851639,0.034340521777260206,-0.03836732036444579,-0.011486918063341685,0.009867391900221387,0.013634321082249599,0.003232848536331493,0.015274284775364709,0.0025328050987831227,-0.017198125072118684,-0.015593875265373563,-0.012410542801330656,0.005083817390032703,0.04723514687247426,-0.016920513697067166,-0.003963172600039504,1.0,-0.028704159772622716,-0.01653136026261912,-0.04512571980255593,0.026477028312711832,0.008460458825359231,-0.004469596877326711,-0.0462455121617625,-0.02518055058836028,0.002421351624328224,0.024681997785483047,0.014677938367005492,0.040043790659973565,-0.009591174041831614,-0.03951031775058927,-0.0011111993937645258,0.032445386030070744,0.033104673353039356,-0.04770984715973583,0.002665891076431783,-0.004638126526285789,0.005334487906531253,-0.013902510635348428,0.005688046859925976,-0.029500866647410327,0.005761117460795164,0.03390522267250745,-0.043022798820526446,-0.012262569638248157,0.010294718901532069,0.0158944968278905,0.0031000097448995964,0.014110924868669477,0.005069115413474404,-0.01565729071361221,-0.01604299563404951,-0.016465708470969634,0.004430691758000451,0.04692387667231931,-0.007448407112134955,-0.00010491009959102229
3.4804170356912834,0.6090248734596748,0.8816083395383469,4.0,108.0,123.0,114.0,96.0,93.0,28.0,25.0,10.0,2.0,8.0,1.0,134.0,108.0,129.0,116.0,113.0,122.0,103.0,116.0,112.0,111.0,113.0,109.0,0.19934640522875818,0.3627450980392157,0.43790849673202614,0.2683982683982684,0.32611832611832614,0.4054834054834055,0.0193596425912137,0.008935219657483246,0.012658227848101266,0.0052122114668652275,0.012658227848101266,0.017870439314966492,0.0014892032762472078,0.005956813104988831,0.0029784065524944155,0.0022338049143708115,0.03648548026805659,0.01340282948622487,0.035740878629932984,0.0029784065524944155,0.0193596425912137,0.017870439314966492,0.014892032762472078,0.0037230081906180195,0.00967982129560685,0.0052122114668652275,0.004467609828741623,0.029784065524944156,0.0037230081906180195,0.027550260610573342,0.010424422933730455,0.008935219657483246,0.02308265078183172,0.04616530156366344,0.007446016381236039,0.03648548026805659,0.020104244229337303,0.014892032762472078,0.10573343261355175,0.0007446016381236039,0.05286671630677588,0.03425167535368578,0.0387192851824274,0.06254653760238273,0.06329113924050633,0.005956813104988831,0.040208488458674606,0.01340282948622487,0.011169024571854059,0.04765450483991065,0.0037230081906180195,0.01712583767684289,0.0022338049143708115,0.008935219657483246,0.008190618019359643,0.0014892032762472078,1.0,-0.02213337658138575,-0.028817379765021234,-0.003242868927074248,0.004856798717063956,0.015664532944937817,0.03155771745262093,0.016827931844938707,0.01621183585078815,0.009108987671685758,-0.006790701087934765,-0.002417190882259988,0.036611914719534774,-0.02242516040152825,-0.038007133809790594,0.004287005843095694,0.02796733821667246,-0.011916395031642312,-0.004092118438756939,-0.031095302241081455,-0.023292161783601918,0.04357790760246236,-0.009379921003648229,-0.008449002464988734,-0.02763423093848953,-0.04520835397105201,-0.03718592228305362,0.05401526982795789,-0.013628035026088475,-0.004939371293537041,-0.03751704094880893,-0.04408554828219681,0.035194281956054896,0.017943520983484198,-0.06423895680532025,-0.028554471710610825,0.0050962678698041755,0.031825192432917204,0.05804922473051773,-0.01654385323479701,0.008748175265228218,1.0,-0.022149869410432968,-0.029365382568186108,-0.004564767497325622,0.003850447555609499,0.015717206236677064,0.032713356220119436,0.019411477171511794,0.019198779855231253,0.011203434423045184,-0.005771110809093094,-0.0032702869824533963,0.034772408263255325,-0.02311165726820907,-0.039361800468153706,0.00030140530748608713,0.025563468661159616,-0.011940913959892104,-0.004168886564511614,-0.030729536163190272,-0.023869266287625455,0.04229132851615571,-0.008175133629493394,-0.006125340429139872,-0.029846585716924702,-0.0445177999123055,-0.037907350743290075,0.04912086359336222,-0.01640638312278236,-0.0004227085421548859,-0.03488472274446621,-0.04160142353575551,0.036102569459713185,0.013525167455827915,-0.06264766284939666,-0.02707030631222508,0.003949278045204127,0.03390230310107803,0.06436642698222429,-0.02063792343841878,0.017255686362946422
3.476302972642897,0.617380802473002,0.8897989575577067,18.0,111.0,125.0,125.0,87.0,89.0,56.0,42.0,30.0,6.0,10.0,3.0,134.0,111.0,129.0,125.0,115.0,130.0,111.0,127.0,125.0,115.0,127.0,111.0,0.21225071225071226,0.35327635327635326,0.43447293447293445,0.2678082191780822,0.3287671232876712,0.40342465753424656,0.01563663440059568,0.007446016381236039,0.014892032762472078,0.02084884586746091,0.021593447505584513,0.01563663440059568,0.0014892032762472078,0.006701414743112435,0.0014892032762472078,0.008190618019359643,0.03425167535368578,0.017870439314966492,0.03052866716306776,0.004467609828741623,0.01712583767684289,0.020104244229337303,0.01712583767684289,0.0022338049143708115,0.004467609828741623,0.0022338049143708115,0.0037230081906180195,0.027550260610573342,0.0022338049143708115,0.03276247207743857,0.018615040953090096,0.0052122114668652275,0.02531645569620253,0.03425167535368578,0.0022338049143708115,0.04095309009679821,0.022338049143708117,0.011913626209977662,0.11988086373790022,0.0022338049143708115,0.055100521221146684,0.02084884586746091,0.03127326880119136,0.06329113924050633,0.06180193596425912,0.006701414743112435,0.02680565897244974,0.014147431124348473,0.008935219657483246,0.044676098287416234,0.0014892032762472078,0.020104244229337303,0.0029784065524944155,0.014147431124348473,0.012658227848101266,0.0014892032762472078,1.0,-0.01737101581323572,0.014249223562313118,-0.030599319983656805,0.01410783268617947,-0.0569446056045352,-0.019931781516685086,0.035030254344504,0.056134023525235284,-0.01994607817810969,-0.02053502464667372,0.03451174539412082,-0.018959643760519205,-0.017637185077135093,-0.052459755328403156,-0.008524676228547612,-0.011325119561048046,-0.017857641267174467,-0.038231706733862426,0.008584955516264616,0.03246853041399965,0.0037754997006951545,0.03293384817426798,-0.028071912529733532,-0.0312851258838756,-0.02652979860010351,0.0508912187293632,-0.001323365168940028,0.004450683610025776,0.04725383827908957,0.01342768583082654,-0.043156448008574246,-0.014063096435823284,0.03301414326730198,-0.04481195611717364,0.015035039228061221,-0.05346644085435053,0.05302736692971896,-0.03027045344604289,0.027477048420720684,0.002360494861666277,1.0,-0.017383959938282834,0.013972495654613802,-0.03019533587588694,0.012938540526986866,-0.055954499366195544,-0.023227453170373287,0.03694832457399777,0.0549765307439625,-0.019122012460094324,-0.023698488364084266,0.034820920031477916,-0.016338660233606583,-0.01265448315579127,-0.05213742948531338,-0.019327845279968833,-0.009460704658266445,-0.017604773599749234,-0.04223230738674671,-0.0024856754161738915,0.034622783215606634,0.00778730681881695,0.036068296894639106,-0.03070023572160591,-0.0358113275488845,-0.014875840559942835,0.05470601179066843,-0.002953021399305409,-0.008411873776636925,0.046561452673246455,0.007622168126207182,-0.039344715983827466,-0.0110121358715292,0.02868505277370333,-0.0450928700832312,0.020877654180412583,-0.05569913738978453,0.03456918984546145,-0.018876078852855166,0.027827210631288225,0.007281504310614496
3.5036910377009933,0.6301740234613062,0.8823529411764706,10.0,96.0,116.0,112.0,89.0,74.0,20.0,51.0,13.0,19.0,17.0,4.0,134.0,101.0,121.0,127.0,114.0,126.0,83.0,127.0,117.0,108.0,122.0,95.0,0.21739130434782608,0.3752012882447665,0.4074074074074074,0.28145454545454546,0.3389090909090909,0.37963636363636366,0.01340282948622487,0.005956813104988831,0.014147431124348473,0.011913626209977662,0.0193596425912137,0.017870439314966492,0.0,0.00967982129560685,0.006701414743112435,0.0029784065524944155,0.03648548026805659,0.011913626209977662,0.034996276991809384,0.004467609828741623,0.014147431124348473,0.027550260610573342,0.01712583767684289,0.004467609828741623,0.01340282948622487,0.007446016381236039,0.0052122114668652275,0.029784065524944156,0.0014892032762472078,0.03276247207743857,0.012658227848101266,0.014147431124348473,0.029784065524944156,0.05212211466865227,0.0022338049143708115,0.03648548026805659,0.027550260610573342,0.014892032762472078,0.0953090096798213,0.0022338049143708115,0.054355919583023084,0.02531645569620253,0.03350707371556218,0.06180193596425912,0.06478034251675353,0.005956813104988831,0.03201787043931496,0.012658227848101266,0.004467609828741623,0.03425167535368578,0.0022338049143708115,0.02084884586746091,0.0037230081906180195,0.008190618019359643,0.004467609828741623,0.0007446016381236039,1.0,0.005129610705498,0.033042657345515335,0.005744519367362436,-0.018823750615934148,0.04933151180293646,0.003443591545949509,-0.002214429132191739,-0.011668708421357638,0.00037401522093121885,-0.04182329564753161,-0.039937702943774904,0.025569732059622832,0.012363038337832153,0.02099185012087256,0.005857369260757,0.004978195995153898,0.05222555445190606,-0.010127507119193163,-0.0008648746825039608,-0.04954754858431129,0.006428146476340396,-0.007050773228639322,0.0012682758555244923,-0.01583174667922013,-0.0704235142793538,-0.026823951013070134,-0.02144101181873527,0.016817807748965026,-0.008990757719075735,0.021248843373811752,-0.025420265630850897,-0.04263437326940492,0.020188133244065612,0.005114505240783807,0.03613939944410849,0.041981081303909755,0.012952230946168576,-0.027942024094459457,-0.02879773807965401,0.018238321932097148,1.0,0.005133433068169758,0.033066457204635594,0.005429457149456949,-0.020051782862501758,0.04941091847662605,0.004211320019676096,-0.005392444888288838,-0.01286305329269906,0.0026897665123451426,-0.043772203983086275,-0.040552548113673516,0.029156920178247468,0.016755527740928384,0.01790217212259519,0.007211143110657529,0.009054306421298921,0.050463622872452416,-0.013768100301921974,-0.006877339259068199,-0.05207660378671369,0.005500613859376873,-0.008611457967716576,0.005544338351045456,-0.014546715803759899,-0.0647065737169888,-0.027064322086510613,-0.012598493311998436,0.02081282399049672,-0.013375620027517986,0.02098009936466668,-0.028332810302114743,-0.041312404646046005,0.019929469646547734,0.008397845995100114,0.02840833929901565,0.037882862130656815,0.021997614994570758,-0.031242966443486567,-0.02718861515277756,0.018448149017180986
3.4457360785294924,0.6090854508819008,0.8823529411764706,13.0,108.0,122.0,119.0,92.0,83.0,14.0,20.0,42.0,17.0,10.0,2.0,134.0,109.0,126.0,123.0,116.0,128.0,101.0,122.0,109.0,112.0,115.0,103.0,0.1806853582554517,0.4205607476635514,0.3987538940809969,0.27467811158798283,0.3290414878397711,0.39628040057224606,0.011169024571854059,0.011169024571854059,0.01563663440059568,0.016381236038719285,0.014147431124348473,0.011913626209977662,0.0022338049143708115,0.007446016381236039,0.0022338049143708115,0.0022338049143708115,0.04393149664929263,0.007446016381236039,0.040208488458674606,0.0029784065524944155,0.02680565897244974,0.016381236038719285,0.018615040953090096,0.0037230081906180195,0.0052122114668652275,0.0022338049143708115,0.0014892032762472078,0.021593447505584513,0.0022338049143708115,0.029784065524944156,0.01712583767684289,0.008190618019359643,0.02308265078183172,0.04988830975428146,0.0014892032762472078,0.045420699925539834,0.020104244229337303,0.00967982129560685,0.10349962769918093,0.0007446016381236039,0.04988830975428146,0.029039463886820552,0.03276247207743857,0.05956813104988831,0.06999255398361877,0.008935219657483246,0.0387192851824274,0.020104244229337303,0.010424422933730455,0.045420699925539834,0.0052122114668652275,0.020104244229337303,0.0014892032762472078,0.004467609828741623,0.006701414743112435,0.0007446016381236039,1.0,0.023665235730627714,0.026689168877412576,0.011016563916780986,-0.026598015999849827,0.035917992207827085,-0.008431523560126343,0.01099689830641299,-0.013609815278365996,0.024164354387256826,0.0108835370574852,0.0029155383515285763,0.01735724197375407,-0.02578746135355879,0.013319934635816981,-0.015238399671845778,-0.056182683199962224,-0.01269346923933618,-0.020448298035342247,-0.02975858041448798,-0.022627067698813706,-0.013378581534759335,-0.03332925962914393,-0.004749030553788573,-0.017901562283064984,0.025288926211902464,0.011936810596829692,0.030666742562782026,0.03852879793343786,-0.029270419273430683,0.013801043836011852,0.007587635101489434,-0.007826480385527456,0.01605332144725637,-0.02769719803134039,0.06727192566915888,0.0230467634903183,-0.00938186632757041,-0.006466985338653979,-0.015060236504055387,-0.01797962806120125,1.0,0.02368287003445083,0.026182780774062803,0.009816932062773528,-0.02789299657532796,0.03683258014028307,-0.008876396797250706,0.01014836176772016,-0.015321721256049664,0.026785787873298224,0.008451573534900182,0.002698813101410036,0.014707053985559583,-0.024598489102359705,0.012226781708635894,-0.015006123331748729,-0.05636646512160748,-0.011671910845119558,-0.01461038687288008,-0.030758374187680817,-0.02175950450007612,-0.009486733678628694,-0.03143606907352107,-0.0026231618117669086,-0.01687362598075863,0.031871410818420515,0.011369129072759252,0.03438169173162081,0.03862373631301392,-0.030568238121282162,0.013594104603992664,0.01081153349983882,-0.012607428871561263,0.012621537135533132,-0.02891875797221581,0.06341207375350486,0.017964631729519356,-0.021389707979736293,-0.014493024710685492,-0.013754011730930247,-0.026316325118165153
3.4717846148906886,0.6548081843587307,0.8875651526433358,8.0,89.0,118.0,110.0,89.0,100.0,20.0,48.0,16.0,4.0,19.0,8.0,134.0,95.0,124.0,123.0,117.0,130.0,59.0,127.0,110.0,117.0,122.0,87.0,0.2480127186009539,0.3481717011128776,0.40381558028616854,0.29070631970260224,0.34721189591078067,0.3620817843866171,0.00967982129560685,0.011913626209977662,0.005956813104988831,0.007446016381236039,0.011169024571854059,0.011913626209977662,0.0022338049143708115,0.008190618019359643,0.0052122114668652275,0.0022338049143708115,0.05286671630677588,0.005956813104988831,0.034996276991809384,0.0037230081906180195,0.02084884586746091,0.02680565897244974,0.014147431124348473,0.0052122114668652275,0.010424422933730455,0.005956813104988831,0.005956813104988831,0.03276247207743857,0.0022338049143708115,0.026061057334326135,0.01340282948622487,0.01712583767684289,0.02680565897244974,0.04690990320178704,0.005956813104988831,0.03723008190618019,0.021593447505584513,0.00967982129560685,0.10796723752792256,0.0029784065524944155,0.05137751303052867,0.027550260610573342,0.04839910647803425,0.058078927773641105,0.06105733432613552,0.011169024571854059,0.03648548026805659,0.012658227848101266,0.006701414743112435,0.040208488458674606,0.0022338049143708115,0.012658227848101266,0.0037230081906180195,0.008190618019359643,0.0052122114668652275,0.0007446016381236039,1.0,-0.058771284145209136,0.028432864102406794,0.004806673627228801,-0.010423837204823505,-0.009293008666886449,0.02708339390822014,0.01907493307568365,0.004516180273466128,-0.057829445799569314,0.009237676005064397,0.001987399374816436,-0.033569569621689416,-0.055918130738145805,0.03360892966904338,-0.05591668045239827,0.002361277396808829,-0.0031604724704779406,0.023161066783610587,0.019112525256865676,0.039489123589904,-0.021753514968286817,-0.01966852557980327,0.002658682966087263,0.029811603558091516,-0.04306934642595544,-0.005544701895397304,-0.025502721046780627,-0.0020602138959125915,0.02331733482677289,0.027072198492548213,-0.0046674676382626075,-0.02904500576688814,-0.008866296194895587,-0.017368599093053112,-0.04345566878446714,-0.01974354378885852,-0.006234664717710733,0.004735213565520642,0.024938240440176743,-0.01697339514977212,1.0,-0.05881507794859603,0.025102892434779804,0.007959127365568138,-0.010480977691300918,-0.01092529114533256,0.026692632731447875,0.02306674933100578,0.005519412288614589,-0.05969948938094445,0.00251105381707073,0.007063886079251227,-0.03341559781392407,-0.06385729020742457,0.027602326000815625,-0.046252067259982724,-0.00321377252727586,-0.0031762568064214757,0.022233709492723446,0.027319915479117732,0.042978736661847476,-0.021811675022076288,-0.029074119811402645,0.006884383074272013,0.02634526028572186,-0.04820378242369043,-0.018823077436795975,-0.02411762753521272,-0.00499921929123849,0.03253607632160107,0.02490363936446328,-0.0015722105086780056,-0.024434367366920305,-0.0017548063649629878,-0.024868223332507707,-0.046918825906109435,-0.029519574171425655,-0.012625670499227398,3.673812509803956e-05,0.03158150937764476,-0.02156765520607196
3.5062995766639413,0.6452601348509341,0.8808637379002234,6.0,108.0,122.0,112.0,82.0,94.0,27.0,45.0,17.0,15.0,2.0,1.0,134.0,108.0,126.0,115.0,121.0,123.0,103.0,119.0,117.0,119.0,115.0,107.0,0.22979397781299524,0.358161648177496,0.4120443740095087,0.26723525230987916,0.3354655294953802,0.39729921819474057,0.016381236038719285,0.008190618019359643,0.012658227848101266,0.01563663440059568,0.012658227848101266,0.012658227848101266,0.0007446016381236039,0.005956813104988831,0.0037230081906180195,0.0029784065524944155,0.04765450483991065,0.014147431124348473,0.026061057334326135,0.00967982129560685,0.02531645569620253,0.026061057334326135,0.01563663440059568,0.0037230081906180195,0.005956813104988831,0.004467609828741623,0.0029784065524944155,0.020104244229337303,0.0014892032762472078,0.034996276991809384,0.012658227848101266,0.008190618019359643,0.03276247207743857,0.05063291139240506,0.0037230081906180195,0.04095309009679821,0.028294862248696945,0.01340282948622487,0.08637379002233805,0.0037230081906180195,0.0573343261355175,0.02680565897244974,0.039463886820551006,0.06180193596425912,0.05956813104988831,0.011913626209977662,0.03052866716306776,0.016381236038719285,0.00967982129560685,0.04244229337304542,0.0037230081906180195,0.01563663440059568,0.0029784065524944155,0.005956813104988831,0.004467609828741623,0.0007446016381236039,1.0,-0.0075076425724008595,0.006960166941391459,0.030239802126251908,0.026671916009819763,0.04060355706422606,0.015690014793330678,0.027294001816469578,-0.014238833844347104,-0.019801933907894517,0.028742574230324627,0.010114271286053808,-0.04564092148912663,-0.04496637792886132,0.035670145370752616,0.028848756721478398,-0.01829270859806092,-0.028287578527366578,-0.03416742721115993,0.05114457889029677,0.011381073079899273,-0.046256157004056435,0.024411125735302377,-0.05459094475134738,0.0001901643884980425,0.030657584795690355,0.023976116043838806,0.020891381048611286,-0.0056479219976279995,0.04109415303575195,0.00967214602811139,0.0056346628788985775,-0.0222226188732422,0.01639607391878781,0.022363280484169683,-0.019290603612494756,0.029725847458424576,0.034702354422234113,0.016671265466366405,-0.0057696461582345815,-0.024896843818725537,1.0,-0.0075132369409346795,0.006914489088363404,0.030414633538144744,0.027190817603727078,0.04083510481369315,0.01524731229137069,0.02567494211724922,-0.017229636324700776,-0.023777036285621077,0.024694794153464483,0.009251496788869202,-0.04667402489299919,-0.04675788178642109,0.03555349275013862,0.03249365056973183,-0.014192401913876863,-0.028285483764090406,-0.03384543989761326,0.05453451056528288,0.0133002599009289,-0.051005894431866546,0.02481766397557367,-0.04737844966934211,-0.002550999281879195,0.02461869714309005,0.026915849634895753,0.03175769716857306,0.0031729049694808227,0.02998177898478422,0.00033788047476756975,0.00809604031345852,-0.02301629957976209,0.008625419021480228,0.014499148439770135,-0.02066738413213159,0.025869837378478085,0.043791052252581446,0.02320716695539051,-0.01152140485387748,-0.03029029331657397
3.521578369907605,0.6468276468327214,0.885331347728965,6.0,113.0,123.0,121.0,106.0,68.0,52.0,29.0,9.0,15.0,7.0,14.0,134.0,113.0,127.0,127.0,122.0,130.0,112.0,128.0,121.0,119.0,127.0,113.0,0.15535444947209653,0.37858220211161386,0.4660633484162896,0.2661235573659199,0.3319755600814664,0.4019008825526137,0.0193596425912137,0.008190618019359643,0.014147431124348473,0.01712583767684289,0.01712583767684289,0.00967982129560685,0.0014892032762472078,0.007446016381236039,0.008190618019359643,0.0022338049143708115,0.02680565897244974,0.011169024571854059,0.03052866716306776,0.0029784065524944155,0.016381236038719285,0.03201787043931496,0.022338049143708117,0.0037230081906180195,0.007446016381236039,0.0029784065524944155,0.0022338049143708115,0.03276247207743857,0.004467609828741623,0.02084884586746091,0.01563663440059568,0.01712583767684289,0.024571854058078928,0.04839910647803425,0.0007446016381236039,0.029784065524944156,0.03052866716306776,0.012658227848101266,0.10573343261355175,0.0037230081906180195,0.055100521221146684,0.03052866716306776,0.04318689501116903,0.05286671630677588,0.05361131794489948,0.010424422933730455,0.026061057334326135,0.016381236038719285,0.00967982129560685,0.045420699925539834,0.0029784065524944155,0.01340282948622487,0.0037230081906180195,0.014892032762472078,0.010424422933730455,0.0007446016381236039,1.0,-0.022825215613068352,-0.004412258150154106,-0.03538518661604313,-0.008143809680383451,0.023950675142576466,-0.031503607385928674,0.00950632190393903,-0.03243235822952054,0.02396104747164173,0.0025193826711042036,-0.04234788170036563,0.017450401379297837,0.013588346257625195,0.0448211394177303,0.029764668714207222,0.02808618541973493,0.0005789325346384578,0.01222833629538612,-0.020175047336090053,-0.02125381607111879,-0.0027795321903719677,-0.018878543094540023,-0.011042760581076146,-0.06308334037703803,0.02270516226366478,-0.05518061818725587,0.06443335363466962,-0.017526805523196482,-0.00659993237022477,0.03365310559416236,0.007313763978161056,0.05501454017820287,-0.0549171661331916,0.00875500818050586,0.03650822004057114,-0.02524825552490889,0.049453311526563196,-0.06116798610885895,-0.013974166258224336,-0.02338855310609398,1.0,-0.02284222397045514,-0.004943185086960357,-0.03569825358525475,-0.009847298598484384,0.023302960344266373,-0.031983384061089505,0.0077296196808846465,-0.031047703774776537,0.021006439612898796,0.0027011769818826815,-0.043201155289663076,0.015576418784989955,0.01659642067850003,0.04027002436369505,0.03465674338747072,0.032652266527526105,0.0038497268456585887,0.016827182498062535,-0.021245574847279118,-0.01800557080044267,-0.0026563420546797116,-0.019848511084676376,-0.013673834906411867,-0.06349822884653208,0.019679033448276533,-0.057494136110528594,0.058880408615755386,-0.021010122955495533,-0.009256634643819216,0.026536644603012874,0.010003801563861554,0.04740622397682225,-0.043744974435406384,0.0065360970073164775,0.04446126376764874,-0.021876876470648746,0.04944946563991359,-0.039417215941314455,-0.02072465622503648,-0.016244028894220247
3.497174821818069,0.611225763851106,0.8868205510052122,8.0,119.0,128.0,121.0,111.0,62.0,43.0,30.0,16.0,6.0,8.0,2.0,134.0,121.0,130.0,127.0,123.0,130.0,111.0,125.0,125.0,123.0,125.0,118.0,0.1529051987767584,0.38837920489296635,0.45871559633027525,0.26072386058981234,0.33378016085790885,0.4054959785522788,0.014892032762472078,0.0052122114668652275,0.011169024571854059,0.01340282948622487,0.014147431124348473,0.018615040953090096,0.0014892032762472078,0.004467609828741623,0.0037230081906180195,0.0029784065524944155,0.04095309009679821,0.012658227848101266,0.02680565897244974,0.008190618019359643,0.02308265078183172,0.027550260610573342,0.021593447505584513,0.0029784065524944155,0.005956813104988831,0.0052122114668652275,0.0022338049143708115,0.026061057334326135,0.004467609828741623,0.021593447505584513,0.016381236038719285,0.011913626209977662,0.028294862248696945,0.04839910647803425,0.0029784065524944155,0.04169769173492182,0.017870439314966492,0.008935219657483246,0.0960536113179449,0.0037230081906180195,0.05658972449739389,0.02084884586746091,0.03648548026805659,0.0573343261355175,0.06850335070737155,0.008935219657483246,0.0379746835443038,0.02084884586746091,0.012658227848101266,0.04616530156366344,0.0007446016381236039,0.01340282948622487,0.0022338049143708115,0.014147431124348473,0.005956813104988831,0.0014892032762472078,1.0,0.022569032080326245,-0.009245771140113478,-0.002548836400388004,0.017059478094950703,-0.0027067571984401434,-0.019881160360360316,0.07279580721842818,0.011865263244504404,-0.04609017752926443,-0.0010608070152951384,-0.011581320853436284,0.013029818417702692,0.004066296014964776,0.02968921342573266,-0.001214465389079831,0.021357404318398766,-0.019576016535506963,0.011787435795200928,0.024860382029759043,-0.006717843900823276,0.0034849275371782802,0.013103728067432706,0.006334675812349776,0.009668192963029376,-0.0064712175955882936,0.014201808634535096,-0.026065842303646978,0.014315260997620842,-0.0491865954784513,0.01437744466884788,0.02685814105134391,-0.0089703733647496,0.04442027214747686,-0.006241452104405948,0.05234743772719021,0.019462921985785076,0.0018704518839000902,-0.009736441737045689,-0.01471323470723483,-0.004306603759679646,1.0,0.022585849540892804,-0.009774667366619206,-0.0021238805742016136,0.01713701213813242,-0.0035453307519401032,-0.019529386709914758,0.07420435675112536,0.007850605988430842,-0.04588744460535001,0.0024930851391437372,-0.015034432759345843,0.013111672459011611,0.008054640768673562,0.024782054233770178,-0.005377705574501049,0.028628189341399875,-0.020961213272247575,0.012788729876208837,0.023730747000862532,-0.010258416283565169,0.0021700371675280484,0.014319167232934776,0.003344046254402821,0.012874170520488509,-0.004420890390164486,0.007526608497801429,-0.025032438245198917,0.016587107212854474,-0.05381958534062349,0.016331024547017837,0.027007709655851316,-0.011715684303467923,0.04796376345732953,-0.006568847443518895,0.05078925189360707,0.02384839668820583,0.000628107570487818,-0.02149444551397995,-0.009676513286440593,-0.012168319272813324
3.5239167569651624,0.6509955319842025,0.885331347728965,9.0,109.0,126.0,113.0,82.0,80.0,41.0,56.0,16.0,8.0,24.0,1.0,134.0,111.0,131.0,117.0,119.0,121.0,99.0,120.0,115.0,119.0,121.0,109.0,0.21804511278195488,0.3293233082706767,0.45263157894736844,0.2648305084745763,0.3319209039548023,0.4032485875706215,0.017870439314966492,0.011169024571854059,0.012658227848101266,0.017870439314966492,0.01563663440059568,0.014892032762472078,0.0007446016381236039,0.00967982129560685,0.006701414743112435,0.0029784065524944155,0.04095309009679821,0.008190618019359643,0.03425167535368578,0.011913626209977662,0.02308265078183172,0.020104244229337303,0.016381236038719285,0.0022338049143708115,0.00967982129560685,0.0052122114668652275,0.0029784065524944155,0.02680565897244974,0.0029784065524944155,0.028294862248696945,0.012658227848101266,0.008190618019359643,0.024571854058078928,0.04988830975428146,0.0052122114668652275,0.039463886820551006,0.02531645569620253,0.011913626209977662,0.09381980640357408,0.0014892032762472078,0.05658972449739389,0.021593447505584513,0.0387192851824274,0.06626954579300075,0.05584512285927029,0.010424422933730455,0.03350707371556218,0.01712583767684289,0.008935219657483246,0.039463886820551006,0.0014892032762472078,0.01340282948622487,0.0029784065524944155,0.007446016381236039,0.007446016381236039,0.0029784065524944155,1.0,-0.058569441445328205,0.006886834043980823,0.012189964856555173,-0.015587339745745037,0.02122572222098098,0.011731479657829154,-0.01288927024141789,-0.033835496648998716,-0.013291178173925203,-0.004212489668305885,-0.04805991793314493,0.006825880849166894,0.004929017435124189,-0.02293761597410586,0.0417725386724645,0.003947618652214976,-0.02139893833499615,0.009237298253472456,-0.004745973249330757,0.0024936057490085543,0.035999625045030854,0.03513509665444988,-0.024121017685934335,0.00436766106617741,-0.003213058917463163,0.002348447632148644,-0.02357469808504945,0.010467023861019525,-0.05923304782238553,0.02573992904225882,0.019033118875006628,-0.002708661804587599,-0.00951788908901836,0.016664527712274956,-0.015844574374115617,-0.008053758165263415,0.005071786479425348,0.03734393982700779,-0.0331599022752217,0.028255472909870263,1.0,-0.058613084844318736,0.0034735448622701193,0.012868070300482575,-0.014246122802731171,0.019498046779047134,0.014229916321189421,-0.011371436471215501,-0.036469356754477524,-0.017154075274859577,-0.005392587948037035,-0.04917942916428424,0.000911785782501932,0.007585607657766239,-0.02029920550476373,0.038141507670580485,0.009619113022474788,-0.02105405381447433,0.0030573592962684112,-0.0056740644883761905,0.00015180843437420142,0.03447684644059785,0.038848004898225826,-0.01788469626464365,0.0023165120473171165,-0.005033623300622409,0.005280105489916862,-0.02694552745831356,0.006028001368365003,-0.054022297209736156,0.02209870080901765,0.021651723438278973,0.007157303645812673,-0.00930453153730302,0.015683300592461535,-0.013869786806606011,-0.015380118711143058,-0.004094212614230536,0.041527103914677815,-0.027661368605354224,0.021189297241301003
3.4923538692519167,0.618171787893906,0.8860759493670886,3.0,109.0,125.0,108.0,88.0,90.0,42.0,25.0,28.0,4.0,6.0,1.0,134.0,113.0,127.0,123.0,113.0,130.0,103.0,123.0,119.0,121.0,121.0,105.0,0.1875993640699523,0.3624801271860095,0.44992050874403816,0.2702513966480447,0.3324022346368715,0.3973463687150838,0.01563663440059568,0.00967982129560685,0.012658227848101266,0.00967982129560685,0.007446016381236039,0.01563663440059568,0.0022338049143708115,0.005956813104988831,0.0014892032762472078,0.0014892032762472078,0.04616530156366344,0.010424422933730455,0.040208488458674606,0.008935219657483246,0.021593447505584513,0.02680565897244974,0.017870439314966492,0.0029784065524944155,0.008190618019359643,0.005956813104988831,0.0,0.03052866716306776,0.0052122114668652275,0.0193596425912137,0.011913626209977662,0.011169024571854059,0.029039463886820552,0.03723008190618019,0.0052122114668652275,0.04095309009679821,0.02084884586746091,0.011169024571854059,0.10052122114668652,0.004467609828741623,0.05137751303052867,0.03052866716306776,0.03723008190618019,0.054355919583023084,0.06850335070737155,0.005956813104988831,0.03350707371556218,0.020104244229337303,0.006701414743112435,0.04765450483991065,0.004467609828741623,0.017870439314966492,0.0052122114668652275,0.011169024571854059,0.005956813104988831,0.0007446016381236039,1.0,0.005284491089970456,-0.03427175578675035,-0.05908371107629493,-0.0257540154037536,-0.0038695418418074785,0.018165471956730204,-0.006834818031919752,0.04518694241173008,0.022132385812039142,0.022696240653461777,0.05830711483416007,0.03400575496698477,0.05083147583274006,-0.03475740197365981,-0.042221118771328114,0.01087940508440763,-0.012364120805987673,0.015559960446113488,-0.010486499121355066,0.026222925641856944,-0.04816753179236849,0.006168381747664991,-0.03334601532403834,0.017202301995364037,-0.003692443250398967,0.036790115088717885,-0.0514197076116392,0.001830468052449598,0.0021707320986487596,-0.018328070295484302,0.03866074435831002,-0.0032319781297532367,-0.00033697522455447966,0.022615482757889865,-0.06914997480249842,-0.02116717835554805,0.033515977663694095,-0.004743750226562823,-0.03481065278163616,0.01706044050710233,1.0,0.005288428862764772,-0.0343517977295314,-0.05891774309876008,-0.026607683842942563,-0.007824647204918236,0.013039131152084134,-0.010490302216393908,0.045470758857356915,0.02319243811385998,0.025979588101196084,0.06599653406948952,0.041284629497905775,0.06181204738040389,-0.024819273756301562,-0.031056929152025365,0.015255635998667727,-0.02041890816115357,0.007613476973715385,-0.02198171322875864,0.020439191883607894,-0.06021066287545548,-0.0005093552680561308,-0.03857011845691769,0.0055384334895624615,-0.005582293359320419,0.03640173951118087,-0.04533066881602964,0.006544703235165105,0.005126313929864198,-0.019474301825927954,0.043071354729539615,0.0008571193373520696,0.0066866004973040296,0.03300021246811209,-0.06818694240491843,-0.019565572773463918,0.02828290787939643,-0.012496654584539205,-0.041679540149207626,0.020807530256363692
3.5211423288807335,0.631951668541392,0.8897989575577067,4.0,113.0,126.0,119.0,100.0,72.0,41.0,32.0,10.0,7.0,4.0,0.0,134.0,112.0,131.0,124.0,123.0,130.0,107.0,129.0,113.0,112.0,117.0,107.0,0.17197452229299362,0.37579617834394907,0.45222929936305734,0.2731063238359972,0.3280055594162613,0.3988881167477415,0.01340282948622487,0.008935219657483246,0.011169024571854059,0.011913626209977662,0.0193596425912137,0.016381236038719285,0.0007446016381236039,0.0037230081906180195,0.005956813104988831,0.0022338049143708115,0.0387192851824274,0.008935219657483246,0.0379746835443038,0.008935219657483246,0.016381236038719285,0.027550260610573342,0.0193596425912137,0.0014892032762472078,0.005956813104988831,0.0029784065524944155,0.0037230081906180195,0.02308265078183172,0.004467609828741623,0.03276247207743857,0.011169024571854059,0.01563663440059568,0.024571854058078928,0.034996276991809384,0.008190618019359643,0.02680565897244974,0.03052866716306776,0.00967982129560685,0.10647803425167536,0.005956813104988831,0.045420699925539834,0.020104244229337303,0.04169769173492182,0.058823529411764705,0.06254653760238273,0.010424422933730455,0.034996276991809384,0.018615040953090096,0.011169024571854059,0.04765450483991065,0.005956813104988831,0.0193596425912137,0.0029784065524944155,0.00967982129560685,0.00967982129560685,0.0007446016381236039,1.0,-0.03069995469373109,-0.0024580571659440597,0.015781908748652623,0.02098928935601174,0.009771043144521502,0.004278350249851079,0.005117677961819785,0.02698007334216841,-0.037063580811510885,0.019925126369720436,0.00994024184361603,0.012175483008648454,-0.031241869268847852,-0.03218985553912193,0.025248025773779638,-0.013399154403499126,-0.01605122049561447,0.008053342296938342,-0.018717429720993002,0.03814125204411936,-0.05358937234168237,0.022632114078380765,0.007639874905428274,0.01163728353006645,-0.0097468207072618,-0.01595436749998392,0.019175360479566524,-0.019797814974740216,-0.02626015991536525,0.019913089501684605,-0.023629725792677456,-0.023962013321136816,0.017435917964849564,-0.005678736897779189,0.031959999598348623,0.013692011088351275,0.019421564215431644,0.00042201572336393183,-0.0037905242302032063,0.030915333157950677,1.0,-0.030722830963994672,-0.003408833086046033,0.01565157856584895,0.022038862684241,0.011244189530389487,0.0048197944377069155,0.004798233603999557,0.02671747075533991,-0.03629047929526607,0.017535004310237665,0.009818874548194733,0.012941087950925793,-0.030501673177514996,-0.03513109445477225,0.0222920085208074,-0.012585272528102846,-0.013254434674588986,0.005981712548686302,-0.017530699878267195,0.03888917591749092,-0.049865100837935064,0.019913339447784433,0.005730836710584093,0.017231972790661843,-0.007973092320578188,-0.019009123775401416,0.017738460828104388,-0.022446241056086738,-0.020727889733489824,0.010752750804521873,-0.02076249668237489,-0.024995702917571583,0.01940912820143941,-0.004973707605692248,0.028613003097442708,0.02438027738829387,0.021611834868874476,-0.0022391779890297797,-0.0019327711697569173,0.02763896864960326
3.502433603747253,0.6358125257865503,0.889054355919583,3.0,120.0,128.0,117.0,81.0,82.0,43.0,21.0,12.0,11.0,5.0,0.0,134.0,121.0,131.0,125.0,122.0,126.0,113.0,126.0,113.0,123.0,123.0,121.0,0.17014446227929375,0.3547351524879615,0.4751203852327448,0.26116373477672533,0.3267929634641407,0.41204330175913395,0.01563663440059568,0.008935219657483246,0.0193596425912137,0.01340282948622487,0.012658227848101266,0.014147431124348473,0.0007446016381236039,0.006701414743112435,0.0037230081906180195,0.0022338049143708115,0.0379746835443038,0.010424422933730455,0.029784065524944156,0.0037230081906180195,0.014147431124348473,0.03052866716306776,0.016381236038719285,0.0029784065524944155,0.006701414743112435,0.007446016381236039,0.005956813104988831,0.023827252419955324,0.0029784065524944155,0.03201787043931496,0.01340282948622487,0.01340282948622487,0.02531645569620253,0.045420699925539834,0.0029784065524944155,0.03276247207743857,0.02308265078183172,0.012658227848101266,0.09233060312732688,0.004467609828741623,0.06031273268801191,0.027550260610573342,0.03276247207743857,0.055100521221146684,0.07297096053611318,0.010424422933730455,0.045420699925539834,0.01563663440059568,0.006701414743112435,0.04616530156366344,0.0037230081906180195,0.0193596425912137,0.0029784065524944155,0.006701414743112435,0.004467609828741623,0.0014892032762472078,1.0,-0.012557301908793908,-0.019583879032404338,0.00524654631330581,0.028218215787815682,0.001697379383407438,0.015816907152520338,-0.011854409647817083,0.020792582035187596,0.03351477438041976,-0.030776186021698407,0.06707969557364321,-0.001727170358258084,-0.0374578062656637,0.01386785367123322,0.0227580263352757,0.032346589047495405,-0.004169306852733475,0.015908183649698638,0.012681581420507033,-0.0013928902181979208,0.012569464932823125,-0.014671986563340336,0.010817776765796904,-0.021120169188932305,-0.0075038129430920145,-0.039040636271579186,-0.026530620840225692,-0.01287661577661025,0.007367628236557711,0.0061464600006645945,0.019004737446149916,-0.05462889203370383,-0.02964600539697949,0.010236357582607134,-0.032944095615473956,0.013232892931781296,0.001934175177362518,0.015018894885761412,-0.00844967035386383,0.02551480005761853,1.0,-0.012566659063718502,-0.01977413057459835,0.004761066061791099,0.028058634946640976,0.0026248371636203964,0.017032611346150223,-0.011719698804842913,0.020468164516115876,0.03357742434844413,-0.030235519233568244,0.06884030448933397,-0.0031716475256235847,-0.036753000142686454,0.013562243303513521,0.01749619041308812,0.035675710166245087,-0.005108062224699258,0.018437552506653455,0.012307323610258391,-0.009508136057675797,0.01905993125783658,-0.019512366777477173,0.008067111056593482,-0.0196094998447448,-0.011753170770997017,-0.042090481850986385,-0.03553676764881704,-0.010724363396852572,0.006035712119508427,0.005510536413876091,0.02447144384287061,-0.05808552126478411,-0.02805263808325882,0.005945760220311664,-0.032764561745780754,0.019171839741256788,0.0034909520607184935,0.022159674669200144,-0.00977857980562339,0.02625059109302451
3.4342272657148274,0.6211876071492776,0.8786299329858526,14.0,100.0,127.0,114.0,63.0,88.0,13.0,44.0,36.0,19.0,18.0,5.0,134.0,109.0,131.0,123.0,122.0,127.0,61.0,120.0,119.0,117.0,123.0,102.0,0.22776911076443057,0.3619344773790952,0.41029641185647425,0.2744956772334294,0.3465417867435158,0.37896253602305474,0.008190618019359643,0.004467609828741623,0.010424422933730455,0.014892032762472078,0.010424422933730455,0.016381236038719285,0.0022338049143708115,0.00967982129560685,0.0014892032762472078,0.0014892032762472078,0.04318689501116903,0.004467609828741623,0.03276247207743857,0.0052122114668652275,0.020104244229337303,0.017870439314966492,0.01340282948622487,0.0022338049143708115,0.008935219657483246,0.004467609828741623,0.0037230081906180195,0.03201787043931496,0.004467609828741623,0.03052866716306776,0.004467609828741623,0.011913626209977662,0.0379746835443038,0.04765450483991065,0.0022338049143708115,0.04169769173492182,0.021593447505584513,0.00967982129560685,0.10424422933730454,0.0029784065524944155,0.05658972449739389,0.020104244229337303,0.04839910647803425,0.0774385703648548,0.0573343261355175,0.012658227848101266,0.03350707371556218,0.014147431124348473,0.004467609828741623,0.04393149664929263,0.0014892032762472078,0.014892032762472078,0.005956813104988831,0.011169024571854059,0.008935219657483246,0.0014892032762472078,1.0,-0.015736195440716357,-0.02740033192676294,-0.0033442591266726763,0.02554857714323222,-0.0653312391274778,0.007001197930501971,-0.011867090832217025,0.02086670979849805,-0.00021033481807267718,0.04913187285450933,0.00021769312469417226,-0.004926424105358142,-0.010186263214891612,-0.007861659840692774,0.0029551065820668486,0.009166951869232982,0.0013458944986755824,0.013459045067768972,0.03165425315165429,-0.056409444450986994,0.02015349346206518,0.0038507282319673345,-0.025749597949444956,0.0014766963430670767,0.024795474088579017,-0.02165164007957206,0.02321174776367871,-0.005086205760486483,0.03375431793492107,-0.018486677247882163,-0.04520836773777994,0.0019605935130987545,0.02856747220732784,-0.029604036247649422,-0.014342157604016331,-0.005715005540654428,0.016623985280423897,-0.02180334669507363,0.0058313126551663465,0.027121655264328373,1.0,-0.015747921368764572,-0.02769606301664311,-0.004236311485629786,0.02476723247482433,-0.06507332051219027,0.006421361929959473,-0.015180830245241958,0.019907732750220012,0.0029129842926219974,0.04627117085313946,0.0033624602797630854,-0.005000127187048103,-0.00728231766014798,-0.01112859010507032,0.008829080048121269,0.008363580204100331,0.0029102195141748988,0.011787903953034785,0.03117021122449273,-0.05808105133430605,0.021996349045954225,0.0019230089717362413,-0.024654985213808156,0.008527318465973942,0.015165528526160354,-0.019355186434733735,0.022869751261553516,-0.007432947773456856,0.03229443997544988,-0.009959757268863249,-0.0498335556201732,0.004097241639682072,0.02503143353170127,-0.025856373403481212,-0.016841561038369306,-0.01006882836805114,0.010400384894253272,-0.017846578529882525,0.005887655080787311,0.023726468839933828
3.463354292875004,0.6230146250536772,0.8793745346239762,8.0,105.0,108.0,101.0,94.0,85.0,14.0,56.0,27.0,17.0,5.0,9.0,134.0,108.0,123.0,121.0,115.0,126.0,73.0,124.0,116.0,115.0,120.0,106.0,0.2368839427662957,0.3799682034976153,0.383147853736089,0.278059377262853,0.3381607530774801,0.38377986965966693,0.01563663440059568,0.0037230081906180195,0.00967982129560685,0.008190618019359643,0.011913626209977662,0.014892032762472078,0.0007446016381236039,0.005956813104988831,0.006701414743112435,0.0022338049143708115,0.039463886820551006,0.011913626209977662,0.03201787043931496,0.004467609828741623,0.01712583767684289,0.028294862248696945,0.014892032762472078,0.004467609828741623,0.008935219657483246,0.0037230081906180195,0.0022338049143708115,0.029784065524944156,0.0007446016381236039,0.0379746835443038,0.011913626209977662,0.007446016381236039,0.03723008190618019,0.04318689501116903,0.0037230081906180195,0.04839910647803425,0.03425167535368578,0.010424422933730455,0.09009679821295608,0.0029784065524944155,0.04690990320178704,0.023827252419955324,0.034996276991809384,0.06775874906924795,0.06924795234549516,0.005956813104988831,0.0379746835443038,0.01340282948622487,0.00967982129560685,0.04690990320178704,0.004467609828741623,0.01563663440059568,0.0022338049143708115,0.00967982129560685,0.004467609828741623,0.0014892032762472078,1.0,-0.0018965782927794217,-0.021173431534239836,-0.027514958402680253,0.005762393484620668,0.0106961992967213,-0.01240476783867077,0.016837205874259124,-0.043781332343026114,0.009984633024327552,-0.03397676138304186,0.03513461115888757,0.029398594710006807,-0.00645038560318173,-0.025710901004094167,-0.00977029234071867,0.004244087203414307,-0.08000247197282062,0.029053209684363215,-0.0009332984706175322,0.0217345211441914,-0.00997850208037283,-0.038021957670487924,0.01950702660597536,-0.003957137275578516,0.00022013819768996863,-0.005544799455464254,-0.028788488855623486,-0.02059696065829954,-0.032679529084313874,-0.013899349632728746,0.005773274174120415,0.030773650510470128,0.027213578257757432,0.039401776364503587,0.016459914961749162,-0.05379827834739405,-0.04821411371681474,-0.013079530999168502,0.02410518835014677,0.01456311339066486,1.0,-0.0018979915403895397,-0.021208688878232677,-0.02767045952419646,0.005212941013278118,0.009602029102580843,-0.012958805820401343,0.017622724734172576,-0.04404846360047617,0.009849230116675885,-0.035223374993462425,0.03361320906530075,0.028820747631621027,-0.005631159787251919,-0.02426727610488103,-0.006648589108910457,-0.0013328074343667863,-0.08080312579930463,0.02626091682193142,-0.0012648862232062135,0.019763616823322384,-0.006247973642943987,-0.03789148564530513,0.015625297430995996,-0.005318276770812732,-0.007728964672541822,0.0022750772383050284,-0.03638625346283682,-0.014203221686430862,-0.0326427459076827,-0.0218813243333016,0.000514571920386559,0.02662321203787495,0.032548851533245965,0.039072564583467986,0.020415329356234156,-0.056919515593612226,-0.04929132348334941,-0.01891042552439293,0.014599755091728554,0.02212092903635182
3.489895757988635,0.6129534737079754,0.8883097542814594,2.0,94.0,119.0,105.0,84.0,53.0,27.0,32.0,24.0,10.0,7.0,2.0,134.0,103.0,124.0,118.0,111.0,124.0,83.0,120.0,107.0,105.0,114.0,88.0,0.1556350626118068,0.39892665474060823,0.44543828264758495,0.28399699474079637,0.3313298271975958,0.38467317806160783,0.012658227848101266,0.008935219657483246,0.017870439314966492,0.018615040953090096,0.011169024571854059,0.011169024571854059,0.0007446016381236039,0.007446016381236039,0.0022338049143708115,0.005956813104988831,0.04318689501116903,0.006701414743112435,0.040208488458674606,0.004467609828741623,0.017870439314966492,0.029039463886820552,0.016381236038719285,0.0014892032762472078,0.008935219657483246,0.005956813104988831,0.004467609828741623,0.023827252419955324,0.0022338049143708115,0.023827252419955324,0.02084884586746091,0.010424422933730455,0.03425167535368578,0.04690990320178704,0.0029784065524944155,0.0379746835443038,0.017870439314966492,0.017870439314966492,0.09009679821295608,0.004467609828741623,0.049143708116157855,0.02084884586746091,0.03723008190618019,0.054355919583023084,0.07148175725986597,0.006701414743112435,0.045420699925539834,0.018615040953090096,0.008190618019359643,0.04839910647803425,0.0052122114668652275,0.012658227848101266,0.0022338049143708115,0.005956813104988831,0.004467609828741623,0.0,1.0,0.00809457783437817,0.0807492974666499,0.018652891007896615,0.03663421502372101,0.03212723356413143,0.044727607867267344,0.007257195530937805,0.0772037804321486,0.005732508914837289,0.05552748614885779,0.03477269926126953,-0.03768577456733833,0.013688829062888794,0.056500432403819495,-0.02219241862157499,0.03941353447231865,0.017566120535880126,0.03444689893634724,0.03677879930189685,0.02579311217989858,0.08397642480391765,0.06445082044940706,0.025822841011409175,0.07138387454286414,-0.0017188799216625676,-0.011075017944314416,0.039031879341792634,0.04481980607878122,0.04295614842081704,-0.027709095905271992,-0.019316930714271065,0.015414500699176045,-0.04532784289835082,-0.03033598643835472,0.028029780528086683,-0.009332435422268191,0.02418955432128568,-0.03562564735504981,0.036163260959875716,0.03677758911647679,1.0,0.008100609561527488,0.08080941176017645,0.01755366197403569,0.030172544298445986,0.02916087481591268,0.03931770319768405,0.0009818263687105804,0.06972887283573286,0.0013388055993865716,0.04179857136518541,0.02988966414877941,-0.052518878346368966,0.0034432642375263477,0.05527347314369285,-0.029087954250663888,0.024162067675972176,0.01968073477541063,0.023409614903051375,0.027851292747077244,0.021583889193206144,0.07632382206788291,0.05428323317575426,0.015722487622721264,0.047668161186485106,-0.015898353733124645,-0.029869366503549412,0.02062698388727489,0.03528883421724933,0.025989048325401564,-0.05129540724776926,-0.03563774784815837,0.00034559403182030107,-0.04872200609707922,-0.037154406802789634,0.023694704041994183,-0.002107616796144236,0.013104132248956105,-0.04917044846214666,0.03743179417112069,0.04293792764661676
3.4808844492722084,0.625106445138816,0.8830975428145942,3.0,113.0,125.0,120.0,92.0,94.0,32.0,27.0,14.0,3.0,6.0,2.0,134.0,113.0,129.0,127.0,116.0,130.0,111.0,128.0,115.0,112.0,125.0,111.0,0.196513470681458,0.3629160063391442,0.4405705229793978,0.27015851137146796,0.3239145416953825,0.40592694693314957,0.018615040953090096,0.012658227848101266,0.01563663440059568,0.01712583767684289,0.016381236038719285,0.014892032762472078,0.0007446016381236039,0.006701414743112435,0.0037230081906180195,0.0029784065524944155,0.04095309009679821,0.008935219657483246,0.03648548026805659,0.006701414743112435,0.021593447505584513,0.027550260610573342,0.012658227848101266,0.004467609828741623,0.0037230081906180195,0.0037230081906180195,0.0029784065524944155,0.018615040953090096,0.0014892032762472078,0.02084884586746091,0.014892032762472078,0.011169024571854059,0.03201787043931496,0.045420699925539834,0.004467609828741623,0.03127326880119136,0.026061057334326135,0.018615040953090096,0.10052122114668652,0.0014892032762472078,0.04765450483991065,0.03350707371556218,0.03425167535368578,0.05584512285927029,0.07073715562174236,0.006701414743112435,0.03723008190618019,0.016381236038719285,0.0052122114668652275,0.04988830975428146,0.0029784065524944155,0.021593447505584513,0.0022338049143708115,0.0022338049143708115,0.0052122114668652275,0.0022338049143708115,1.0,-0.03337230285443201,0.05318093684819917,0.048719752888637,-0.04652665566841602,-0.0005760271464610621,0.023205682376482708,-0.019692068588395818,0.035836296197872784,-0.04174434550347269,0.006868210646097782,0.012769062485269447,-0.025403732993714637,0.01434837799532888,0.0369880775723416,-0.01766783250518419,-0.00048434257287856925,0.01237304276847587,0.0024823483473032483,-0.019666792480999694,-0.014523270556815697,-0.028810630679016982,-0.015139815539821022,-0.02032356838176685,0.032209571649759294,0.019223129864449927,-0.005116718933044749,0.03782727811419035,-0.01281610542057842,-0.049143104586448966,-0.016949438675697006,-0.008284889745672189,0.045125821889168735,0.03717990917343689,-0.004146396024328816,0.02022928847994034,0.007002739082148732,0.0036349235351374465,0.027273495375549375,0.020917085034072073,-0.022995038466298787,1.0,-0.03339717044225198,0.052203107028058006,0.05245946186608144,-0.04640842166728495,-0.009160435855201573,0.025843111106612148,-0.01314256689012565,0.030755231395786224,-0.041286153991657214,0.004473943626189048,0.013592297279447108,-0.019361162207544146,0.008466011751096675,0.03807117053856152,-0.010645702712212773,-0.011393123290735696,0.013383061393452618,0.00843194107448812,-0.023246899228647172,-0.018009851845678434,-0.028505492715778444,-0.014049438002555752,-0.015374867386374702,0.03289574432607182,0.022489077315887694,-0.004857859127333361,0.03260091766363203,-0.012212892589327073,-0.05038105899504089,-0.025751733766946543,-0.0016098763162428905,0.051408491436594025,0.04138310084532936,-0.0053547529424524416,0.010361573741906063,0.01504828818944121,0.009411003937746076,0.016717889546512498,0.022949224559381504,-0.026920512611674847
3.4404972157710554,0.6020713031722991,0.8838421444527178,6.0,101.0,122.0,114.0,91.0,83.0,25.0,65.0,23.0,13.0,18.0,7.0,134.0,108.0,125.0,121.0,119.0,130.0,83.0,123.0,112.0,117.0,121.0,106.0,0.23053892215568864,0.36077844311377244,0.4086826347305389,0.27662616154395997,0.33523945675482486,0.38813438170121517,0.011169024571854059,0.006701414743112435,0.014892032762472078,0.00967982129560685,0.01340282948622487,0.014147431124348473,0.0022338049143708115,0.008935219657483246,0.0029784065524944155,0.0029784065524944155,0.03648548026805659,0.01340282948622487,0.04244229337304542,0.005956813104988831,0.01712583767684289,0.021593447505584513,0.014892032762472078,0.0022338049143708115,0.005956813104988831,0.0014892032762472078,0.0022338049143708115,0.02680565897244974,0.004467609828741623,0.026061057334326135,0.017870439314966492,0.008935219657483246,0.03201787043931496,0.044676098287416234,0.0037230081906180195,0.035740878629932984,0.02531645569620253,0.00967982129560685,0.114668652271035,0.0022338049143708115,0.04690990320178704,0.0193596425912137,0.04318689501116903,0.06552494415487714,0.0774385703648548,0.006701414743112435,0.03425167535368578,0.014147431124348473,0.004467609828741623,0.044676098287416234,0.0029784065524944155,0.016381236038719285,0.0029784065524944155,0.00967982129560685,0.005956813104988831,0.0022338049143708115,1.0,0.026322700604545876,0.03026877428418637,0.057660199890540435,0.022699679776808594,0.05520088822684955,-0.008549509857778019,0.053500078619298855,-0.003544878734475294,0.02918892236180409,-0.03155427564833455,0.027577095468562924,-0.0005062315468268261,-0.011454174566249557,0.020049387054793696,0.029212887452288602,0.0003554802052513056,-0.022512570646540886,-0.02636285265209841,-0.013575194268018584,0.01968470146838323,0.009009618261474,-0.027055413960597248,0.03596814955117562,-0.025467916227083102,-0.016879819382350277,0.012705915626373295,-0.016485446011043726,0.02479865741894364,0.00758927678658816,-0.013224467314703366,0.030221247674463516,-0.021226203106636015,0.038560666366236535,0.01773745668671956,-0.018171231810626,0.02052791482110808,0.017501445791698583,0.028472724073972253,-0.018904160749248382,-0.0049183673685172105,1.0,0.02634231513554778,0.02964056841440348,0.05632215022861802,0.019138949056522796,0.051353672947343,-0.01552565556406634,0.049502567504773956,-0.011837778247994637,0.026735711801626247,-0.041320663662188215,0.02901018759679,-0.009015664588505818,-0.007173758265792631,0.013196053423835234,0.034768345781190056,-0.007948501853826022,-0.02019913508577224,-0.03356825423329104,-0.011016918662062492,0.019769104264497777,0.014868032859893193,-0.028481283644063358,0.03846851463932743,-0.026584943429281135,-0.012980454989571767,0.010781281126450314,-0.013034631182467966,0.02274587051886248,0.011850085868603089,-0.01795419461960574,0.03301909892230474,-0.02460536919129229,0.045924959707869285,0.01149116589397694,-0.02451286166062994,0.015309901308051587,0.017485703045952924,0.022630194535571253,-0.017615451061903133,-0.013698216193117153
3.5139579660063105,0.637806549800164,0.8838421444527178,8.0,95.0,116.0,118.0,92.0,90.0,13.0,26.0,17.0,6.0,17.0,0.0,134.0,101.0,123.0,120.0,121.0,117.0,85.0,119.0,107.0,111.0,111.0,105.0,0.20735785953177258,0.3896321070234114,0.40301003344481606,0.27326440177252587,0.33899556868537667,0.38774002954209746,0.01340282948622487,0.008935219657483246,0.014147431124348473,0.00967982129560685,0.016381236038719285,0.014147431124348473,0.0014892032762472078,0.011169024571854059,0.0037230081906180195,0.006701414743112435,0.03648548026805659,0.008935219657483246,0.03276247207743857,0.004467609828741623,0.022338049143708117,0.026061057334326135,0.023827252419955324,0.0052122114668652275,0.011169024571854059,0.0029784065524944155,0.0029784065524944155,0.0193596425912137,0.0029784065524944155,0.02531645569620253,0.014147431124348473,0.011913626209977662,0.03425167535368578,0.039463886820551006,0.0014892032762472078,0.04244229337304542,0.01712583767684289,0.007446016381236039,0.0967982129560685,0.0037230081906180195,0.05658972449739389,0.029039463886820552,0.04095309009679821,0.06031273268801191,0.06031273268801191,0.005956813104988831,0.03723008190618019,0.01563663440059568,0.006701414743112435,0.045420699925539834,0.0029784065524944155,0.014892032762472078,0.0029784065524944155,0.014147431124348473,0.011913626209977662,0.0014892032762472078,1.0,-0.010211670557349846,0.02589177434030756,0.01443106981074879,0.02641088469736607,0.04488488190068139,0.021643053455535195,0.009058644292175892,0.027854327941638637,-0.05016175158514753,0.06677798647734087,0.043192269846573476,0.06401830776170342,0.013916263194591957,0.029113191700481156,0.005679031232494551,-0.014576270236660187,0.0470327791601416,0.009370287650687804,0.020491395018346244,-0.030849034991286668,-0.0009918099768213453,0.016097169453860614,0.0004945042554381937,0.026032911057135302,-0.0033509448192996206,0.015390431328756829,-0.017527502479598136,0.013175358167939417,-0.0007100729285850402,-0.01412031857859208,0.03452945535769536,0.006907773937836726,-0.017495512479790344,-0.008803394057136878,-0.02325130778046653,0.05944484105431654,0.044867733080549865,0.010183021328689597,0.002113606549817793,-0.009926155532421849,1.0,-0.010219279849866491,0.025828653662711667,0.014997043964789491,0.026145058942504896,0.04491778393720762,0.02126746340203862,0.006632016993711903,0.02528802029697999,-0.053419964370725395,0.06182509519050178,0.04478324566757534,0.062132816363288046,0.01215889394759594,0.026330475865711557,-0.001991216326021964,-0.026098585330786978,0.04084445675351114,0.00016159883037213796,0.021061223073557563,-0.0355179718463488,-0.0032472819734162845,0.003868602104187595,-0.005459553747639559,0.01855384558881386,-0.00960935969633732,0.019322065197574415,-0.02422720211410723,0.01271955901740612,-0.013609037872267851,-0.014657778072372068,0.034963580137090326,0.009696109493813686,-0.01475509712738398,-0.015864251220085113,-0.0219382968566503,0.04888486105842974,0.05534048239370842,0.010051039248832811,0.0008076565234052335,-0.008938717600403304
3.4241450586732327,0.6090317624784297,0.8830975428145942,12.0,83.0,109.0,102.0,78.0,99.0,20.0,63.0,30.0,11.0,7.0,1.0,134.0,94.0,118.0,125.0,113.0,128.0,31.0,121.0,117.0,107.0,117.0,72.0,0.28292682926829266,0.359349593495935,0.35772357723577236,0.2999216914643696,0.3617854346123727,0.33829287392325763,0.011169024571854059,0.011169024571854059,0.007446016381236039,0.011169024571854059,0.01340282948622487,0.010424422933730455,0.0022338049143708115,0.008935219657483246,0.0029784065524944155,0.0022338049143708115,0.04318689501116903,0.008935219657483246,0.03648548026805659,0.006701414743112435,0.01712583767684289,0.0193596425912137,0.011169024571854059,0.0022338049143708115,0.00967982129560685,0.0007446016381236039,0.004467609828741623,0.034996276991809384,0.0022338049143708115,0.04318689501116903,0.010424422933730455,0.014147431124348473,0.03127326880119136,0.05286671630677588,0.0,0.04169769173492182,0.02084884586746091,0.01563663440059568,0.0960536113179449,0.0022338049143708115,0.07222635889798958,0.014892032762472078,0.04244229337304542,0.06552494415487714,0.06552494415487714,0.00967982129560685,0.03052866716306776,0.014892032762472078,0.0037230081906180195,0.040208488458674606,0.0022338049143708115,0.011913626209977662,0.0052122114668652275,0.008935219657483246,0.004467609828741623,0.0007446016381236039,1.0,-0.004848978497060404,0.034756357457277245,0.009603863489462799,-0.002689531111665893,-0.043934445520011224,0.0422279542847336,0.047982491525293866,0.011584856869463103,0.014890212711336268,-0.013674857680397641,0.050951740305158796,0.007287348342729933,-0.007378994759666037,0.005484327379824732,-0.01296679469589511,-0.029032962593072996,0.023286873522864997,0.0435474321433159,0.013395703790519487,0.010785971642030438,0.004919587508564459,-0.021417037329138276,-0.014314408908947637,0.0013320695355125989,-0.01308343556928191,0.012504344440358842,-0.01211094442814758,0.007651161175434305,-0.028730594254495985,0.046476646612142604,-0.010000574564578058,0.012633842027854348,-0.003476415283545143,0.009210127656063985,0.018838827581125813,-0.014899979399450057,-0.026601633850780546,0.004698876915312925,-0.00221653853691227,-0.011823449586907548,1.0,-0.004852591744822744,0.034785465402929254,0.009969496531870332,-0.00381830012822176,-0.04487398747517267,0.042239192130628156,0.05205145998411092,0.010095937010369704,0.010272272927328525,-0.01730902620898178,0.05473278957184196,0.01177876850767948,-0.014163249346355555,0.0010965259696225683,-0.015673900414660047,-0.024702402674182618,0.022039100968435546,0.040269898883442096,0.012497596965380432,0.004839584889745543,0.0034015400898840193,-0.018687619783087916,-0.011568905181973739,8.696429326297333e-05,-0.01720666507203126,0.010153290298248246,-0.011850457430158707,0.0060871626387542085,-0.031033201204441033,0.04657223116381886,-0.005860527193049721,0.008563686527112589,0.0006740926161908287,0.011291018777442517,0.024239221316287713,-0.017693075034276848,-0.03550041023177082,0.0032125693024275827,-0.0016500064323413265,-0.004951284152708071
3.500098780238573,0.6240207917628681,0.8830975428145942,8.0,112.0,124.0,123.0,85.0,88.0,33.0,21.0,15.0,5.0,1.0,0.0,134.0,113.0,129.0,126.0,119.0,130.0,107.0,127.0,113.0,113.0,125.0,107.0,0.1902439024390244,0.37073170731707317,0.43902439024390244,0.27096327096327094,0.3264033264033264,0.40263340263340264,0.014147431124348473,0.0052122114668652275,0.01712583767684289,0.012658227848101266,0.02084884586746091,0.011913626209977662,0.0014892032762472078,0.006701414743112435,0.0022338049143708115,0.0014892032762472078,0.045420699925539834,0.00967982129560685,0.029784065524944156,0.007446016381236039,0.017870439314966492,0.02308265078183172,0.011913626209977662,0.0014892032762472078,0.011169024571854059,0.004467609828741623,0.0037230081906180195,0.020104244229337303,0.004467609828741623,0.027550260610573342,0.014892032762472078,0.008190618019359643,0.02308265078183172,0.03425167535368578,0.0052122114668652275,0.0379746835443038,0.029039463886820552,0.00967982129560685,0.08711839166046165,0.006701414743112435,0.05658972449739389,0.021593447505584513,0.03723008190618019,0.07222635889798958,0.0759493670886076,0.010424422933730455,0.0379746835443038,0.021593447505584513,0.00967982129560685,0.04616530156366344,0.0022338049143708115,0.0193596425912137,0.004467609828741623,0.007446016381236039,0.006701414743112435,0.0022338049143708115,1.0,0.019375936631765827,-0.015396228441265335,0.027272094711028833,-0.016949962664944872,-0.02173053260480751,0.03367998124653465,0.03726622441009271,-0.003483830846088047,0.03299820789124063,0.00413608720988606,-0.007280401984371862,-0.010630502244093117,0.030261863433842993,0.03302859953538021,0.015751135230363394,-0.01593131747777979,-0.018628996584074516,-0.055535324882163145,-0.04730021798790371,0.01294902766887455,0.005836064623185775,0.014327283121418871,0.007256880166322019,0.007763224821175653,-0.026667758537392876,-0.024318862384078557,-0.009898722842223972,0.019391912352442815,-0.0226691439060531,0.018214910036543883,0.028492951349909677,-0.0006113112115654198,0.007457360693132252,-0.005701488539263521,-0.008267631930281863,-0.014062934571245186,0.0163000146235584,-0.05288318538970487,-0.020339306940887567,-0.0016694672473888598,1.0,0.019390374736558507,-0.015801118392365327,0.027960740760433162,-0.018371195799288673,-0.02024772783133392,0.03342272996629767,0.03649943269986452,-0.003117077518331178,0.03203607303002288,0.0014828781218770572,-0.003604550974093597,-0.011900791770241505,0.029400919388817084,0.03263696631836685,0.014312706941414413,-0.020680636748592458,-0.018653289097514483,-0.054950865028232994,-0.045440916067536086,0.010156585302471387,0.0035282364603390695,0.013337398558327577,0.002885542707754892,0.01020236948372079,-0.018922188634901287,-0.020270269562879997,-0.009429637007486608,0.02155290336523707,-0.02602442465906797,0.018703547369268728,0.030063157204994924,0.01025247995133618,0.012262812119330389,-0.009127514715523127,-0.01016179035322559,-0.01826002190677052,0.006816096012324192,-0.05618731071519201,-0.015582732213189673,-0.0016188336727467007
3.531220431011014,0.6381495028347445,0.8905435591958303,5.0,110.0,123.0,116.0,92.0,92.0,46.0,39.0,17.0,14.0,16.0,2.0,134.0,111.0,126.0,120.0,113.0,128.0,109.0,126.0,111.0,113.0,117.0,113.0,0.20238095238095238,0.3556547619047619,0.4419642857142857,0.2730471498944405,0.3216045038705137,0.40534834623504573,0.01563663440059568,0.005956813104988831,0.01712583767684289,0.014892032762472078,0.020104244229337303,0.011169024571854059,0.0014892032762472078,0.006701414743112435,0.005956813104988831,0.0037230081906180195,0.044676098287416234,0.014147431124348473,0.027550260610573342,0.006701414743112435,0.0193596425912137,0.02308265078183172,0.022338049143708117,0.0014892032762472078,0.0052122114668652275,0.0052122114668652275,0.004467609828741623,0.02531645569620253,0.004467609828741623,0.021593447505584513,0.01563663440059568,0.014892032762472078,0.021593447505584513,0.03350707371556218,0.004467609828741623,0.034996276991809384,0.029039463886820552,0.0193596425912137,0.10349962769918093,0.0022338049143708115,0.054355919583023084,0.024571854058078928,0.03723008190618019,0.044676098287416234,0.06775874906924795,0.005956813104988831,0.039463886820551006,0.021593447505584513,0.010424422933730455,0.04169769173492182,0.004467609828741623,0.0193596425912137,0.0022338049143708115,0.0052122114668652275,0.011913626209977662,0.0014892032762472078,1.0,0.009182714842543975,-0.03160519843062086,-0.00021792273209831996,0.04925012164998226,0.00015000362829591606,0.0036239198163154477,0.0035587282021514017,-0.003124125461904684,0.017243417163007587,-0.01240768777292541,0.014648211391891033,0.00624543878197161,0.00833125832281211,0.019163539252373678,0.01037593071420929,-0.02013703727509531,0.024675468919224754,-0.017081434834596076,-0.013088748825201413,-0.004028372682385246,0.02320740397708496,-0.01891253500427679,0.025205712965948982,0.016383011958563627,-0.04232563606295112,-0.019169010805097208,0.007798692510376945,-0.004606798765622634,-0.011121940478764459,-0.0351688959139112,0.02569839902551022,-0.004362918085901597,0.05194103854817916,-0.02229575350915812,-0.008615351448811965,0.03737354429596962,0.014764517335427949,-0.009100209719411431,0.008278199168010866,0.042670358379830804,1.0,0.009189557402039172,-0.0317394634902446,0.00037377211003710055,0.048444040871792694,-0.0007746378619986088,0.0066945112650700755,0.003487411252821368,-0.005308927183341388,0.017753323237890816,-0.013649293285533002,0.015804984720171215,0.005641173104659172,0.007476627939488943,0.02102711521629906,0.008951713687864892,-0.019975387305706808,0.02546711984414806,-0.021757028322490483,-0.01185351192205682,-0.003920122160209804,0.020440616923833994,-0.01809950516949535,0.02810133058312992,0.015165526370460909,-0.043545385577230276,-0.017992096796473542,0.004404482535158418,-0.00894625874593656,-0.00658969118212475,-0.03509186086429194,0.028063179713374218,-0.00806701677502687,0.05862469858024828,-0.021461425881178196,-0.00898327571090775,0.03919699251124873,0.009564477663494468,-0.008478532648624654,0.016102694392350018,0.03894146095082978
3.4778045515741165,0.6555381317404585,0.8756515264333582,3.0,110.0,122.0,123.0,103.0,70.0,38.0,42.0,14.0,2.0,7.0,5.0,134.0,113.0,127.0,125.0,124.0,126.0,111.0,126.0,113.0,112.0,118.0,111.0,0.17996870109546165,0.37871674491392804,0.4413145539906103,0.26805555555555555,0.32916666666666666,0.4027777777777778,0.011169024571854059,0.008935219657483246,0.01340282948622487,0.007446016381236039,0.00967982129560685,0.008190618019359643,0.0022338049143708115,0.008190618019359643,0.0029784065524944155,0.0037230081906180195,0.04393149664929263,0.008190618019359643,0.03350707371556218,0.008190618019359643,0.017870439314966492,0.021593447505584513,0.017870439314966492,0.0029784065524944155,0.006701414743112435,0.0029784065524944155,0.0022338049143708115,0.02531645569620253,0.0029784065524944155,0.027550260610573342,0.012658227848101266,0.012658227848101266,0.02308265078183172,0.03723008190618019,0.0052122114668652275,0.04393149664929263,0.024571854058078928,0.011169024571854059,0.10349962769918093,0.0029784065524944155,0.05658972449739389,0.027550260610573342,0.035740878629932984,0.06850335070737155,0.06105733432613552,0.008190618019359643,0.040208488458674606,0.018615040953090096,0.008190618019359643,0.05063291139240506,0.0014892032762472078,0.02308265078183172,0.0052122114668652275,0.00967982129560685,0.008190618019359643,0.0022338049143708115,1.0,0.051899802352416494,0.010359289664360253,0.013146661347318933,-0.007760676462399969,-0.018628073142668154,0.008964562603283169,0.03168087467106746,0.004790681583923922,0.0036174650806214195,0.016128733286756857,0.030012478298854985,-0.0029218801446288536,0.005410111168561933,0.0047790838845766705,0.0031884439043522402,0.016936641611621023,0.05385141317114424,0.019881917454769197,0.027032228069349063,0.01136285221605568,-0.009818476742483229,0.057934138079727436,0.01115523431833287,0.02442485938860637,-0.01800472990314827,0.00358649125890003,0.02572564107897423,0.0027958752592496007,-0.007289938603975473,0.010366602305421668,-0.012055250008395274,-0.02079304672968704,0.04395709069330684,0.027313136691440518,0.012110800958111055,0.0035408425893364835,-0.007081367414883106,-0.009079990299947986,-0.040274172382817414,-0.010806027529878762,1.0,0.051938475826598614,0.007697900386271175,0.012275416465842058,-0.009199301701071637,-0.01809892699428633,0.010915302838888658,0.031465570370237,0.0018163125855262352,0.0021794272710945416,0.014929565045511507,0.02953293499421112,-0.005217622764227292,0.0045359937996632144,0.002943439863073753,0.0037128843823078703,0.017300372290769344,0.05135565328787773,0.012894609519998667,0.024742828248364355,0.007154198878113312,-0.011376952398004203,0.06077331711264646,0.0047816091067742605,0.02087377553065835,-0.02417238476784525,0.0034166435838261125,0.02569888892626865,-0.002213581334208184,-0.012575041548025667,0.006973330181812953,-0.014488233321227683,-0.019535581122477004,0.04130530558603774,0.019010858367006913,0.006533926135828947,-0.0016210425561171142,-0.011576876915161762,-0.008159896071095761,-0.04532794408742743,-0.011741597188028939
3.506558396784279,0.6414566831202052,0.8816083395383469,11.0,109.0,127.0,111.0,88.0,69.0,40.0,48.0,28.0,12.0,15.0,3.0,134.0,111.0,131.0,121.0,119.0,127.0,105.0,123.0,106.0,116.0,112.0,109.0,0.19364599092284418,0.3615733736762481,0.44478063540090773,0.27157001414427157,0.32673267326732675,0.4016973125884017,0.011169024571854059,0.006701414743112435,0.014892032762472078,0.01712583767684289,0.014892032762472078,0.01563663440059568,0.0052122114668652275,0.004467609828741623,0.008190618019359643,0.0029784065524944155,0.040208488458674606,0.008190618019359643,0.03201787043931496,0.007446016381236039,0.016381236038719285,0.023827252419955324,0.020104244229337303,0.0037230081906180195,0.007446016381236039,0.004467609828741623,0.0037230081906180195,0.021593447505584513,0.0037230081906180195,0.0387192851824274,0.00967982129560685,0.010424422933730455,0.02680565897244974,0.035740878629932984,0.006701414743112435,0.03127326880119136,0.023827252419955324,0.010424422933730455,0.10275502606105734,0.004467609828741623,0.04839910647803425,0.02680565897244974,0.039463886820551006,0.06552494415487714,0.07371556217423679,0.010424422933730455,0.03723008190618019,0.011169024571854059,0.011913626209977662,0.044676098287416234,0.0022338049143708115,0.012658227848101266,0.0022338049143708115,0.00967982129560685,0.007446016381236039,0.0014892032762472078,1.0,0.02589567196035601,-0.0513345398042496,0.009457350487979417,0.03113346373178011,-0.018485139939211765,0.015386090201344418,0.02293799036074867,-0.027885508163900563,-0.02595842887932757,0.0018330348192147482,-0.012655961083284971,0.004688327205290231,0.006617989394230684,0.0008777470977132267,0.03101774962953496,-0.012721313745334625,0.0030814461593170477,-0.031551026236473365,-0.0245220350662653,0.0035934509818001258,-0.03280115085453674,0.011704773553065595,0.00892049110925217,-0.015849365188966395,-0.012547360858926642,0.062120831752455564,-0.011691858152354618,-0.04132687612053428,-0.014459410418931591,-0.01793333133223913,-0.013814591617562233,0.021443664175084663,0.02963834711673066,-0.008851731995793246,-0.02388339009914603,-0.022079899785179772,-0.04094682848924167,-0.014219182008480397,-0.042799789336180095,0.0015194451464425806,1.0,0.0259149682881953,-0.052117688454346306,0.012272460986832339,0.028046473133972714,-0.01915047208134991,0.01951868170153573,0.01964474841036577,-0.028160158813139078,-0.021696008111342736,-0.0014328933654724355,-0.01545465238200021,0.008242901645217997,0.004685817706603126,0.0010433715989599352,0.034902447139398704,-0.01552870751878256,0.006218980855438855,-0.03448001062630915,-0.025868070752958956,0.0031505798714908167,-0.037108727744865275,0.0162776660515674,0.007823048622083035,-0.014033672287412303,-0.007183009829419013,0.061119566751984135,-0.0196418216993124,-0.034219435510493695,-0.01874723640121056,-0.02827191855797325,-0.006802732805441271,0.019491413958036247,0.028703921027811403,-0.0012390330525527383,-0.018975387788456168,-0.024631423657363014,-0.04824896237975202,-0.01733553666169902,-0.05359553761812025,0.003061981849333354
3.4777157178482727,0.6327956529733583,0.8845867460908414,10.0,121.0,123.0,122.0,106.0,69.0,42.0,37.0,25.0,8.0,8.0,5.0,134.0,123.0,127.0,127.0,126.0,130.0,111.0,129.0,127.0,121.0,124.0,113.0,0.17159763313609466,0.386094674556213,0.4423076923076923,0.2634048257372654,0.33579088471849866,0.4008042895442359,0.016381236038719285,0.006701414743112435,0.01712583767684289,0.010424422933730455,0.01563663440059568,0.011169024571854059,0.0022338049143708115,0.006701414743112435,0.0052122114668652275,0.0007446016381236039,0.04393149664929263,0.011169024571854059,0.035740878629932984,0.008935219657483246,0.016381236038719285,0.03052866716306776,0.018615040953090096,0.0052122114668652275,0.007446016381236039,0.0052122114668652275,0.0014892032762472078,0.02308265078183172,0.0029784065524944155,0.022338049143708117,0.010424422933730455,0.011169024571854059,0.023827252419955324,0.039463886820551006,0.0052122114668652275,0.03350707371556218,0.02531645569620253,0.00967982129560685,0.10573343261355175,0.0022338049143708115,0.05361131794489948,0.017870439314966492,0.03276247207743857,0.06701414743112435,0.0774385703648548,0.008935219657483246,0.03052866716306776,0.021593447505584513,0.004467609828741623,0.04690990320178704,0.0037230081906180195,0.017870439314966492,0.0022338049143708115,0.012658227848101266,0.008935219657483246,0.0014892032762472078,1.0,-0.009582159231591413,0.0033272463597005066,-0.013644633056329231,0.04592417466426865,-0.052080913505135266,0.05774189667932459,0.009831401690561693,-0.008401826053158487,-6.339689140196135e-06,0.011269445794582717,0.01568899083894168,-0.029784077263911326,0.007635929700636084,0.011365518413728378,-0.029027048554987143,0.009547799693571299,0.0369815068426594,-0.00035701765624199683,0.04028393605543657,-0.025511696303478836,-0.02294514643308996,0.03132909076151419,0.023630687955429882,-0.0019615774317480192,0.014143126926100511,0.044139448643505115,0.02463994295909704,-0.006461609521617076,0.012971714709359594,0.03695922007482918,0.022745128255016248,-0.036858292155471116,0.03586809576660689,0.042824143880986563,0.027175455968358662,-0.06319317191341865,-0.006053281593018336,-0.047875267249058905,-0.02956752438154007,-0.007359274059484386,1.0,-0.009589299439662647,0.0032405520159348904,-0.013613650903705334,0.04580352775714491,-0.051465052736832176,0.057017941140893154,0.012077060008001723,-0.0120629622499799,0.006166181322966197,0.0037872262528385898,0.02072218741767348,-0.03134722357777686,0.0050913772615892245,0.0129013592247327,-0.03145739103189383,0.013423248351846414,0.03227140830123762,0.0019491779325096698,0.04579011398722002,-0.0315704526330571,-0.022459429962643815,0.036654184742582925,0.015759490567505086,0.0029280435130696427,0.010446820541170741,0.0448222978595716,0.02882320354147894,-0.009393916369181438,0.012735080408303534,0.03428643001690759,0.028481547427735784,-0.03990053894697442,0.02779711116108732,0.0498774558633786,0.026537669364727956,-0.07062933661793443,-0.013241497896345012,-0.042106663470556825,-0.03348903350341323,-0.009724471423888053
3.4761034777595428,0.6344985597635809,0.8875651526433358,6.0,107.0,123.0,115.0,100.0,98.0,27.0,27.0,14.0,8.0,0.0,6.0,134.0,107.0,125.0,125.0,115.0,130.0,107.0,119.0,107.0,108.0,111.0,107.0,0.2076069730586371,0.375594294770206,0.41679873217115687,0.2745519713261649,0.32616487455197135,0.3992831541218638,0.018615040953090096,0.010424422933730455,0.01563663440059568,0.01712583767684289,0.01340282948622487,0.010424422933730455,0.0,0.004467609828741623,0.004467609828741623,0.004467609828741623,0.04318689501116903,0.005956813104988831,0.029784065524944156,0.007446016381236039,0.020104244229337303,0.023827252419955324,0.00967982129560685,0.0029784065524944155,0.00967982129560685,0.0022338049143708115,0.0029784065524944155,0.0193596425912137,0.0029784065524944155,0.027550260610573342,0.012658227848101266,0.010424422933730455,0.026061057334326135,0.04988830975428146,0.005956813104988831,0.03276247207743857,0.029784065524944156,0.014147431124348473,0.09903201787043932,0.0014892032762472078,0.05658972449739389,0.021593447505584513,0.03127326880119136,0.05956813104988831,0.07446016381236038,0.005956813104988831,0.04169769173492182,0.020104244229337303,0.008935219657483246,0.04765450483991065,0.0022338049143708115,0.017870439314966492,0.0022338049143708115,0.00967982129560685,0.00967982129560685,0.0014892032762472078,1.0,-0.008194379264827916,-0.008696329961880267,0.061704884911838925,0.050128353848640714,0.0009176446565241112,0.02517160357498261,0.046887517139202806,0.013485332478120627,-0.004052063010253456,-0.025591921567154827,0.033132508358548356,0.0184199483717845,-0.029962836864976243,0.012936260166642836,0.008402276024918734,0.05016369955662047,0.05750938551406322,-0.025348141230218238,0.04196256470140522,-0.006395866748505274,0.024227303170603585,0.015611008958258487,0.03979711146128793,0.03800429361944681,0.04269923027671599,-0.0022859484336816846,0.023175383090426386,-0.012463638380884682,0.046651607818546346,-0.021726946391683252,-0.025046548135893677,0.0059422750001018225,-0.006373157408403517,0.0003189644331745156,-0.03314289661213312,0.029279277120069645,-0.001924132619746935,-0.010959244429715733,0.01245349288835559,-0.012701959837833543,1.0,-0.008200485359660144,-0.00877713808456106,0.06170790930527147,0.051393324965050995,0.0029358462120195,0.022476079308992578,0.04168556484597877,0.012277850330185157,-0.006140355635063266,-0.033711131704470335,0.02680228069726895,0.01754762352033329,-0.027782409004827726,0.009475698497518514,0.002531948226233234,0.05517312808559329,0.06314456156563485,-0.028380509741400134,0.035549353546219686,-0.017336074467718066,0.02420760978712772,0.01076439676436294,0.02851389507091778,0.0360218489831742,0.042803236879887366,-0.0058302964980682164,0.017175037917572498,-0.030263258166042868,0.047288854174883134,-0.028344438221798843,-0.033944659721631874,-0.0029590971526832666,-0.016765893583790496,0.0071520487188415985,-0.034254692504824144,0.022328266876250905,0.005059084450168198,-0.010829860111724343,0.013113456834518183,-0.02846785769580425
3.491868203165493,0.6126382941689819,0.8801191362620998,6.0,107.0,120.0,113.0,85.0,97.0,38.0,51.0,12.0,13.0,10.0,11.0,134.0,109.0,126.0,115.0,117.0,120.0,95.0,115.0,110.0,115.0,117.0,111.0,0.23227752639517346,0.33634992458521873,0.43137254901960786,0.2666184971098266,0.3302023121387283,0.4031791907514451,0.01712583767684289,0.005956813104988831,0.014892032762472078,0.014892032762472078,0.012658227848101266,0.00967982129560685,0.0,0.011169024571854059,0.007446016381236039,0.0007446016381236039,0.0387192851824274,0.008935219657483246,0.039463886820551006,0.006701414743112435,0.017870439314966492,0.02680565897244974,0.01563663440059568,0.0007446016381236039,0.010424422933730455,0.007446016381236039,0.0052122114668652275,0.026061057334326135,0.0022338049143708115,0.03201787043931496,0.010424422933730455,0.016381236038719285,0.03201787043931496,0.03350707371556218,0.0037230081906180195,0.035740878629932984,0.024571854058078928,0.01340282948622487,0.09233060312732688,0.0007446016381236039,0.06478034251675353,0.02084884586746091,0.04095309009679821,0.05584512285927029,0.07073715562174236,0.011913626209977662,0.03350707371556218,0.022338049143708117,0.005956813104988831,0.04244229337304542,0.0014892032762472078,0.014892032762472078,0.0029784065524944155,0.008935219657483246,0.0052122114668652275,0.0014892032762472078,1.0,-0.03572599973927264,0.029404483737872408,-0.0020133543199585806,0.005758448893963167,-0.013339689060841752,0.04423147262347078,0.0015800492510704275,-0.021143546020334084,0.018046219469264206,0.016996229049716507,0.015940046458559107,-0.0466933569359843,-0.0023000405366264544,0.017493467934732363,-0.051681095555668397,0.039398094144127954,0.00042470238613431013,-0.02987750719121689,-0.021148207965526935,0.02711141422441728,-0.010313661580959829,-0.055950843310589256,0.02317646310013136,0.014842012314171173,0.01278882941603254,0.0383204088219968,0.003994783406627594,-0.02262185837097712,-0.06840362017804892,-0.014679896515953972,0.00878168330553198,-0.010974102108027529,0.02481830612881393,-0.03727867802509345,-0.011009756910573815,-0.005731806062562817,0.011790473933403416,-0.02819269688062584,-0.01191683944170257,0.0017182646272230625,1.0,-0.035752621199585055,0.028206142877058027,1.376854948546127e-05,0.004885522341047631,-0.012990196242240109,0.04330766039711261,0.005389937357367285,-0.02367905585821235,0.016681469540463945,0.019168485705172298,0.017403067222839973,-0.04896001213086262,-0.007552608296493394,0.022730681033887475,-0.05221718795638444,0.03395435828094466,0.0041844690619892095,-0.028338417895195294,-0.022031087769003848,0.021846691866900962,-0.0011336421798767969,-0.060288219372226025,0.01864293666929715,0.023418681680835735,0.014704895424559855,0.038126829715816386,-0.0009305648391199548,-0.01424234122319681,-0.0713109897215352,-0.02967423573480713,0.01630108283982654,-0.009026140100350393,0.022829009083376064,-0.04294619650255524,-0.006059382797991126,-0.0038681699792912686,0.000845156614143479,-0.013245133444613769,-0.012736412603917804,0.001121539812308955
3.51691785983133,0.644688958946698,0.8868205510052122,4.0,106.0,123.0,116.0,90.0,98.0,49.0,59.0,11.0,10.0,11.0,3.0,134.0,110.0,127.0,123.0,119.0,128.0,95.0,123.0,119.0,117.0,115.0,109.0,0.23676470588235293,0.3338235294117647,0.4294117647058823,0.2713178294573643,0.3368569415081043,0.3918252290345314,0.010424422933730455,0.006701414743112435,0.014147431124348473,0.011913626209977662,0.016381236038719285,0.011169024571854059,0.0014892032762472078,0.010424422933730455,0.006701414743112435,0.0007446016381236039,0.04393149664929263,0.010424422933730455,0.04318689501116903,0.007446016381236039,0.014892032762472078,0.020104244229337303,0.011913626209977662,0.0029784065524944155,0.014147431124348473,0.008935219657483246,0.0037230081906180195,0.02308265078183172,0.0037230081906180195,0.02308265078183172,0.014892032762472078,0.011169024571854059,0.02680565897244974,0.04988830975428146,0.006701414743112435,0.03425167535368578,0.02308265078183172,0.01340282948622487,0.10275502606105734,0.004467609828741623,0.058078927773641105,0.020104244229337303,0.0379746835443038,0.04616530156366344,0.07073715562174236,0.011913626209977662,0.034996276991809384,0.02308265078183172,0.006701414743112435,0.04095309009679821,0.0014892032762472078,0.014892032762472078,0.004467609828741623,0.008935219657483246,0.007446016381236039,0.0029784065524944155,1.0,0.002865827221764212,-0.018158054172136086,0.04327766774892966,0.027204906080805495,-0.004833607793984558,-0.004779121944535004,-0.010280201195825118,0.0046955683837994885,-0.005338805158293742,0.02424782137827899,0.00014330271897902838,0.0012984798838423714,0.0019577424625039515,-0.017936006177384778,0.01116334246011132,-0.03554809899941676,-0.03372893087389731,0.0069454316405920076,-0.041701891790061875,-0.006893057867210229,-0.01542439626574912,-0.020805117222463095,0.005333421663792919,-0.04775680998210229,-0.027682777913705388,0.013298157846824648,0.033277088177808514,-0.055801896568549995,0.008627466787210932,0.0027166710757512793,-0.03785337097169743,-0.03056782419589675,0.012070929027468532,0.011138832146782447,0.0062740972530633335,-0.020598499572458417,-0.0036238446930704957,-0.03160923033217099,-0.004905990172201506,-0.0044105485203770264,1.0,0.0028679627114972747,-0.018193510391114873,0.04349459403004688,0.02672690115016768,-0.003445457418180243,-0.005705676816982242,-0.012835324081672914,0.004242340503897157,-0.005140615950237193,0.025975569935489214,1.7640961074841283e-05,0.002295947831956776,-4.0049259128854275e-05,-0.019661777221791927,0.01158536825763108,-0.03693709476656266,-0.03141027401990211,0.005747038106015322,-0.04106944131696363,-0.0023943093226452454,-0.016742615108147875,-0.01846979019818191,0.006141269938785764,-0.04800739948499973,-0.02639818046362137,0.012714007104144507,0.038555500397861465,-0.05386148531529471,0.012877501039201144,-0.0049133814415969436,-0.03750093092943673,-0.028133829418988482,0.0061817869052960975,0.016492606309585406,0.008226228388910234,-0.023843390417223165,-0.008288612350646925,-0.039633913864940924,-0.0058936457855095015,-0.007241872815622928
3.5195570359103803,0.6237328753694836,0.8830975428145942,9.0,120.0,129.0,126.0,96.0,91.0,64.0,34.0,28.0,13.0,1.0,0.0,134.0,121.0,131.0,126.0,124.0,130.0,105.0,129.0,125.0,125.0,127.0,113.0,0.18846694796061886,0.369901547116737,0.44163150492264414,0.26375838926174494,0.33557046979865773,0.4006711409395973,0.011913626209977662,0.011169024571854059,0.012658227848101266,0.010424422933730455,0.016381236038719285,0.011169024571854059,0.0014892032762472078,0.010424422933730455,0.0014892032762472078,0.0014892032762472078,0.0387192851824274,0.011169024571854059,0.0387192851824274,0.005956813104988831,0.02308265078183172,0.027550260610573342,0.017870439314966492,0.0029784065524944155,0.00967982129560685,0.008190618019359643,0.0037230081906180195,0.018615040953090096,0.004467609828741623,0.021593447505584513,0.018615040953090096,0.012658227848101266,0.02531645569620253,0.03276247207743857,0.0052122114668652275,0.0387192851824274,0.026061057334326135,0.00967982129560685,0.10498883097542815,0.0029784065524944155,0.05212211466865227,0.02531645569620253,0.034996276991809384,0.06105733432613552,0.058823529411764705,0.008190618019359643,0.029784065524944156,0.017870439314966492,0.008190618019359643,0.055100521221146684,0.0029784065524944155,0.014892032762472078,0.0022338049143708115,0.01712583767684289,0.011169024571854059,0.0022338049143708115,1.0,0.005409338646484755,0.05335013057648789,-0.023291790400804233,0.01848821393680856,-0.03141139533970984,0.01091206364135135,0.034913612971295194,0.02757892605461092,0.01909017613085196,0.03618399927306323,-0.022334632446800742,0.031359713403597056,-0.040230148838070655,-0.0006567116234256953,-0.0692677581544503,0.01922865103526785,0.006208774640202818,0.03772357644277435,-0.04184875794854086,0.003187695381614933,-0.030472428083860567,-0.01013125112777689,0.00824571273412923,0.006954571241407195,0.017402875109806797,-0.005549447259099617,-0.006187277343144893,0.008171731880102584,0.010546591141288168,0.08760184434749912,0.009424022319892237,0.021126347571340385,-0.0038280510024300543,0.0726451196278033,-0.01934329121706408,-0.01750800638349144,-0.02213684220991361,-0.04314385941614503,-0.03869496868429469,-0.004570745356229939,1.0,0.005413369450245177,0.053401958610748444,-0.023975884015004122,0.01601825880667077,-0.029334231025494244,0.009033893978246178,0.03913324958989399,0.024619844122026256,0.016593198562631487,0.03410096924134704,-0.024511611372677145,0.030645044317930713,-0.03706310243832288,-0.006372092858392964,-0.06456192214113787,0.014089863883228729,0.012851217163179164,0.03099488487365404,-0.04361380917013539,-0.002443804173846245,-0.021565244819064928,-0.008163117480528241,0.020601373605866936,0.002488978048509756,0.020522888747288574,-0.01110664117200432,-0.003976010262317263,0.006928593007712484,0.016786570227701192,0.08416120158220027,0.015352685282162567,0.009015168253905456,0.001458194853885915,0.06538265394780064,-0.01842714158339496,-0.028886689169448563,-0.024530422097991108,-0.04978916189153815,-0.03869032575205787,-0.009225774343714343
3.511331343877077,0.6491944700179924,0.889054355919583,4.0,109.0,121.0,108.0,90.0,74.0,51.0,26.0,14.0,20.0,5.0,1.0,134.0,109.0,125.0,117.0,118.0,125.0,109.0,123.0,108.0,110.0,109.0,109.0,0.16693418940609953,0.3723916532905297,0.4606741573033708,0.27363896848137537,0.32449856733524357,0.40186246418338106,0.012658227848101266,0.0052122114668652275,0.014892032762472078,0.014147431124348473,0.014147431124348473,0.011169024571854059,0.0014892032762472078,0.010424422933730455,0.007446016381236039,0.004467609828741623,0.03425167535368578,0.008190618019359643,0.03350707371556218,0.008190618019359643,0.023827252419955324,0.024571854058078928,0.01563663440059568,0.004467609828741623,0.008935219657483246,0.004467609828741623,0.004467609828741623,0.0193596425912137,0.0022338049143708115,0.02531645569620253,0.016381236038719285,0.01563663440059568,0.02531645569620253,0.05212211466865227,0.004467609828741623,0.027550260610573342,0.023827252419955324,0.011169024571854059,0.10275502606105734,0.0037230081906180195,0.05286671630677588,0.020104244229337303,0.024571854058078928,0.06180193596425912,0.07222635889798958,0.008190618019359643,0.03723008190618019,0.014892032762472078,0.00967982129560685,0.05212211466865227,0.0022338049143708115,0.021593447505584513,0.006701414743112435,0.010424422933730455,0.008935219657483246,0.0,1.0,0.01906981093941177,0.03623402061756898,0.01768594671906876,0.023147285036653188,0.031322276251152414,0.0205127775339774,0.0005267564250250665,0.010196113678084456,-0.011316718782771643,0.033982857481118636,0.02449948840409608,0.03569748179618257,0.05952978071712754,-0.01416616004949903,-0.008749035426476478,-0.03747247531624797,0.0012157566014813557,0.04675423339726656,0.02597391535952789,-0.03592073520003836,0.027234906570095977,0.032513437115374785,0.021812106394252774,0.032073385701213104,0.011482911336294905,0.00848551774715222,-0.014376508466513461,0.036968961468742255,-0.05558254054065982,-0.020267161380965217,-0.024050012151436168,-0.00916022013524634,0.0033153456107863333,0.031256398039151645,0.02232360313468804,0.019840626009973758,-0.007086981042646954,0.006363191540136766,0.026872131314449363,0.014329407907179445,1.0,0.01908402093266021,0.03593694929353703,0.016399229551099417,0.021335707695534493,0.029497479468314568,0.017750448461163203,-0.0029854634948437314,0.007529050320109051,-0.013579886784442793,0.03245753570175206,0.023178917057125197,0.032866619376004706,0.05679074433114872,-0.020226728980986913,-0.01585336237850489,-0.042809705854102695,-0.0013637172474955245,0.04650783687345515,0.026942175873793824,-0.03821480458639315,0.026976626861137738,0.03274413551647621,0.010967735487785589,0.02537693911066639,0.005471965420256987,0.00476759658874003,-0.014622546553849062,0.03712669410940626,-0.061328778652398906,-0.02626928083469742,-0.02908218485471964,-0.00993625472154197,0.010451409716277782,0.032938509119669765,0.023218391819768158,0.011032941478352189,-0.009587409856531908,0.0056822679482422585,0.029251699095740828,0.010561495529396085
3.4552106474662887,0.5828971341519966,0.8756515264333582,4.0,116.0,121.0,104.0,95.0,64.0,47.0,19.0,14.0,11.0,11.0,8.0,134.0,117.0,125.0,121.0,115.0,122.0,99.0,121.0,116.0,115.0,115.0,106.0,0.14169381107491857,0.36482084690553745,0.49348534201954397,0.2681365576102418,0.33214793741109533,0.39971550497866287,0.0193596425912137,0.005956813104988831,0.008935219657483246,0.011913626209977662,0.010424422933730455,0.02531645569620253,0.0007446016381236039,0.005956813104988831,0.004467609828741623,0.004467609828741623,0.045420699925539834,0.0052122114668652275,0.039463886820551006,0.007446016381236039,0.02531645569620253,0.023827252419955324,0.017870439314966492,0.004467609828741623,0.0052122114668652275,0.0029784065524944155,0.0037230081906180195,0.02531645569620253,0.004467609828741623,0.028294862248696945,0.011913626209977662,0.008190618019359643,0.03723008190618019,0.04393149664929263,0.0029784065524944155,0.027550260610573342,0.028294862248696945,0.011913626209977662,0.11169024571854058,0.0029784065524944155,0.054355919583023084,0.02084884586746091,0.04169769173492182,0.058823529411764705,0.06701414743112435,0.008190618019359643,0.03723008190618019,0.01340282948622487,0.005956813104988831,0.0387192851824274,0.0022338049143708115,0.011169024571854059,0.004467609828741623,0.006701414743112435,0.004467609828741623,0.0014892032762472078,1.0,0.015445177942718496,0.023927556084391007,-0.005904281427207709,-0.026550450034701075,0.010630167170861833,-0.013488156078805612,-0.026345062188436262,-0.03711861211318788,-0.00912158947613541,0.05054145247484035,0.012856755921263846,-0.02087257043659545,0.04643930087693673,-0.01640664941689151,0.039481387972700295,0.045570512193499994,0.02126131621495764,0.03127901969474778,-0.050175924482424916,0.028870057041899277,0.005370507484668225,0.0010885661830417036,-0.017399188529648255,0.004117505068782686,-0.009465920155899702,0.0014452310566471895,-0.0014371246270608062,-0.016542552046254835,0.0085055624859696,0.017150917543709305,-0.00036918731279120455,0.028223308134221137,0.008305816073904218,0.03255958317924224,-0.026817619430132354,0.00369835140083797,0.018892439329443737,-0.0223143744242416,0.016008346107633534,-0.0019917797024879167,1.0,0.015456687017191464,0.023730002364925205,-0.0066512236452830826,-0.027030653243151282,0.011801889022119148,-0.012649892576012,-0.02700864998578565,-0.036558844726534034,-0.006371992692180635,0.05196891581777876,0.010321953675366632,-0.025793308345538706,0.0476639726327939,-0.01535031978188072,0.035324740844314584,0.04468222995377253,0.023708963291152275,0.03168029822145051,-0.04900343553195233,0.029406080128929517,0.009957504793734692,0.004606373517544323,-0.020233204747603317,0.013197102319250437,-0.007725259805135214,-0.006897377167956127,-0.003810008407234012,-0.019715793078242786,0.012098089776060021,0.015159621254456641,-0.012336388668845838,0.03108292922645778,0.0017064652632820133,0.032437219272603054,-0.029830854591824024,0.005504923355512208,0.022212294863434102,-0.022254895515414787,0.018573450516194023,0.000207302002385529
3.473301063235433,0.6122071532260704,0.8868205510052122,4.0,99.0,121.0,101.0,58.0,78.0,44.0,55.0,17.0,20.0,15.0,3.0,134.0,103.0,130.0,115.0,115.0,117.0,81.0,115.0,110.0,113.0,110.0,93.0,0.22276422764227644,0.31869918699186994,0.4585365853658537,0.27395209580838326,0.33907185628742514,0.3869760479041916,0.016381236038719285,0.005956813104988831,0.006701414743112435,0.01340282948622487,0.014147431124348473,0.012658227848101266,0.0,0.004467609828741623,0.004467609828741623,0.004467609828741623,0.044676098287416234,0.00967982129560685,0.0379746835443038,0.004467609828741623,0.021593447505584513,0.022338049143708117,0.011913626209977662,0.005956813104988831,0.005956813104988831,0.0022338049143708115,0.0022338049143708115,0.03201787043931496,0.0007446016381236039,0.02531645569620253,0.007446016381236039,0.007446016381236039,0.03648548026805659,0.04690990320178704,0.004467609828741623,0.03648548026805659,0.021593447505584513,0.016381236038719285,0.09233060312732688,0.0052122114668652275,0.0573343261355175,0.02308265078183172,0.035740878629932984,0.05956813104988831,0.07297096053611318,0.014147431124348473,0.03350707371556218,0.02531645569620253,0.006701414743112435,0.04244229337304542,0.0022338049143708115,0.0193596425912137,0.0037230081906180195,0.011169024571854059,0.007446016381236039,0.0007446016381236039,1.0,-0.001881880653780466,0.003170877549483546,0.024111475991868605,0.062239426122734615,0.013390503537532225,-0.017766426727931193,-0.038144904490648585,-0.01486220737042091,-0.0007174466188558916,-0.0314006744963289,-0.0012533178788287358,-0.021186769006244246,0.004470280436593097,0.026579376338990476,0.03943125526475297,0.03273710976529856,-0.011375788645139356,0.0034708177304847614,-0.041362289308944894,-0.013939129196854418,-0.03213288291712621,0.016945626848676912,0.0039801731603325416,-0.04652168294910825,-0.002582552073868132,0.035150514526855914,-0.01464918026216592,-0.07247277158191628,0.03486802755916797,-0.022834125894151,0.015279828364760604,-0.011970727759686306,0.014940635936989018,-0.011456698158839386,0.014803068251056744,0.024041486641705485,-0.020444933178522938,0.061915128702119585,-0.03756549177597795,0.06518671339040283,1.0,-0.0018832829493496074,0.00317207116923648,0.02417772143961157,0.06254530195850634,0.013686351424307004,-0.01880307259351339,-0.04181544852388159,-0.019886782439823034,-0.001383279390547688,-0.027504956073474824,0.004955737224016263,-0.018235290046186785,0.005064997819895521,0.02878285085397693,0.040760057618219964,0.0346418407919585,-0.015326215506852245,-0.004373379494995881,-0.05177406549726645,-0.02026739239654157,-0.028700929504183705,0.024071009197669337,0.01576615225815673,-0.0410526124623292,0.001002288242289957,0.0335431581697588,-0.01689295661030313,-0.07230391846603224,0.029613839633261987,-0.031486615585571934,0.010702960436773313,-0.0032436351295728207,0.020738689871259725,-0.009018312633123395,0.016313558198118968,0.026485871806153576,-0.025156051622430516,0.059076973125269244,-0.03986001393533722,0.060598440022651336
3.4738221946072634,0.6307914264010362,0.8860759493670886,4.0,115.0,129.0,121.0,85.0,101.0,46.0,48.0,17.0,28.0,3.0,7.0,134.0,125.0,131.0,127.0,126.0,130.0,95.0,129.0,125.0,126.0,123.0,109.0,0.21732954545454544,0.3565340909090909,0.42613636363636365,0.26554054054054055,0.34054054054054056,0.3939189189189189,0.012658227848101266,0.007446016381236039,0.016381236038719285,0.011913626209977662,0.01563663440059568,0.01712583767684289,0.0,0.0029784065524944155,0.0037230081906180195,0.0052122114668652275,0.04095309009679821,0.008935219657483246,0.02680565897244974,0.006701414743112435,0.014892032762472078,0.022338049143708117,0.021593447505584513,0.0014892032762472078,0.007446016381236039,0.0052122114668652275,0.0029784065524944155,0.029784065524944156,0.0037230081906180195,0.027550260610573342,0.017870439314966492,0.007446016381236039,0.027550260610573342,0.04244229337304542,0.0029784065524944155,0.03127326880119136,0.026061057334326135,0.01563663440059568,0.0953090096798213,0.0029784065524944155,0.05361131794489948,0.022338049143708117,0.04765450483991065,0.06180193596425912,0.0759493670886076,0.007446016381236039,0.028294862248696945,0.01563663440059568,0.008190618019359643,0.054355919583023084,0.0037230081906180195,0.017870439314966492,0.011169024571854059,0.0,0.007446016381236039,0.0014892032762472078,1.0,0.009936481540493966,-0.0072429363892685655,-0.02307177388193224,-0.011494806664910305,0.01656303261645397,0.002460659387718819,-0.026303207972949615,0.030179996309393615,0.03211342468728295,-0.02910301320998571,0.006399947248527605,-0.022553395891581465,-0.04495680578207396,-0.0008923068283910287,0.010704480552401365,-0.060506564521230814,-0.016546529596845088,-0.04770719259858794,-0.03388440533066621,0.00985582005542974,0.0016812233417396547,0.015384581885460382,-0.006920551126106592,7.02813288941085e-05,0.002939082187859981,0.06317705672513517,-0.017453737806668347,-0.014286810551219319,-0.02870450346162274,0.03745996759546091,0.00024086519200350282,0.007976858579406736,-0.014413286182303687,0.022626294876080824,0.04170486420020477,-0.027725759185594282,0.02052151185067135,0.03117604031520694,-0.002922801586052214,-0.03576322574761598,1.0,0.009943885774130691,-0.007353346650238026,-0.022981160424262903,-0.011132153607094526,0.016527066400347314,0.0014597085146571117,-0.02679840446356979,0.03159448976957476,0.03190639698435743,-0.031148350539468087,0.008237873071948182,-0.020186950890034153,-0.046715772134200306,-0.002508875368406481,0.012150906142811729,-0.06406814315643825,-0.0195402713047014,-0.04555732200746331,-0.03671864371971001,0.004714414712963961,0.005055320640039809,0.015782459024911807,-0.012564011743378931,0.004553641039255306,0.004893036318783758,0.06114345527604173,-0.013735255881823066,-0.015310087222096423,-0.03431035838279496,0.034882937876381005,-0.009045837615891499,0.0023431743561164106,-0.012235320706160586,0.01610625288146412,0.0331162610860205,-0.02905845828041922,0.02371662845529991,0.0386926522956912,-0.0025603402086668684,-0.03687978778402049
3.4438855087402582,0.6146466150922298,0.874162323157111,11.0,108.0,127.0,115.0,88.0,88.0,25.0,38.0,17.0,11.0,12.0,1.0,133.0,109.0,130.0,122.0,115.0,128.0,101.0,123.0,115.0,112.0,119.0,110.0,0.21372854914196568,0.36037441497659906,0.42589703588143524,0.2709950599858857,0.3274523641496119,0.4015525758645025,0.016381236038719285,0.0052122114668652275,0.006701414743112435,0.00967982129560685,0.014892032762472078,0.008935219657483246,0.0014892032762472078,0.008935219657483246,0.0022338049143708115,0.0,0.04169769173492182,0.011169024571854059,0.02680565897244974,0.004467609828741623,0.021593447505584513,0.03127326880119136,0.012658227848101266,0.0029784065524944155,0.007446016381236039,0.008190618019359643,0.0029784065524944155,0.020104244229337303,0.0014892032762472078,0.027550260610573342,0.01340282948622487,0.00967982129560685,0.03201787043931496,0.04988830975428146,0.005956813104988831,0.034996276991809384,0.034996276991809384,0.010424422933730455,0.11094564408041697,0.0022338049143708115,0.055100521221146684,0.02308265078183172,0.03052866716306776,0.06478034251675353,0.06850335070737155,0.012658227848101266,0.03648548026805659,0.01563663440059568,0.010424422933730455,0.049143708116157855,0.0037230081906180195,0.011169024571854059,0.0029784065524944155,0.0052122114668652275,0.010424422933730455,0.0007446016381236039,1.0,-0.009253313562754174,0.035875545116983654,0.004846511288964224,-0.0005967842722882312,-0.01870045423719788,0.037073960028373446,-0.03196545314444121,-0.011836021555338309,0.02258363114394807,0.002441986316791102,0.028499854467426644,0.06391498725655306,-0.01449061743477348,-0.04958714688061079,-0.01579588218509481,-0.037043022115928644,-0.0007715851733242452,-0.0006555915099020132,-0.012280572554090803,-0.007220098568709924,0.004764751708794968,0.001987251028917447,-0.012196809446774553,0.05119081515664257,-0.03121931108641799,-0.02388239733383859,0.015127641585155385,-0.018536213903894087,-0.009528863883295538,-0.027569897946388366,-0.005421481224365557,-0.003871339470602905,-0.014292252168838487,-0.00580531725636879,0.014631978424843524,-0.008573661199180127,0.007160298113975511,0.00036504807816956954,-0.0026908044744321374,0.015183908656122017,1.0,-0.00926020872934342,0.03584637319044387,0.005517653145944645,-0.0017953553368233064,-0.01919169428872129,0.03701875986262443,-0.030195307697312383,-0.01493337858127917,0.024399050677765943,0.0039385500779611565,0.028581154132222217,0.062241064431233076,-0.013867082751158277,-0.05487578397115349,-0.019037607947689678,-0.03194561243983579,0.0012328265659874598,-0.001549896637924032,-0.0082634739335145,-0.004839490227383666,-0.0010356188556093942,0.002149161957067533,-0.0166517192565708,0.04896246321644034,-0.023170799242956397,-0.02140120412302875,0.0190712804557339,-0.016024450699865737,-0.010979358710036224,-0.03613369137586109,-0.000902606018699654,-0.00020864778557283067,-0.021965396375699296,-0.004137352547708623,0.01497123128617146,-0.01296366814434191,0.009742499951730238,0.006294800212269752,-0.004878307652593469,0.019008766764213574
3.486663139176021,0.630331749172325,0.8838421444527178,4.0,109.0,122.0,113.0,70.0,97.0,44.0,32.0,7.0,12.0,3.0,0.0,134.0,109.0,127.0,119.0,117.0,130.0,99.0,124.0,117.0,116.0,119.0,112.0,0.2169657422512235,0.3295269168026101,0.4535073409461664,0.27266338721011946,0.32958538299367535,0.3977512297962052,0.008935219657483246,0.006701414743112435,0.008935219657483246,0.01563663440059568,0.014892032762472078,0.011913626209977662,0.0037230081906180195,0.005956813104988831,0.0022338049143708115,0.008935219657483246,0.03425167535368578,0.005956813104988831,0.04765450483991065,0.008190618019359643,0.021593447505584513,0.021593447505584513,0.011169024571854059,0.0022338049143708115,0.006701414743112435,0.004467609828741623,0.004467609828741623,0.02308265078183172,0.0,0.026061057334326135,0.017870439314966492,0.00967982129560685,0.02531645569620253,0.04244229337304542,0.0052122114668652275,0.04095309009679821,0.035740878629932984,0.008935219657483246,0.09828741623231571,0.0029784065524944155,0.06031273268801191,0.03201787043931496,0.03052866716306776,0.06775874906924795,0.058823529411764705,0.008935219657483246,0.0387192851824274,0.01712583767684289,0.011169024571854059,0.04169769173492182,0.0022338049143708115,0.014892032762472078,0.0022338049143708115,0.008935219657483246,0.0052122114668652275,0.006701414743112435,1.0,0.007602888535160792,0.046520307983194155,-0.007271053984096941,0.01842530481762202,0.01356165382612415,0.030490493766868004,0.01627295631983621,0.04818351356785477,0.023924666356397107,0.05027949960687809,0.00607353601898141,0.03771819391251594,0.058010205420387984,-0.023826193848169468,-0.00992314776501188,0.018488279970114346,-0.003428125660496775,0.014126920509071559,0.01148694686796781,0.011330877647998686,0.03339821921898722,0.007406457741003221,-0.009265406767887908,-0.0028555106757039215,-0.005448940638896339,0.016118469340592113,-0.019587254912303405,-0.014144382133205619,-0.01949191745913174,0.017037378942539125,0.00199852260236825,0.018900194956941712,-0.02827435959145707,0.014242098625561885,-0.018672836759209437,0.03585135976668316,0.0011338667251688773,0.01067937979443495,0.0189970108224419,-0.023884319755264755,1.0,0.007608553876841234,0.046534493295444804,-0.007997156739653084,0.016463693996618015,0.014092111890806051,0.028822246088680156,0.014976058385030848,0.045633590437291434,0.022208196798317394,0.04557498624632732,0.0031883798939666536,0.031843109926563494,0.056542011669030126,-0.03249743456342352,-0.018044225902392838,0.016174355344901734,-0.009364654922147844,0.005122250803141998,0.006995636981531447,0.004648793016047871,0.027953622040142397,0.0028906303359700148,-0.015807334988398647,-0.002920520549709642,-0.008919499206076688,0.011671113697319074,-0.01783204144763886,-0.019152141694753377,-0.023632499756359726,0.017392427577034342,0.0002895990299826647,0.01667517142305854,-0.027755423694624175,0.010914119313459944,-0.011455460165759709,0.03870650576061386,0.005807477904240915,0.0073716615543770354,0.021815490713915482,-0.0262419509767634
3.49360249801964,0.6221301736630154,0.8801191362620998,3.0,108.0,120.0,117.0,88.0,74.0,40.0,38.0,17.0,9.0,5.0,1.0,134.0,109.0,121.0,122.0,113.0,126.0,99.0,119.0,109.0,108.0,111.0,105.0,0.18548387096774194,0.3725806451612903,0.44193548387096776,0.2754360465116279,0.32848837209302323,0.3960755813953488,0.008190618019359643,0.006701414743112435,0.016381236038719285,0.01712583767684289,0.012658227848101266,0.01340282948622487,0.0029784065524944155,0.0029784065524944155,0.005956813104988831,0.0014892032762472078,0.0387192851824274,0.011913626209977662,0.044676098287416234,0.007446016381236039,0.023827252419955324,0.03127326880119136,0.017870439314966492,0.0022338049143708115,0.005956813104988831,0.0052122114668652275,0.004467609828741623,0.028294862248696945,0.0022338049143708115,0.03350707371556218,0.014892032762472078,0.01340282948622487,0.024571854058078928,0.040208488458674606,0.005956813104988831,0.03201787043931496,0.029784065524944156,0.008935219657483246,0.10424422933730454,0.0014892032762472078,0.040208488458674606,0.029039463886820552,0.04095309009679821,0.05063291139240506,0.06031273268801191,0.008190618019359643,0.049143708116157855,0.014147431124348473,0.006701414743112435,0.039463886820551006,0.0029784065524944155,0.017870439314966492,0.0014892032762472078,0.006701414743112435,0.011169024571854059,0.0,1.0,-0.04049523951191949,0.027680391756532467,0.023042458047877048,0.04872003722454688,-0.01637331669778672,0.0378776891132014,-0.010945905958402388,0.03556605142239777,0.006802287960975628,-0.029461553495045,-0.007930868544112487,0.016300263961900638,0.05078543591242689,0.06496755907091428,-0.009792389130782436,0.018671046425294623,0.038016598505411885,0.04912735491248234,0.011749251620394616,0.06275493001103666,0.04833064316678498,0.08216609351247234,-0.06614295978880165,0.01870715228174613,0.021452405564587173,0.027161719584619586,0.01233448714579207,-0.048895296872719304,0.04323097134224418,-0.005005316147781985,0.023321657906373836,0.0051259118313082466,-0.025700898953616276,0.026348687148998365,0.021811351491061323,-0.03273478768106099,0.009711165442328659,0.019009077895818606,0.028325194184642043,0.016787499354088346,1.0,-0.040525414802166815,0.026122266560696834,0.025305546095256874,0.050214729552565035,-0.013804419392429847,0.033717802638706204,-0.009859062111042424,0.03164212054569342,0.009734295162075367,-0.03411775438350841,-0.01076486506063841,0.012191176780581346,0.055977769031518146,0.07139070096231252,-0.007774325697072351,0.011510546910284664,0.03187061914904978,0.04960787400790191,0.014741578101533613,0.05420501236350312,0.0468828366069225,0.07791697734920658,-0.06387833918220237,0.00474137779338409,0.01746366230437408,0.017100077524264654,0.015127236081108249,-0.0637626255214723,0.040806046094269036,-0.010888614465900438,0.021684384198475508,0.007603878068250007,-0.04819440519606463,0.010679026311917654,0.0039265045733008815,-0.033180320643530485,0.008284604550869398,-0.002514957953687454,0.020323397562257386,0.009639740026482699
3.443060080161488,0.6232336006521884,0.889054355919583,11.0,93.0,116.0,115.0,84.0,107.0,13.0,48.0,46.0,9.0,13.0,0.0,134.0,103.0,125.0,125.0,119.0,127.0,47.0,129.0,113.0,116.0,122.0,89.0,0.2534351145038168,0.38778625954198476,0.35877862595419846,0.28910303928836173,0.3506300963676798,0.3602668643439585,0.01563663440059568,0.008935219657483246,0.00967982129560685,0.014147431124348473,0.011169024571854059,0.01563663440059568,0.0007446016381236039,0.008190618019359643,0.0037230081906180195,0.0014892032762472078,0.04169769173492182,0.014892032762472078,0.04095309009679821,0.005956813104988831,0.027550260610573342,0.020104244229337303,0.010424422933730455,0.0022338049143708115,0.01340282948622487,0.004467609828741623,0.0007446016381236039,0.034996276991809384,0.0052122114668652275,0.028294862248696945,0.011913626209977662,0.007446016381236039,0.035740878629932984,0.040208488458674606,0.0029784065524944155,0.039463886820551006,0.023827252419955324,0.00967982129560685,0.10945644080416977,0.0022338049143708115,0.04988830975428146,0.0193596425912137,0.03276247207743857,0.07222635889798958,0.06701414743112435,0.007446016381236039,0.03201787043931496,0.010424422933730455,0.007446016381236039,0.04616530156366344,0.0029784065524944155,0.011169024571854059,0.0014892032762472078,0.008190618019359643,0.007446016381236039,0.0007446016381236039,1.0,-0.007843584125830836,0.05645236557303732,0.02936377988439895,0.015950754388079146,-0.014742340116100695,0.00879207216415857,0.006650575214466243,-0.04653005497880847,0.025821589022424846,0.047801392707892826,0.03628117946663145,0.029051714276765787,0.002099838293346179,-0.02414628616930127,-0.028398375855075597,-0.02915902839064335,-0.021508123247794823,-0.022846124778705037,0.024774417158098857,0.008881788185057912,-0.0371263994732567,0.01028299597382952,0.055134856329776986,-0.019264522375295554,-0.029810763631447575,-0.0016808974296579186,0.006147087343125366,-0.060357034495009974,-0.007448613861142266,0.034325436382943476,-0.025326666246691176,0.026840742197463387,0.008704039634834206,-0.047875123995436066,-0.016585272787147165,-0.005730545718093248,-0.004955774110184579,0.00093149758826492,0.008708773306758514,0.02991442577368228,1.0,-0.007849428823391067,0.05647842630594339,0.030390364856679876,0.013355316963893322,-0.01798993117852635,0.006004142824746242,0.007819950317344393,-0.046951379824994484,0.02452624086983777,0.053369871555487766,0.03783332779614181,0.024492932719181407,-0.0070482554736971325,-0.03012796729595347,-0.030530613560821398,-0.030535589272178396,-0.015587245306976444,-0.01422922026244092,0.030399458651531156,0.01244232021238072,-0.044693592056067745,0.0005398810756234702,0.056737513848720195,-0.015273928102489683,-0.032592074737715054,0.00012417466041739312,0.019986968304610712,-0.05434256282294755,-0.01831951787264565,0.03928811131493762,-0.01555977256315751,0.020650282835139123,0.002260647100993116,-0.053539591850780346,-0.016921516268798807,-0.005436193320204091,0.004420957565214646,0.013403636808254975,0.009757154659311219,0.03892153055471595
3.4790763235571855,0.6457269037760847,0.8793745346239762,10.0,85.0,116.0,114.0,87.0,64.0,15.0,34.0,15.0,20.0,7.0,0.0,134.0,91.0,127.0,115.0,118.0,119.0,47.0,116.0,109.0,108.0,111.0,83.0,0.19047619047619047,0.41622574955908287,0.3932980599647266,0.2887323943661972,0.352112676056338,0.3591549295774648,0.01563663440059568,0.004467609828741623,0.014892032762472078,0.014147431124348473,0.007446016381236039,0.011169024571854059,0.0022338049143708115,0.008935219657483246,0.0037230081906180195,0.0029784065524944155,0.03276247207743857,0.00967982129560685,0.039463886820551006,0.004467609828741623,0.020104244229337303,0.024571854058078928,0.0193596425912137,0.0029784065524944155,0.011169024571854059,0.0037230081906180195,0.0022338049143708115,0.03052866716306776,0.0029784065524944155,0.022338049143708117,0.01563663440059568,0.011169024571854059,0.03350707371556218,0.04095309009679821,0.0037230081906180195,0.03723008190618019,0.023827252419955324,0.014147431124348473,0.09233060312732688,0.0037230081906180195,0.05212211466865227,0.021593447505584513,0.03648548026805659,0.06701414743112435,0.07892777364110201,0.008935219657483246,0.034996276991809384,0.017870439314966492,0.0052122114668652275,0.05212211466865227,0.0022338049143708115,0.016381236038719285,0.0029784065524944155,0.007446016381236039,0.0052122114668652275,0.0022338049143708115,1.0,0.03354850045132379,-0.0016391276495346903,0.05556250285494574,0.01283697063409187,0.017308088664594684,-0.007405370771266859,0.0042207432040742955,0.04096501117989025,0.09740577991067935,0.03280686966154592,0.006623462941192555,0.002688623156410245,0.033132134798298275,0.03869361269157218,0.007331120799866138,0.04908901420502848,0.0020160159386598464,0.02272729270704992,-0.013660845554005157,0.031069172159747756,-0.023044060811350832,-0.01831205589376359,0.013615676336896934,-0.004348571977838178,-0.022749350982061257,0.032494025285548574,0.018569543814810435,0.01582104710007084,0.024780536711124623,0.06893183738294147,0.02077681706275886,0.010540708617083836,-0.009805738249978994,-0.005050556785125723,-0.04206652987389171,-0.05892557958754685,-0.0051509228940803614,-0.018754553355241673,0.02010433167188156,0.008482441265402662,1.0,0.03357349933392539,-0.0027718765452932415,0.05589866105358532,0.009146477839811613,0.017058870362060857,-0.011655578010436679,0.0038247993415316344,0.039009056181411345,0.09674015158023647,0.027223033280535235,0.0016971071196402714,-0.009268951578941828,0.02770569571034616,0.03489529093725221,0.0075018280813346425,0.04580409887439977,-0.01258568621480019,0.010233197285066416,-0.02677633225107532,0.033065142217040794,-0.030565786142749005,-0.02166077713039822,0.0013009672475246124,-0.008893847882006544,-0.03137305450159331,0.03273712941725096,0.013628005039068549,0.017610936709084344,0.01579832562637186,0.07169889582573151,0.018260798374664742,0.007821417755552762,-0.015348993337531865,-0.006263304073744891,-0.04765953977502987,-0.0657141197868763,-0.004277118243115984,-0.02375270482059857,0.014137335245060839,-0.002466485650014398
3.5143324669147544,0.6490938088836704,0.8875651526433358,3.0,107.0,122.0,112.0,93.0,79.0,26.0,36.0,13.0,19.0,8.0,3.0,134.0,108.0,129.0,123.0,120.0,127.0,103.0,127.0,105.0,110.0,111.0,106.0,0.19001610305958133,0.38164251207729466,0.428341384863124,0.2765502494654312,0.3264433357091946,0.3970064148253742,0.011169024571854059,0.011169024571854059,0.014892032762472078,0.01340282948622487,0.014892032762472078,0.01340282948622487,0.0029784065524944155,0.004467609828741623,0.005956813104988831,0.0014892032762472078,0.03350707371556218,0.011169024571854059,0.029784065524944156,0.006701414743112435,0.011913626209977662,0.022338049143708117,0.022338049143708117,0.0022338049143708115,0.012658227848101266,0.007446016381236039,0.0029784065524944155,0.029039463886820552,0.0037230081906180195,0.022338049143708117,0.008190618019359643,0.012658227848101266,0.029784065524944156,0.03648548026805659,0.004467609828741623,0.0387192851824274,0.02680565897244974,0.016381236038719285,0.09307520476545049,0.0029784065524944155,0.05212211466865227,0.02531645569620253,0.0379746835443038,0.06329113924050633,0.06626954579300075,0.005956813104988831,0.035740878629932984,0.017870439314966492,0.00967982129560685,0.058823529411764705,0.0037230081906180195,0.01563663440059568,0.0,0.01340282948622487,0.011169024571854059,0.0014892032762472078,1.0,0.03706459397501402,0.03583446523853127,0.055266269649910105,-0.001141564485487182,0.03547423148135159,0.02924902358705444,-0.011926059683028335,0.03628107469726326,0.04759931183412003,0.0018115094360824672,0.01899124670439175,0.017864942074185243,0.022962013284659768,0.04672923295005967,0.02548170647635931,0.03159727904149631,0.033003129501651865,0.03330454613449433,0.0164016782775991,0.019772815391988288,0.03785499015330526,-0.04408618481856788,0.018677397872151245,0.01863925025798844,0.015558304839452933,-0.015402778822708716,0.05487556510869015,0.04851544478734573,0.004934512448871309,-0.027877026055518776,0.020426474344092307,0.004911803477869121,-0.017728913974160855,0.014072378849653492,-0.04338969804189295,-0.02456330847437028,-0.006504826745514723,-0.014268039298562418,-0.0011741016329278947,-0.013552626000935803,1.0,0.037092212897499144,0.03455962562123963,0.052958977727202115,-0.006196961884481883,0.032322044455430986,0.024522285023602822,-0.015739381547266673,0.03230809359185826,0.04429889027340692,-0.0029299641659574866,0.010907226803253062,0.01313638942759622,0.02050476705949152,0.0387847949635915,0.01924640990955714,0.025636524112460302,0.02190349888779442,0.025471135081289842,0.006899984924120396,0.01074839071525858,0.031071436504170047,-0.0560371361629594,0.011709120168351714,0.013063097912553535,0.01347354156532034,-0.028603941543750084,0.05245665489071153,0.044268454467442576,-0.009878978847240118,-0.04290762511983877,0.020694928527278035,-0.0028917790935860752,-0.028935067370947556,0.0096104009797294,-0.04567112448807343,-0.02962384394795617,-0.01281848963678065,-0.006036552181866816,0.00037254709782974234,-0.015634426924028423
3.461075224620328,0.6040081687368539,0.885331347728965,5.0,123.0,129.0,118.0,103.0,75.0,60.0,45.0,19.0,7.0,12.0,5.0,134.0,123.0,131.0,127.0,125.0,130.0,109.0,127.0,125.0,125.0,121.0,123.0,0.1783166904422254,0.35235378031383735,0.4693295292439372,0.26066666666666666,0.33466666666666667,0.4046666666666667,0.026061057334326135,0.006701414743112435,0.02084884586746091,0.0052122114668652275,0.016381236038719285,0.0193596425912137,0.0007446016381236039,0.005956813104988831,0.0022338049143708115,0.0022338049143708115,0.03723008190618019,0.008935219657483246,0.035740878629932984,0.007446016381236039,0.022338049143708117,0.020104244229337303,0.020104244229337303,0.0014892032762472078,0.006701414743112435,0.0029784065524944155,0.0029784065524944155,0.017870439314966492,0.0014892032762472078,0.02308265078183172,0.01340282948622487,0.011169024571854059,0.029784065524944156,0.04318689501116903,0.0037230081906180195,0.03127326880119136,0.024571854058078928,0.008935219657483246,0.11243484735666419,0.0029784065524944155,0.05658972449739389,0.02531645569620253,0.0379746835443038,0.06105733432613552,0.06552494415487714,0.010424422933730455,0.03648548026805659,0.024571854058078928,0.0052122114668652275,0.0379746835443038,0.0029784065524944155,0.02084884586746091,0.004467609828741623,0.005956813104988831,0.008935219657483246,0.0,1.0,-0.037793794048870004,-0.010454334084138105,-0.012356983285240484,-0.05634097859272975,0.026040767861855267,0.06592495359155702,-0.016210123240035464,0.0035638908520259256,-0.037411281826899234,0.006684126225188334,0.0042687807103823985,-0.06445804087641387,0.030696757242928936,0.021793258014291748,0.007586100385595682,0.025618921384464893,-0.012174844058589405,-0.015081648929520068,-0.006264480378503124,-0.00021388896634076603,0.011928064890019671,0.016183687136047523,-0.0031223627427334776,-0.042599543252420574,-0.0057583984280283294,-0.014321213833954577,-0.027561775228842005,-0.0007836586280002473,0.004717194799703181,-0.04151909084958394,0.03708569531023945,-0.010652861938315071,0.014140743361536012,-0.01776490681848026,0.0691695410228781,0.016555932032124136,0.019309345611679123,-0.03628894555976621,-0.0275780418929273,0.0007841932670747642,1.0,-0.03782195633951745,-0.011917474264967426,-0.013256946891245413,-0.05771760619993297,0.021524576759986286,0.06688968254620486,-0.01228669486784354,0.0012868702552304814,-0.033456899441800296,0.010619642808728465,-0.0004886512099062279,-0.06991330185481608,0.024368789173588153,0.025692788279752868,0.0127954988870075,0.018441349310231593,-0.003578705631629568,-0.006112478987498399,-0.012003019424132547,-0.0020835963175134644,0.004348089705123807,0.016723789059135408,0.0008139491664821635,-0.04619515627312834,-0.0018561843076910674,-0.01317077155236441,-0.033948950914185254,-0.009139908027429202,0.0034539555285537965,-0.0403925856736338,0.03246467794541471,-0.0061652304562930475,0.017046678289524598,-0.018672788161630136,0.07410608843422416,0.01719181814990587,0.02000645865477317,-0.035194604632850124,-0.029176426597687235,0.0075062940405181714
3.4909356868546384,0.5969407594937501,0.8823529411764706,3.0,106.0,124.0,117.0,81.0,75.0,44.0,37.0,12.0,29.0,8.0,1.0,134.0,109.0,129.0,121.0,113.0,130.0,107.0,118.0,109.0,110.0,110.0,107.0,0.18053375196232338,0.3751962323390895,0.44427001569858715,0.2734430923407301,0.3242662848962062,0.4022906227630637,0.010424422933730455,0.011169024571854059,0.017870439314966492,0.014147431124348473,0.02308265078183172,0.01563663440059568,0.0014892032762472078,0.007446016381236039,0.0052122114668652275,0.0022338049143708115,0.04318689501116903,0.016381236038719285,0.027550260610573342,0.006701414743112435,0.017870439314966492,0.021593447505584513,0.011913626209977662,0.004467609828741623,0.005956813104988831,0.0029784065524944155,0.0029784065524944155,0.027550260610573342,0.0029784065524944155,0.024571854058078928,0.008935219657483246,0.011913626209977662,0.023827252419955324,0.0387192851824274,0.004467609828741623,0.024571854058078928,0.026061057334326135,0.012658227848101266,0.10126582278481013,0.0037230081906180195,0.06403574087862993,0.02531645569620253,0.035740878629932984,0.06626954579300075,0.06329113924050633,0.008935219657483246,0.044676098287416234,0.02308265078183172,0.006701414743112435,0.045420699925539834,0.0022338049143708115,0.014892032762472078,0.0022338049143708115,0.008935219657483246,0.0052122114668652275,0.0014892032762472078,1.0,-0.0397529620529849,0.008983007474635124,-0.0019124253523645394,0.008853978234955292,0.04009964903635445,-0.03880505528275414,0.05659869969551607,-0.03771040402557459,0.05479391481638207,-0.004810934155071962,-0.03792448202568041,-0.002380742164758935,-0.008029644001165048,0.03943352999212368,-0.011457694203534022,0.07346147857201606,0.010109645772018618,0.02629532751769461,0.04250705941812011,-0.004341277688555217,0.0401239720007937,0.014389331201735486,0.005376283015766468,-0.0012404233644129439,-0.05010438402559003,-0.018508762488348537,-0.02186167468929797,-0.023195112019384047,0.040723265658642295,-0.012637171377849032,0.04191532396187824,-0.019940769976983547,0.013576354448859922,-0.03677914676581813,0.03306350755154554,0.018317406462369346,0.01631842839972332,0.05714336109849256,-0.008580363527176236,0.04042238493551553,1.0,-0.03978258423037162,0.007425502944311628,-0.0012681353883466095,0.008702224067902997,0.04103888633131982,-0.03602650093112293,0.05358313549669522,-0.033406740381818754,0.05136456032206827,-0.0015239260222469865,-0.03755797010733261,-0.00994643929844307,-0.002560783556000126,0.03037944781105441,-0.0006181132059183251,0.0704116863199054,0.01728364500338109,0.027904987267732096,0.04115678785328861,0.0038455950953050965,0.0316113489769764,0.0227331151518254,-0.007202128902097422,0.001036533011938366,-0.056842504133229534,-0.029999912498379234,-0.017970626567519046,-0.03176902812444474,0.04548808560694031,-0.009073603463514492,0.041257599214069775,-0.01502061957564344,0.009890926823624009,-0.03984218931878936,0.029451128573212453,0.006413828501392363,0.01823673410720758,0.04317059686977541,0.0014392139585439935,0.031118535675711143
3.529916114198109,0.6513832325234339,0.8897989575577067,6.0,110.0,126.0,121.0,81.0,95.0,34.0,48.0,5.0,34.0,8.0,0.0,134.0,111.0,130.0,127.0,119.0,129.0,109.0,125.0,111.0,123.0,123.0,111.0,0.22305389221556887,0.36077844311377244,0.4161676646706587,0.26721763085399447,0.3305785123966942,0.4022038567493113,0.014892032762472078,0.008190618019359643,0.022338049143708117,0.01340282948622487,0.014147431124348473,0.012658227848101266,0.0007446016381236039,0.007446016381236039,0.006701414743112435,0.0029784065524944155,0.04690990320178704,0.007446016381236039,0.034996276991809384,0.0029784065524944155,0.02084884586746091,0.01563663440059568,0.01563663440059568,0.0037230081906180195,0.005956813104988831,0.0022338049143708115,0.0037230081906180195,0.02308265078183172,0.0037230081906180195,0.02680565897244974,0.012658227848101266,0.014147431124348473,0.026061057334326135,0.04095309009679821,0.007446016381236039,0.03648548026805659,0.024571854058078928,0.022338049143708117,0.09381980640357408,0.0022338049143708115,0.05361131794489948,0.020104244229337303,0.04095309009679821,0.055100521221146684,0.06105733432613552,0.014147431124348473,0.034996276991809384,0.02084884586746091,0.011169024571854059,0.04616530156366344,0.005956813104988831,0.02084884586746091,0.0037230081906180195,0.006701414743112435,0.004467609828741623,0.0022338049143708115,1.0,0.022401976164405698,0.07402087847433374,0.007819819531786482,0.017059525843587046,-0.03507503272915854,0.007648428252068527,0.01941651883980483,-0.03032062350350017,-0.03016508708597548,0.03010774757190476,-0.009812651592579075,0.027636983587123416,-0.03719558912865399,-0.01699229409375438,-0.05422779474001603,-0.008406141629159881,0.01863986249887669,-0.018326915215118308,-4.145055374453247e-06,0.029218465602064776,0.03619268500679014,0.030294050981069364,-0.02474691360356498,0.03742880717508997,-0.007864432100957459,0.009023604868432228,0.0121998377870749,0.016435416982533962,-0.01809754920777854,0.03212995260659441,-0.012088522338393312,-0.04357052052390455,0.011034359434853895,-0.027622816106055374,-0.05471091204660525,0.012741272251398789,-0.017039629570028383,0.013979206122323692,0.015466428115081641,0.02120562228689448,1.0,0.02241866914217351,0.07366570242671368,0.0046740426278816145,0.011460071635760589,-0.03693519051904054,0.007087159147027498,0.024480189697856303,-0.032427695445053265,-0.03160931280786904,0.034738304408268285,-0.006364561043756066,0.026584892512013535,-0.040277795858067234,-0.02288464536879159,-0.044570649914523336,-0.004289989118537607,0.02695852171462254,-0.01934498121460389,-0.001868774430842041,0.03162343813408997,0.03689608056133612,0.024569437910533606,-0.036272783694295506,0.029835467128582694,0.0029769467398170395,0.006165858936330227,0.011693176963585048,0.009322412743993933,-0.019261049091591886,0.03519288395901523,-0.016135347421698913,-0.05054919222994578,0.01810021252991383,-0.02620344543753576,-0.044014457213701605,0.02206849586235544,-0.014438062976839352,0.014790777027075767,0.02516964113678746,0.011069026295056123
3.516760503946107,0.6302325909790588,0.885331347728965,3.0,114.0,127.0,120.0,97.0,89.0,25.0,27.0,26.0,12.0,6.0,13.0,134.0,115.0,131.0,125.0,125.0,130.0,113.0,129.0,121.0,124.0,125.0,115.0,0.18057663125948406,0.38694992412746587,0.4324734446130501,0.26429051782111634,0.3328850033624748,0.40282447881640887,0.018615040953090096,0.008935219657483246,0.011913626209977662,0.016381236038719285,0.022338049143708117,0.017870439314966492,0.0037230081906180195,0.004467609828741623,0.004467609828741623,0.0007446016381236039,0.04393149664929263,0.014147431124348473,0.029039463886820552,0.004467609828741623,0.017870439314966492,0.018615040953090096,0.016381236038719285,0.004467609828741623,0.011169024571854059,0.004467609828741623,0.0022338049143708115,0.0193596425912137,0.0037230081906180195,0.026061057334326135,0.011169024571854059,0.014892032762472078,0.028294862248696945,0.04690990320178704,0.0029784065524944155,0.04095309009679821,0.027550260610573342,0.01340282948622487,0.09009679821295608,0.004467609828741623,0.055100521221146684,0.024571854058078928,0.035740878629932984,0.05212211466865227,0.06850335070737155,0.010424422933730455,0.04095309009679821,0.017870439314966492,0.0037230081906180195,0.04765450483991065,0.0029784065524944155,0.016381236038719285,0.0029784065524944155,0.005956813104988831,0.006701414743112435,0.0022338049143708115,1.0,0.028782469548550987,0.034156752423168554,0.05024126330725227,0.027103884140169364,-0.045878071982966256,-0.02761275135881349,-0.020211771905251703,-0.037921070816765504,-0.0073968422894938,0.02916674514381437,0.012301017093716005,-0.04880545570292296,0.025440519978423524,0.0023067511093984748,-0.012135883432318747,0.012401599959339501,0.02469689032304325,0.019773151543840427,0.007088025043789044,-0.0039460167229520915,-0.011603872164004107,0.020152301588929243,0.018066423800799123,-0.00048039239911271814,0.022926303099091376,0.02055357620738705,0.013036453404004935,-0.024519608246084824,7.185427553263995e-05,0.010015389010791772,-0.022598815598443265,0.014431601195282707,0.030173996096207266,-0.029592834788994347,0.04848928953860216,0.05481805646003411,-0.0288377429967583,-0.024290525942594156,-0.01018030770123408,0.0023687958141496556,1.0,0.02880391699232785,0.03340574459826432,0.04853350937456483,0.023470912645996,-0.05086916360471618,-0.029537394180805133,-0.018312529465301507,-0.0313386679092118,0.0009948020671167142,0.03339529672717106,0.013174744160928387,-0.05284469089721026,0.020149028391794003,-0.0010401925827031903,-0.008250668073445133,0.015423554075462224,0.021212939988203786,0.021161974020808643,0.004130008379463646,-0.013438151882754809,-0.014328007520065028,0.02588844729317855,0.021987044819561187,-0.000929620377659333,0.025981723028400572,0.01581862123219895,0.008052391749710123,-0.02809793900754257,-0.0008628085089904856,0.01618986543230148,-0.01635052521267663,0.018013698927806954,0.028646601492796794,-0.03055326411588022,0.048235710948388355,0.04659685004381564,-0.03225788826382078,-0.02426837232713659,-0.01632700285173602,0.00467768332124306
3.478188072574555,0.6012606515259471,0.8912881608339538,1.0,120.0,123.0,122.0,84.0,91.0,42.0,45.0,11.0,13.0,9.0,2.0,134.0,121.0,129.0,127.0,123.0,129.0,103.0,126.0,123.0,123.0,125.0,119.0,0.2066365007541478,0.3469079939668175,0.4464555052790347,0.2624831309041835,0.33468286099865047,0.402834008097166,0.014892032762472078,0.008190618019359643,0.011169024571854059,0.008190618019359643,0.01340282948622487,0.01340282948622487,0.0022338049143708115,0.004467609828741623,0.004467609828741623,0.0014892032762472078,0.039463886820551006,0.01712583767684289,0.04318689501116903,0.007446016381236039,0.023827252419955324,0.02308265078183172,0.01563663440059568,0.004467609828741623,0.008190618019359643,0.007446016381236039,0.0014892032762472078,0.021593447505584513,0.0014892032762472078,0.029784065524944156,0.016381236038719285,0.012658227848101266,0.024571854058078928,0.04095309009679821,0.0022338049143708115,0.03723008190618019,0.02680565897244974,0.0193596425912137,0.11615785554728221,0.0029784065524944155,0.045420699925539834,0.022338049143708117,0.04095309009679821,0.058823529411764705,0.05956813104988831,0.004467609828741623,0.04169769173492182,0.016381236038719285,0.005956813104988831,0.034996276991809384,0.0014892032762472078,0.018615040953090096,0.0022338049143708115,0.011913626209977662,0.008935219657483246,0.0007446016381236039,1.0,-0.06247827973908373,0.022491799099440938,0.005758898108746347,-0.009547613942402753,0.030517193595527067,-0.020430278917184148,-0.03851164665974491,-0.0015440567690151235,-0.01784691640887747,-0.02731841685219153,-0.06948861634991382,-0.00564191038828769,0.02788049043981162,-0.0346409246290804,0.007738622183110354,0.025825542906699663,0.014864733032281077,-0.025516814922595,-0.012354211857421813,-0.0281064057896956,0.010712435160221238,-0.004371485251505868,-0.012208617278940948,-0.03831950107987318,0.015048953302448936,-0.03710791955351503,0.034856402373216515,0.01648374182948296,0.006987520061839368,0.0419211305063014,0.011344521610883406,0.02709985653565287,0.022518126845231523,0.0031997299605391596,-0.0180106008131804,0.029123729533198545,0.03426313009137954,0.030043379424211748,-0.015552962529018596,0.017873285965513616,1.0,-0.06252483583426931,0.01868905095589176,0.008357975059615719,-0.009170725977317759,0.02931139259604653,-0.016595357886975363,-0.0423400589301657,-0.00622418654373406,-0.01608484009542749,-0.030364619096946797,-0.07297130297315065,-0.011473125348836507,0.029058286725780196,-0.03204509013976654,0.001947405753637406,0.02988990735721955,0.014598665927853235,-0.03480589283249259,-0.016672061773737392,-0.03171366392625498,-0.0006369939148096917,-0.007697782035827886,-0.009443126042112938,-0.03822636303914586,0.006915855962415027,-0.03663102950795223,0.03487490401003539,0.021601098649978168,0.0028633508788540566,0.03617442438755415,0.014590387631818325,0.023015886984354934,0.020737866918057245,0.0042507279379129384,-0.02321596940196684,0.030611777784689813,0.042326809429153796,0.03821249042319589,-0.002408114692897604,0.02180826876045763
3.5200891660143383,0.610289057288687,0.8935219657483247,1.0,121.0,125.0,114.0,100.0,98.0,13.0,64.0,10.0,21.0,16.0,1.0,134.0,124.0,131.0,127.0,125.0,130.0,93.0,129.0,127.0,118.0,125.0,119.0,0.23830409356725146,0.358187134502924,0.40350877192982454,0.2651821862348178,0.33535762483130904,0.39946018893387314,0.012658227848101266,0.008935219657483246,0.011169024571854059,0.010424422933730455,0.016381236038719285,0.018615040953090096,0.0014892032762472078,0.005956813104988831,0.004467609828741623,0.0007446016381236039,0.04393149664929263,0.011913626209977662,0.03350707371556218,0.0029784065524944155,0.02308265078183172,0.021593447505584513,0.017870439314966492,0.0029784065524944155,0.00967982129560685,0.0052122114668652275,0.0022338049143708115,0.026061057334326135,0.0029784065524944155,0.03201787043931496,0.011913626209977662,0.014147431124348473,0.03052866716306776,0.04318689501116903,0.004467609828741623,0.0379746835443038,0.028294862248696945,0.014147431124348473,0.09158600148920328,0.0022338049143708115,0.04839910647803425,0.02308265078183172,0.04095309009679821,0.05361131794489948,0.06105733432613552,0.00967982129560685,0.03648548026805659,0.02308265078183172,0.006701414743112435,0.04765450483991065,0.005956813104988831,0.01340282948622487,0.004467609828741623,0.012658227848101266,0.007446016381236039,0.0,1.0,-0.018156230311259035,0.05404191757658521,0.013980539840520676,0.0060314378919095,0.005194004485221532,-0.03651475832808258,0.05667391200088046,0.005358473438986703,0.007037866908862393,3.7508908895124786e-05,0.03553229603237575,0.07485350191813765,-0.0368534309247383,-0.023579764747687942,0.013378947256844602,0.011281273529135768,-0.003257831881804167,-0.0009457194463948997,0.009133423550138036,0.007161933385136664,-0.021568808834515965,0.012971419192447169,-0.0075395857772002015,0.01859307057729349,0.016666506289226717,-0.022443811731341617,0.028300351576010484,-0.04250771996544978,0.008433077678405253,-0.007429874449765331,-0.025524968516123674,-0.008507839491589921,-0.010666752387170643,-0.010008766483615438,-0.0006656771157141791,0.017372962398111265,0.007789700974061429,-0.028815677773118376,-0.005073870578423305,-0.03894823974594463,1.0,-0.0181697595439798,0.0538101417332465,0.01597153715442102,0.003678183848116188,0.003779951691161266,-0.037396851877823094,0.05527332564381124,0.011219002997182393,0.002393153979904402,-0.0020158366904274674,0.034899869145839056,0.07561568304415124,-0.03481158660258862,-0.037473639457024255,0.013469981926115466,0.01541931979604296,-0.0006343858559932781,-0.0016274076783509607,-0.0025479434208468058,0.008349352614376247,-0.017716219306013917,0.010607763253045624,-0.012819905751094911,0.014804876828665818,0.02722535357921737,-0.02185042643306446,0.017919331987409207,-0.04049798319150567,0.005857119231435532,-0.0004849021978560132,-0.02896061494912486,-0.012721229147510886,-0.001618854373563416,-0.015679137425182343,0.004793975663107728,0.014886326968829397,0.007319059249849845,-0.025620595805098078,-0.00752957093972162,-0.03285902711797909
3.495254425735095,0.6205557013704679,0.889054355919583,3.0,110.0,124.0,117.0,99.0,77.0,53.0,16.0,13.0,8.0,6.0,1.0,134.0,111.0,129.0,123.0,119.0,125.0,109.0,123.0,111.0,113.0,115.0,111.0,0.15311004784688995,0.37799043062200954,0.4688995215311005,0.2684469430780042,0.3274771609276177,0.4040758959943781,0.01340282948622487,0.006701414743112435,0.01712583767684289,0.00967982129560685,0.0193596425912137,0.016381236038719285,0.0007446016381236039,0.007446016381236039,0.0037230081906180195,0.0029784065524944155,0.03350707371556218,0.00967982129560685,0.029784065524944156,0.0037230081906180195,0.021593447505584513,0.03201787043931496,0.011169024571854059,0.006701414743112435,0.010424422933730455,0.004467609828741623,0.0052122114668652275,0.02084884586746091,0.0022338049143708115,0.026061057334326135,0.01340282948622487,0.010424422933730455,0.02680565897244974,0.039463886820551006,0.0022338049143708115,0.03052866716306776,0.034996276991809384,0.01563663440059568,0.10275502606105734,0.0029784065524944155,0.05361131794489948,0.02680565897244974,0.03127326880119136,0.058823529411764705,0.06626954579300075,0.005956813104988831,0.040208488458674606,0.01712583767684289,0.01340282948622487,0.045420699925539834,0.0,0.02531645569620253,0.0007446016381236039,0.010424422933730455,0.00967982129560685,0.0007446016381236039,1.0,0.048453843320529794,0.022114088460860805,0.016534681269335442,-0.00913714730071473,0.02748634752089928,-0.030596368332918823,-0.044464918843805414,-0.012893846486156796,-0.034924629373465806,0.04190766682606638,0.03228690408617509,0.015532138580031813,-0.024957184912388367,0.020808681775254415,0.03995090509670369,-0.018412580875297718,0.015129694615020159,-0.01440217240137347,0.021720942539883163,0.0047820372377683894,-0.016492165309101442,0.05049209149847586,0.00494863165716875,-0.0061292611396785894,0.0013075126739292699,-0.0010666286666822123,0.00739430018198691,-0.010245130991289314,0.026130145602973127,0.0015305860339036971,-0.04382247162496204,-0.0014020308067829153,-0.03542247301263743,0.007277065768175446,-0.019720877534088528,0.013326159730636665,-0.0076918781241844605,0.01851168818485129,-0.020145975194877635,0.007249328326513986,1.0,0.04848994901599964,0.01984244985378228,0.014596993754187887,-0.01111200724916823,0.0279927304184702,-0.03332860201162264,-0.042631014101224135,-0.008558287420814752,-0.030981188598940303,0.04599473403082072,0.03125724614542414,0.01345236157232031,-0.0322808664282854,0.0224841111790362,0.034492002624304796,-0.024369179935499218,0.018958491969485826,-0.011316654028784847,0.026199093421410566,-0.0007067500531082254,-0.014380246456563975,0.04951945748392176,0.004815588532001602,-0.006908452920870672,-0.005210490087269408,0.002310938893527905,0.0039612615643898706,-0.005926492898060588,0.028256748928824314,-0.0020300916819036893,-0.042680226288779995,-0.0016750401260406623,-0.03654356617063882,0.006244980373357761,-0.014270076646754708,0.020795123947647157,-0.017459663538359305,0.02280379509990783,-0.03033744860457291,0.005448774197029425
3.479001863959593,0.6405173659444162,0.8823529411764706,22.0,107.0,126.0,121.0,75.0,52.0,43.0,17.0,26.0,8.0,23.0,0.0,134.0,107.0,129.0,127.0,110.0,128.0,107.0,121.0,110.0,115.0,119.0,107.0,0.14677419354838708,0.3709677419354839,0.482258064516129,0.2708628005657709,0.32673267326732675,0.4024045261669024,0.017870439314966492,0.008935219657483246,0.011913626209977662,0.008935219657483246,0.016381236038719285,0.017870439314966492,0.0007446016381236039,0.00967982129560685,0.0052122114668652275,0.0022338049143708115,0.03350707371556218,0.012658227848101266,0.03425167535368578,0.004467609828741623,0.020104244229337303,0.0193596425912137,0.021593447505584513,0.0022338049143708115,0.006701414743112435,0.0052122114668652275,0.0014892032762472078,0.022338049143708117,0.0029784065524944155,0.023827252419955324,0.011169024571854059,0.01712583767684289,0.024571854058078928,0.04393149664929263,0.0037230081906180195,0.03425167535368578,0.03127326880119136,0.007446016381236039,0.11392405063291139,0.0037230081906180195,0.04690990320178704,0.022338049143708117,0.03127326880119136,0.05212211466865227,0.08041697691734921,0.010424422933730455,0.039463886820551006,0.01340282948622487,0.008190618019359643,0.04839910647803425,0.0037230081906180195,0.02084884586746091,0.0029784065524944155,0.008190618019359643,0.008190618019359643,0.0014892032762472078,1.0,0.02158969482926581,0.01837692225006843,0.025713416214962075,0.010120056838698984,-0.003967345795274821,-0.03486016999197702,0.008148866797140024,0.04301423863929137,0.03480880877192855,-0.013502429801886739,-0.00010736567866928139,0.016858864149085346,-0.008090102826180116,0.043066321394456146,-0.002591745187489302,0.01284258600084855,-0.026351600855597485,0.005132851783759274,-0.009331321369146117,-0.007384724434288449,0.010932065433715688,0.05050373866395932,0.02941834936403772,-0.0011161597821003166,0.01649094447664353,-0.013354315707731578,-0.018987177071354246,0.03756947355570851,0.04420996359681321,0.029874078455730136,0.009027541177819797,0.003149336395096416,0.006356875368962438,-0.0008863351816574797,-0.030610127467119493,0.030572221059905823,0.013912907353831426,-0.01581978394999452,-0.012323333384591767,0.02357278169640676,1.0,0.021605782530330825,0.017945897521439373,0.025012472164373276,0.008766512132433854,-0.005289910090482258,-0.035856902070831864,0.009354532069638535,0.0444435922252497,0.03501245104116316,-0.016495314853938053,-0.003695889919086634,0.013831408674023764,-0.007550710862975275,0.047368072942373295,-0.003234674225267171,0.007939802865667405,-0.03240762122317541,0.0065178731087988905,-0.008198378123944508,-0.003858735565944954,0.010809855927740242,0.04947619023671529,0.02282010380195338,-0.0035491716065657484,0.014435655972144953,-0.01653493165926175,-0.01806934638077698,0.04209362797410498,0.04758547780053273,0.02150439193734116,0.003123439900502654,-0.0039299057711782315,0.004034992239872652,0.00035862445267086335,-0.025720901990049044,0.02764393772946437,0.004135643477761033,-0.020307476360668958,-0.013084444170355203,0.02608877792816361
3.401330544713907,0.6080553338550907,0.8793745346239762,18.0,78.0,119.0,110.0,59.0,66.0,13.0,35.0,15.0,5.0,16.0,8.0,134.0,87.0,125.0,117.0,107.0,126.0,41.0,112.0,89.0,98.0,99.0,83.0,0.21955719557195572,0.34870848708487084,0.4317343173431734,0.3054187192118227,0.3374384236453202,0.35714285714285715,0.01563663440059568,0.008190618019359643,0.006701414743112435,0.014147431124348473,0.023827252419955324,0.014147431124348473,0.0007446016381236039,0.005956813104988831,0.0022338049143708115,0.0014892032762472078,0.028294862248696945,0.00967982129560685,0.04765450483991065,0.0029784065524944155,0.014147431124348473,0.018615040953090096,0.011169024571854059,0.0029784065524944155,0.007446016381236039,0.0029784065524944155,0.0022338049143708115,0.029039463886820552,0.0022338049143708115,0.026061057334326135,0.014892032762472078,0.012658227848101266,0.02308265078183172,0.04244229337304542,0.0052122114668652275,0.04244229337304542,0.020104244229337303,0.008935219657483246,0.10796723752792256,0.0014892032762472078,0.05137751303052867,0.022338049143708117,0.034996276991809384,0.06031273268801191,0.08265078183172003,0.007446016381236039,0.0573343261355175,0.014147431124348473,0.007446016381236039,0.05361131794489948,0.0022338049143708115,0.010424422933730455,0.0022338049143708115,0.00967982129560685,0.005956813104988831,0.0,1.0,0.048118448150923546,0.06833292877967227,0.049377623397907675,0.0836080155955489,0.04046332314610913,0.0844413525136684,0.0874058929055469,0.06516017952693412,0.046836916095138424,0.0454825812499426,0.0436891852231277,0.08179887089147002,0.09519926149820424,0.08243657205899374,0.07633054781215388,0.014414610298898728,0.07749435193218447,0.04963491285759153,0.08577397699771355,0.0754391907347364,0.04108592537885945,0.061795430050294434,0.0839132205985566,0.033279031467115805,0.057173890132018915,0.008969061814122997,0.004620896106497346,0.06361035126823988,-0.009533714397155939,0.061656633588263295,-0.009325964178054352,0.04705161315535125,0.021464682707888847,0.026311761687591657,0.05332825477205944,0.02845770100473228,0.003948276881333468,0.0070826320200037055,0.007205716706981275,0.029545901062200605,1.0,0.04815430392450846,0.06626967375497189,0.04351149641578892,0.07593034987236934,0.02841259273966526,0.07111811391039491,0.07253660002427084,0.04349445037699431,0.024713848247468327,0.02033818688902219,0.019272370154008036,0.05916267330264879,0.07045127325556476,0.05336912551072328,0.046596188988350586,-0.020928030226498726,0.04685709875061498,0.017659723796105243,0.0491091505544426,0.04137231352327298,-0.0023756817785372474,0.029522732354595498,0.052433812528763495,-0.004642340593367386,0.017884345838301112,-0.03826230930160357,-0.042633175090929225,0.03544544719917535,-0.048587055568317356,0.03259739609512873,-0.04318397236489281,0.008201750503645529,0.002362948635106996,-0.008042743418289885,0.03255608408058225,-0.0036774800678790742,-0.030415518259318968,-0.01632312580218261,-0.012185238168355416,0.010379987018125154
3.4622195635663187,0.606193004298003,0.8808637379002234,0.0,106.0,112.0,116.0,99.0,96.0,23.0,41.0,24.0,4.0,2.0,0.0,133.0,107.0,118.0,119.0,115.0,124.0,103.0,121.0,111.0,110.0,117.0,107.0,0.21990369181380418,0.3900481540930979,0.3900481540930979,0.27292418772563176,0.3285198555956679,0.39855595667870036,0.01563663440059568,0.008190618019359643,0.01340282948622487,0.011913626209977662,0.00967982129560685,0.010424422933730455,0.0022338049143708115,0.008935219657483246,0.004467609828741623,0.0022338049143708115,0.03648548026805659,0.008190618019359643,0.0379746835443038,0.004467609828741623,0.016381236038719285,0.021593447505584513,0.012658227848101266,0.0029784065524944155,0.01340282948622487,0.0052122114668652275,0.0022338049143708115,0.026061057334326135,0.0022338049143708115,0.021593447505584513,0.0193596425912137,0.016381236038719285,0.03052866716306776,0.0379746835443038,0.005956813104988831,0.03723008190618019,0.022338049143708117,0.011913626209977662,0.11392405063291139,0.0022338049143708115,0.058078927773641105,0.021593447505584513,0.04765450483991065,0.06180193596425912,0.06924795234549516,0.010424422933730455,0.03425167535368578,0.017870439314966492,0.006701414743112435,0.04169769173492182,0.0014892032762472078,0.01563663440059568,0.0029784065524944155,0.006701414743112435,0.007446016381236039,0.0,1.0,-0.01680790277564053,-0.0028513705093199,0.02717041684678641,-0.01141615025319064,0.026182798657659705,0.023149051081865917,0.00934837133614056,0.026299114231619177,0.06932596349152916,0.027046051300881297,-0.0018456699256927422,-0.006122151317451336,0.015162331535832452,-0.01904004418566845,0.000491136730169557,-0.021407248546058206,0.019427629682837646,0.015089177171973075,0.0186871160571442,0.010788376725989646,-0.01886212632405497,-0.003492992635323901,0.0228155938124983,0.02440752296944392,0.00578126584166578,-0.002371836997191174,0.018252129873073605,0.047581712486370484,0.0072203478962352624,-0.02262947726110919,0.00801288110816535,0.032884765543621526,0.007996229021424618,-0.017801519836852964,0.012434903409905615,-0.010125902882711644,0.0012233738632857556,-0.030611326658784698,-0.016522765351521647,-0.0006870998579963878,1.0,-0.016820427293357105,-0.003139438118046006,0.027138201374837165,-0.010555137662390994,0.026094691881938647,0.023356711555110276,0.010942492721868062,0.025475619985385254,0.07028884482976941,0.029494997104563686,-0.00251134048046935,-0.010120624635041795,0.013449485836136279,-0.023118795460339677,-0.005163619099128582,-0.026455279617904903,0.016424991483449995,0.008629700418519782,0.017729766121523525,0.011184060144650183,-0.016448156698379946,-0.00508081688713859,0.024369330720479532,0.028155156533793194,0.008079830235832601,-0.005638076625156015,0.015622968325532255,0.04499884186465011,0.007003737717136273,-0.024974984826490285,0.0056466958608039665,0.029427696961227635,0.0037461593333071048,-0.022904658255011975,0.0101080690048822,-0.01451933686133409,-0.008667469418078588,-0.03670251448098207,-0.012737601352419362,-0.0017889237114240687
3.493254722514458,0.6335760002002405,0.8823529411764706,19.0,76.0,125.0,112.0,101.0,84.0,4.0,44.0,38.0,10.0,13.0,4.0,134.0,85.0,129.0,123.0,123.0,124.0,35.0,127.0,121.0,117.0,121.0,90.0,0.23333333333333334,0.4142857142857143,0.3523809523809524,0.28969149736644095,0.36418359668924005,0.34612490594431905,0.011169024571854059,0.007446016381236039,0.010424422933730455,0.014147431124348473,0.007446016381236039,0.012658227848101266,0.0007446016381236039,0.012658227848101266,0.0014892032762472078,0.008190618019359643,0.058823529411764705,0.005956813104988831,0.035740878629932984,0.0052122114668652275,0.026061057334326135,0.03127326880119136,0.018615040953090096,0.0022338049143708115,0.011913626209977662,0.0037230081906180195,0.0029784065524944155,0.029039463886820552,0.0022338049143708115,0.03127326880119136,0.008935219657483246,0.011913626209977662,0.0379746835443038,0.04988830975428146,0.007446016381236039,0.040208488458674606,0.021593447505584513,0.008190618019359643,0.08637379002233805,0.004467609828741623,0.05361131794489948,0.02680565897244974,0.040208488458674606,0.06180193596425912,0.05658972449739389,0.007446016381236039,0.02531645569620253,0.018615040953090096,0.006701414743112435,0.03723008190618019,0.0014892032762472078,0.016381236038719285,0.0014892032762472078,0.008190618019359643,0.006701414743112435,0.0029784065524944155,1.0,0.011064173087414931,-0.013444563502213102,0.005677125730049151,-0.018420148773667315,0.029761270037195118,-0.04704456422073525,-0.028342179158491288,0.0017875654663462189,0.005767942075888433,-0.04565362360188405,-0.008230570620168198,-0.034332529466325326,-0.0045030147308128396,-0.004024810800761551,0.019278070361364117,0.06835051250270088,0.0489802912842414,0.002234816372470639,0.019023398938822135,-0.01734833144445638,0.029159257685294166,-0.02690554014251013,-0.002182116958342066,-0.038094636447096146,-0.059517079719929714,0.0083797544272098,0.017793230248744508,-0.029721140687697052,-0.01730841899802225,0.024860808847272688,0.030969175465627954,0.05203407579685707,-0.03777261061740918,0.011823518275888777,-0.010745419419307383,-0.00724420706654268,-0.0037308960384184703,-0.020188310752927513,-0.011356954504504406,-0.012800395154452303,1.0,0.011072417627718505,-0.013588879458499074,0.005993250539018611,-0.01879617928866445,0.03047547524594593,-0.04858623714927803,-0.02631241810379846,0.00038811916669891783,0.006784298172625001,-0.04875086134454695,-0.005159870887010889,-0.03671060837584187,-0.005796443094339805,-0.007990140685595398,0.023371253354684766,0.06375197866373825,0.04823623752402208,-0.0005943069852844819,0.019831388247178092,-0.020388855211233566,0.03041359104370132,-0.028146814968848022,0.007688324545656122,-0.04269538091082947,-0.05568873546530221,0.009288594738367836,0.027644339496080403,-0.02799128971479725,-0.010869099665119475,0.02424866504013421,0.027315059639215076,0.04056470288820889,-0.03899814563255438,0.006905948170913124,-0.024349670988814756,-0.00931411938111988,-0.00817305800989976,-0.015284258032668646,-0.011534167483690017,-0.008569718416714629
3.459671984888494,0.6107713717809566,0.8749069247952346,16.0,90.0,123.0,122.0,89.0,98.0,6.0,46.0,16.0,14.0,5.0,1.0,134.0,102.0,129.0,126.0,123.0,130.0,55.0,129.0,119.0,122.0,125.0,79.0,0.25559105431309903,0.38498402555910544,0.35942492012779553,0.28623452294246177,0.3568827385287691,0.3568827385287691,0.014892032762472078,0.005956813104988831,0.020104244229337303,0.011913626209977662,0.011169024571854059,0.00967982129560685,0.0029784065524944155,0.011913626209977662,0.0014892032762472078,0.0037230081906180195,0.03425167535368578,0.008190618019359643,0.04169769173492182,0.004467609828741623,0.02531645569620253,0.02084884586746091,0.011169024571854059,0.0007446016381236039,0.011169024571854059,0.0029784065524944155,0.0014892032762472078,0.024571854058078928,0.0022338049143708115,0.029784065524944156,0.012658227848101266,0.012658227848101266,0.02308265078183172,0.04244229337304542,0.0037230081906180195,0.0387192851824274,0.023827252419955324,0.01340282948622487,0.09903201787043932,0.0037230081906180195,0.05286671630677588,0.03052866716306776,0.034996276991809384,0.05956813104988831,0.07371556217423679,0.008190618019359643,0.034996276991809384,0.014147431124348473,0.0022338049143708115,0.05956813104988831,0.0022338049143708115,0.016381236038719285,0.0029784065524944155,0.010424422933730455,0.010424422933730455,0.0007446016381236039,1.0,0.022940360193613767,0.041734215649317084,0.044816737025488634,0.001391665923325738,0.034586170896569776,-0.013507773532460451,-0.019779700242414988,-0.001229692868905385,0.012352721227970596,-0.0050535017088050626,0.003536259494851411,-0.006382619593819945,0.016229184501444924,0.033287220149849264,-0.03456780471769444,-0.02486492635242331,0.010241918020835605,-0.028610679669449045,0.0027185671550627568,-0.04267445604016302,-0.033120116169913186,0.005631195232080495,-0.03556517113286852,0.033190763916251635,0.005099364222729492,-0.00010867736053136921,0.03166771140798761,-0.012037314056697264,-0.0434782545725499,0.002030672648261474,0.017222025253773213,0.013349814477874757,0.02371616777477382,-0.037024306780375424,0.049019182060814355,-0.03416888989067506,0.020771262417751325,0.02174759904410563,0.014322015888153643,0.028909198433664553,1.0,0.022957454351731216,0.04129117665903316,0.043145475135873836,-0.0021983916692026348,0.031244215663750338,-0.016898530805065835,-0.021966309717994615,-0.0020441030675974973,0.015616131960387424,-0.004850647367409453,0.003830856573712334,-0.006266700181980744,0.01636419467037571,0.03190396428634022,-0.03663705056158907,-0.027798086044624647,0.012020861832409493,-0.025772031550158885,0.00345628291780836,-0.03860195696299532,-0.027801897812509243,0.006783288294726064,-0.030567034426930186,0.03816479640091747,0.008085494029243363,0.00012161214558660808,0.025667361446461277,-0.01412323234318412,-0.04542736685112363,0.002149274334372636,0.021971755480321847,0.017810466989616573,0.022408745541737538,-0.03609512730301675,0.047125549076294564,-0.04481978400420085,0.023790787282791246,0.015796711598559988,0.018099240102990338,0.02396597431890203
3.503193775831447,0.6474097591317736,0.877885331347729,3.0,104.0,126.0,111.0,88.0,84.0,19.0,36.0,9.0,4.0,0.0,0.0,134.0,107.0,131.0,115.0,123.0,123.0,101.0,123.0,105.0,107.0,108.0,106.0,0.2106164383561644,0.363013698630137,0.4263698630136986,0.274765003615329,0.32537960954446854,0.39985538684020244,0.01563663440059568,0.006701414743112435,0.011169024571854059,0.00967982129560685,0.01563663440059568,0.012658227848101266,0.0052122114668652275,0.006701414743112435,0.007446016381236039,0.004467609828741623,0.0379746835443038,0.00967982129560685,0.035740878629932984,0.0052122114668652275,0.02084884586746091,0.03350707371556218,0.011913626209977662,0.0014892032762472078,0.011169024571854059,0.0029784065524944155,0.0014892032762472078,0.02308265078183172,0.005956813104988831,0.023827252419955324,0.016381236038719285,0.011169024571854059,0.023827252419955324,0.035740878629932984,0.0052122114668652275,0.03201787043931496,0.024571854058078928,0.0193596425912137,0.10126582278481013,0.0029784065524944155,0.05286671630677588,0.03127326880119136,0.03350707371556218,0.06403574087862993,0.06552494415487714,0.011913626209977662,0.044676098287416234,0.01563663440059568,0.0052122114668652275,0.04393149664929263,0.0014892032762472078,0.01563663440059568,0.0007446016381236039,0.010424422933730455,0.00967982129560685,0.0007446016381236039,1.0,-0.005017291749466938,0.05577509243901059,0.05966398445982104,0.012112028814894092,0.018342419351091436,0.03165581378770018,0.021070713499690925,0.007293017657375412,0.027034890167008118,-0.0032010516928460426,0.05688535412557821,0.06648159116680619,-0.013219449829050364,0.038935838685023566,0.030154703536320233,0.00042999722105780335,0.05304729130254607,0.028381708018854732,-0.027580405112999647,0.031070747961705385,0.03204062313730084,0.029295196592930207,0.002789738424939627,0.02212366252613298,0.04947865567489815,0.058113113128740033,0.0071320239571240375,-0.005127116901820042,0.011278536234279947,0.01421046372090448,0.006258582007056318,0.017087199774079943,-0.0021246292696356357,0.022155870542799307,-0.0031497812800815508,0.027451103512472923,0.0005199164121351211,0.047145562051791594,0.006966095671964276,0.03465019528124035,1.0,-0.005021030416940457,0.055834473650089096,0.06053294564615623,0.009869958269867845,0.011940175971649392,0.02740503271971363,0.01885672660867141,0.002561861652622233,0.02151457593883615,-0.006478300629403338,0.05327337010673961,0.06506464370510187,-0.019237947977174413,0.024814763266515036,0.023642014983513097,-0.0037073486997256607,0.04363083606024752,0.021351162641470977,-0.03579518392765498,0.019132511567251712,0.02937592937191395,0.027716035682312717,-0.013603819745001196,0.010914275099144674,0.048306398358395876,0.0506241980738518,-0.003135657079765625,-0.022655414424775075,-0.00804585949652293,0.015572291352732397,0.0037819791468105043,0.0011565264308399472,-0.011706635034188876,0.017160576935885255,-0.008450047231046002,0.01982954258688649,-0.013712052843621371,0.035794205695974295,0.003781119219118343,0.030254957651721835
3.430175883391341,0.6286115201155742,0.8786299329858526,7.0,115.0,109.0,109.0,100.0,103.0,3.0,65.0,30.0,9.0,5.0,7.0,134.0,123.0,123.0,127.0,121.0,127.0,35.0,127.0,125.0,113.0,113.0,115.0,0.26435045317220546,0.37462235649546827,0.3610271903323263,0.28054953000723065,0.351409978308026,0.3680404916847433,0.018615040953090096,0.011169024571854059,0.007446016381236039,0.008190618019359643,0.008190618019359643,0.011913626209977662,0.0,0.01340282948622487,0.0052122114668652275,0.0022338049143708115,0.0379746835443038,0.008190618019359643,0.0387192851824274,0.008190618019359643,0.02084884586746091,0.02308265078183172,0.01340282948622487,0.0014892032762472078,0.011913626209977662,0.004467609828741623,0.0037230081906180195,0.03648548026805659,0.0014892032762472078,0.03648548026805659,0.014147431124348473,0.018615040953090096,0.03723008190618019,0.04690990320178704,0.0014892032762472078,0.03648548026805659,0.02308265078183172,0.008190618019359643,0.10796723752792256,0.0022338049143708115,0.05063291139240506,0.023827252419955324,0.03276247207743857,0.07073715562174236,0.06180193596425912,0.007446016381236039,0.039463886820551006,0.010424422933730455,0.0022338049143708115,0.04169769173492182,0.0014892032762472078,0.011913626209977662,0.0007446016381236039,0.00967982129560685,0.0052122114668652275,0.0007446016381236039,1.0,0.0449399849995452,-0.041518599532523286,-0.0015967838818958962,0.02400995280729876,0.015358414456285755,-0.007627495481221026,-0.0012802419490470565,-0.014363513749974771,-0.00639182509437034,0.011552389443710037,0.037877104137137386,0.0435119890462768,0.019330597239712758,0.018240332197526164,-0.03361763575057969,0.016159625007115368,0.016717176734189182,0.030649651693641974,-0.019918406003716575,-0.03256392794667428,0.01265117066758264,0.004321564567967598,0.003967668356704522,0.007932943578568264,-0.008451597186796644,0.0014814052563353445,0.04653278026034609,-0.00796969024708631,-0.0168015133935776,-0.023968099109873388,-0.04209034998961933,0.04313797856017894,-0.03358675063208128,0.019311709163498433,-0.0008071428414457573,0.00304383513427516,-0.019972680602792645,0.019232273710898015,0.013353364910757583,0.022009385050175235,1.0,0.0449734723207073,-0.04369150561029862,0.0023254580837235657,0.022318902775069097,0.013324018402496475,-0.007076708905423105,0.0006078630408640025,-0.0156336945362357,-0.0057448407708734625,0.01114065611280276,0.03703258491389365,0.04225798150315147,0.019585121980774195,0.019853671141345976,-0.036555970001916974,0.018096826715573423,0.010734430571704295,0.03124878219059833,-0.0193133393015908,-0.026783153731963005,0.012424947583423733,-0.00240776051749634,0.001006992977261793,0.006930744801901344,-0.010843865056151026,0.0032880070425733406,0.047515415462058445,-0.01614944616801259,-0.01422947962958169,-0.027167574530209695,-0.041858868366779545,0.04796991693198095,-0.03861389210932734,0.026931861370760972,-0.00603921676238251,0.005564941675401061,-0.021726396272893037,0.020301911860127503,0.0035366304644063,0.02494440641260849
3.5243872816133943,0.6279009715745193,0.885331347728965,2.0,107.0,128.0,123.0,99.0,108.0,21.0,39.0,10.0,12.0,9.0,2.0,134.0,107.0,131.0,125.0,117.0,128.0,107.0,125.0,117.0,119.0,121.0,111.0,0.22575757575757577,0.3696969696969697,0.40454545454545454,0.268377253814147,0.3314840499306519,0.4001386962552011,0.018615040953090096,0.00967982129560685,0.016381236038719285,0.011169024571854059,0.01563663440059568,0.01712583767684289,0.0014892032762472078,0.005956813104988831,0.0022338049143708115,0.0037230081906180195,0.03127326880119136,0.008935219657483246,0.02680565897244974,0.011169024571854059,0.016381236038719285,0.022338049143708117,0.017870439314966492,0.0029784065524944155,0.011169024571854059,0.004467609828741623,0.0014892032762472078,0.02308265078183172,0.0022338049143708115,0.03425167535368578,0.01340282948622487,0.011913626209977662,0.02680565897244974,0.04839910647803425,0.0029784065524944155,0.035740878629932984,0.029784065524944156,0.00967982129560685,0.09381980640357408,0.0037230081906180195,0.058823529411764705,0.020104244229337303,0.04095309009679821,0.05658972449739389,0.06031273268801191,0.011169024571854059,0.03350707371556218,0.016381236038719285,0.006701414743112435,0.05063291139240506,0.004467609828741623,0.02084884586746091,0.0014892032762472078,0.014147431124348473,0.007446016381236039,0.0037230081906180195,1.0,0.01607566251981715,0.058316805507058915,-0.024653826696058475,0.02893918611638517,0.031123542754074977,-0.0386970671912873,0.04582443848752117,0.014908951078152446,0.03236172877760439,-0.01094035078274606,0.007406200886009067,-0.0021104340878981393,-0.005430358870802571,0.004925071390795848,0.016765525078337656,-0.012684369281906239,0.02832684516338651,0.02856352921647119,0.04877759914970753,0.03050303651342558,0.03466241078579594,0.021100443203644608,-0.02819682027510849,-0.0047924390094087515,-0.02576168796128432,0.00369268122417078,-0.00753309093277038,-0.008413894491601133,-0.009172490822475399,-0.015748170479666396,-0.043420032032473986,-0.05002458418406271,0.017145945461036413,-0.04198616986142928,0.010079366502760145,-0.009206892893265681,0.01590560920628221,-0.015294823963597043,0.004328396627477455,0.02526071877796278,1.0,0.01608764140396007,0.05816002092585734,-0.02662654713610673,0.02656178375460618,0.03346584943365999,-0.044111337661023015,0.0455839252212767,0.019294663937814566,0.022656478132770698,-0.01010638347810058,0.005713955797930911,-0.005208340935002113,-0.005648861190245335,0.0043249128833326355,0.018503343395007355,-0.018422741706337127,0.028948543665343617,0.029871218432605855,0.04360681849174602,0.028393292074673938,0.032151930348280185,0.013750917805939419,-0.03335754843572484,-0.008831151357371881,-0.024124540384573293,-0.004562700122372818,-0.006670991360228096,-0.012281524966032483,-0.012927736834976614,-0.013384731404621373,-0.043573646547253264,-0.04522694086998754,0.024462633744016644,-0.04014034728800218,0.008336526839001844,-0.0018805441063390448,0.009714619707163178,-0.017879824126542824,0.007590358718624444,0.024596706117896813
3.502204354501028,0.6434084865533916,0.8801191362620998,4.0,109.0,119.0,105.0,102.0,81.0,57.0,25.0,9.0,8.0,2.0,3.0,134.0,111.0,124.0,119.0,117.0,118.0,101.0,116.0,112.0,110.0,113.0,107.0,0.1762820512820513,0.358974358974359,0.46474358974358976,0.2662807525325615,0.3314037626628075,0.402315484804631,0.01340282948622487,0.007446016381236039,0.011913626209977662,0.008190618019359643,0.02084884586746091,0.012658227848101266,0.0014892032762472078,0.005956813104988831,0.005956813104988831,0.0022338049143708115,0.040208488458674606,0.007446016381236039,0.03052866716306776,0.008190618019359643,0.016381236038719285,0.027550260610573342,0.014892032762472078,0.0029784065524944155,0.010424422933730455,0.005956813104988831,0.0022338049143708115,0.029039463886820552,0.004467609828741623,0.03276247207743857,0.016381236038719285,0.00967982129560685,0.03127326880119136,0.04765450483991065,0.0029784065524944155,0.03723008190618019,0.027550260610573342,0.011913626209977662,0.10201042442293373,0.0037230081906180195,0.05137751303052867,0.02084884586746091,0.034996276991809384,0.0573343261355175,0.07222635889798958,0.011169024571854059,0.03350707371556218,0.014147431124348473,0.008935219657483246,0.039463886820551006,0.007446016381236039,0.0193596425912137,0.0029784065524944155,0.005956813104988831,0.0052122114668652275,0.0014892032762472078,1.0,0.003411145154479429,0.039268315077480145,-0.006467516138980553,0.06285346261817788,0.016344193440725765,-0.006891596324866127,0.006608542365632001,0.004372788769621264,-0.009931522183948886,0.02660554270299096,0.009773732764668083,-0.0282473112229104,-0.004158256969349035,-0.01912615006583204,0.014718874456761651,0.010420406659373575,0.013175872718132307,-0.0029627666477064036,0.023408603285423803,-0.04282289483913204,-0.03219265756430478,0.006213322188744596,0.008854991921625253,-0.005694326084383761,-0.034712496308723036,0.029621599870141763,-0.013983467848509193,-0.05820148281432327,-0.016452649435917965,-0.061033915014490445,0.0029994750971367085,-0.030198214238457657,0.007699874345575623,-0.020218878465846017,0.02932914832208644,-0.008716992797435616,0.0038962200484968135,-0.03502920824751634,0.051826614764596386,0.028519231763448855,1.0,0.003413686991405278,0.03931568569419589,-0.006755699687008007,0.061639034338063906,0.01654795735647908,-0.011899704648820255,0.006356640841246427,0.0014194771718875764,-0.012773635202745048,0.027834412561226124,0.010136305050640124,-0.031684916540926776,-0.0028641161308576545,-0.02003330538733839,0.01246272894428772,0.01620832084360206,0.013355658307607801,-0.0023968719771521136,0.02298680971098419,-0.046552060467624966,-0.0373689904744985,0.01215168522910338,0.008546257836708928,-0.0018794589663529736,-0.030026897455604225,0.027903437440932197,-0.01443993237746646,-0.0608952673511978,-0.011404786285061738,-0.05990221611969382,0.008462449854824437,-0.0205738297324525,0.00736966334598879,-0.015178232415898718,0.034174232626467585,-0.005616415216035404,0.0013029552360125194,-0.029508435619994933,0.051626891391960424,0.0335554453737374
3.4376506158012923,0.6275539471270948,0.8749069247952346,1.0,107.0,121.0,118.0,85.0,74.0,60.0,35.0,36.0,10.0,5.0,2.0,134.0,108.0,126.0,126.0,116.0,125.0,103.0,126.0,109.0,107.0,117.0,105.0,0.16819571865443425,0.38073394495412843,0.4510703363914373,0.2746077032810271,0.32667617689015693,0.398716119828816,0.017870439314966492,0.0037230081906180195,0.01340282948622487,0.006701414743112435,0.01340282948622487,0.00967982129560685,0.0007446016381236039,0.005956813104988831,0.0029784065524944155,0.0037230081906180195,0.0387192851824274,0.00967982129560685,0.03425167535368578,0.006701414743112435,0.02084884586746091,0.027550260610573342,0.014892032762472078,0.0007446016381236039,0.008190618019359643,0.0029784065524944155,0.0022338049143708115,0.02531645569620253,0.0029784065524944155,0.02531645569620253,0.011913626209977662,0.01340282948622487,0.029784065524944156,0.04690990320178704,0.0029784065524944155,0.02680565897244974,0.028294862248696945,0.011913626209977662,0.10945644080416977,0.0007446016381236039,0.055100521221146684,0.018615040953090096,0.0379746835443038,0.06254653760238273,0.07297096053611318,0.012658227848101266,0.0379746835443038,0.01712583767684289,0.008935219657483246,0.054355919583023084,0.0037230081906180195,0.017870439314966492,0.0014892032762472078,0.00967982129560685,0.007446016381236039,0.0007446016381236039,1.0,0.006394111503255424,0.03407187804773942,0.002056751776345666,0.0002682420242590998,0.038196371230503734,-0.011039106218793506,0.0027699166945945723,0.03412605155314485,0.01704277936284917,0.039086469526944924,0.034070046283671246,-0.00788790384297057,-0.0016530999545738923,-0.006054932495088122,0.03430138993386195,-0.02736421864099809,0.041322537806254944,-0.0018884334807845056,-0.02739855483297097,0.022381724165342547,0.010402377316813104,-0.02292151348700655,-0.03236719606657254,-3.6034395758738695e-05,0.014214543877394613,-0.015017108027892705,-0.01989384771069256,0.004946984861870583,-0.015779481873170447,0.022601448749298234,-0.015879289830131548,0.033552710108537,0.009917152441558833,-0.02493771617451393,0.026094148384252617,0.004624241924728663,-0.0011538817486689756,-0.010040406003205047,-0.07323369710729441,-0.004218332775129587,1.0,0.006398876116894213,0.034083143614690684,0.0016343230590934747,-0.0009178106099687818,0.03826322024552358,-0.011571129609449145,0.0003213897500277175,0.035088719508735704,0.016708103648506396,0.035469329103174595,0.03382356710559153,-0.01110274595548356,-0.006434427924195705,-0.005850523182089081,0.03273346091697081,-0.03069629872156909,0.0406468622377243,-0.003300882579291431,-0.03398996535859811,0.019058225898886425,0.013640828314205601,-0.02914675985331668,-0.033456862112516736,0.006166069380423606,0.010208748696718624,-0.017914341749323836,-0.016911697073010015,0.0048554020463824395,-0.014573963576346279,0.023401113757931115,-0.011612673177551781,0.03268909328006436,0.016100269730149205,-0.02434360571601215,0.0215575345231004,0.011219011682586894,-0.002015704574312031,-0.012720320390354787,-0.07206822814627505,-0.005188532019120673
3.462310242985334,0.6024154848551821,0.8786299329858526,2.0,102.0,126.0,127.0,90.0,102.0,26.0,29.0,26.0,23.0,5.0,3.0,134.0,107.0,131.0,127.0,116.0,130.0,93.0,127.0,123.0,123.0,121.0,112.0,0.20121028744326777,0.40242057488653554,0.39636913767019666,0.2707756232686981,0.3386426592797784,0.39058171745152354,0.016381236038719285,0.012658227848101266,0.014147431124348473,0.008935219657483246,0.011169024571854059,0.01340282948622487,0.0,0.008190618019359643,0.004467609828741623,0.004467609828741623,0.040208488458674606,0.01340282948622487,0.034996276991809384,0.0022338049143708115,0.018615040953090096,0.016381236038719285,0.016381236038719285,0.0014892032762472078,0.011169024571854059,0.006701414743112435,0.0007446016381236039,0.027550260610573342,0.0022338049143708115,0.034996276991809384,0.012658227848101266,0.007446016381236039,0.029784065524944156,0.04765450483991065,0.0037230081906180195,0.04169769173492182,0.023827252419955324,0.014892032762472078,0.10647803425167536,0.0029784065524944155,0.06180193596425912,0.02084884586746091,0.040208488458674606,0.05137751303052867,0.06552494415487714,0.011913626209977662,0.03723008190618019,0.01563663440059568,0.0037230081906180195,0.04244229337304542,0.0022338049143708115,0.016381236038719285,0.0022338049143708115,0.005956813104988831,0.00967982129560685,0.0007446016381236039,1.0,0.027457295087327426,0.02571291285150052,-0.03143933600107923,-0.01563421822088397,-0.0013744703841606827,-0.04848578459102259,-0.05690914717245876,-0.030539779984629447,-0.02260336474631783,0.002653494015956442,-0.004245486371803239,0.04692797526010861,0.02563109859929959,0.02617690098158922,0.03718295704900674,0.043290367808270364,-0.007604275845006839,-0.03851592266750847,-0.04165899248999409,-0.003792466087474692,0.0216210618365391,-0.01195643115570005,0.0032783844091844243,-0.05781375174350758,-0.050497690236960706,0.04528771328112108,0.005737075159804146,0.03486551209487304,-0.03877748394893172,-0.030968482408516802,-0.022978945406911644,-0.02647530695636149,0.012039332166971598,0.0006647295947720394,0.0020047643306957794,0.002866972191413883,0.006552780637023574,-0.008056996374852235,-0.005724498937233194,-0.012618652884593535,1.0,0.02747775506876361,0.025015121784140906,-0.03293242543928995,-0.014608774578383426,0.0011158720374792072,-0.04906428089735185,-0.055801509537969925,-0.025687548439833615,-0.02185969258486053,-0.00012473808349999996,-0.0068883274341356385,0.04332369947216244,0.01836135523824154,0.01741684293820942,0.033717223212144765,0.041653079360909485,-0.010844589686763885,-0.03491430007791495,-0.03018915285841196,0.006255540627829396,0.029359244514708914,-0.007497618054688112,0.00889838692705584,-0.05998233148730446,-0.05818138811650786,0.04396195608585083,-0.0009564146445674279,0.023507434756047604,-0.04219865565437488,-0.034853673211907896,-0.028310952401302106,-0.029270042775979957,0.014599653842975126,0.008397675141758935,0.00025360939090945483,-0.003026550553859042,0.004257998366910275,-0.016468142725406174,-0.0033994443323869727,-0.007200515287731257
3.461475502269511,0.6168467418888306,0.885331347728965,4.0,113.0,126.0,107.0,94.0,73.0,41.0,45.0,24.0,15.0,9.0,1.0,134.0,113.0,127.0,122.0,118.0,130.0,107.0,124.0,112.0,113.0,115.0,112.0,0.18711656441717792,0.36809815950920244,0.4447852760736196,0.27189908899789766,0.3258584442887176,0.4022424667133847,0.02084884586746091,0.0022338049143708115,0.014147431124348473,0.014147431124348473,0.016381236038719285,0.014892032762472078,0.0014892032762472078,0.0052122114668652275,0.0022338049143708115,0.0014892032762472078,0.034996276991809384,0.01340282948622487,0.03276247207743857,0.007446016381236039,0.01712583767684289,0.029784065524944156,0.01563663440059568,0.0037230081906180195,0.005956813104988831,0.006701414743112435,0.0014892032762472078,0.023827252419955324,0.0007446016381236039,0.028294862248696945,0.011169024571854059,0.01563663440059568,0.03201787043931496,0.04095309009679821,0.0007446016381236039,0.04244229337304542,0.03648548026805659,0.011169024571854059,0.09307520476545049,0.0014892032762472078,0.06180193596425912,0.023827252419955324,0.03276247207743857,0.06701414743112435,0.07222635889798958,0.006701414743112435,0.0387192851824274,0.01712583767684289,0.00967982129560685,0.03350707371556218,0.0029784065524944155,0.01340282948622487,0.0014892032762472078,0.010424422933730455,0.007446016381236039,0.0007446016381236039,1.0,0.04067430671116135,0.013357443959076006,0.005986172786373326,0.0205762344824854,0.016396551890472427,-0.013154557282632096,0.013188037864505885,0.016595182310814166,0.0015241974201582267,0.004621862392941124,0.01692532981918363,-0.011722126112617097,0.027208322698467065,-0.0031102411879963903,0.0031747738476011612,0.018736594200684513,0.00430812002149838,0.007609538361188546,0.008628936216263315,0.013761440415696203,-0.018041887355455123,0.005180672651724447,0.02888119168003966,0.0375421235973297,-0.03736943162730723,0.0030252590138476533,0.0029623707073627766,-0.00927560790585135,-0.008481060655786243,0.019385823016601782,-0.012587863644991214,-0.017692189061747365,0.009403791872217923,-0.013591517425294804,-0.028139546721524553,-0.014493093525930477,-0.008203600056351741,0.004846212541757232,-0.050524468043615864,-0.017537768514590442,1.0,0.040704615434493066,0.011739951381019272,0.004992535507039676,0.020075652526659764,0.01472261229356758,-0.01502092700622383,0.013836900124657074,0.015442437731012787,-0.0005811273010907152,0.004437160427982978,0.016521093389030128,-0.014598723084966125,0.028041757031311804,-0.005103745900309232,0.0017717744334217896,0.018581274467606657,0.0025416034949551653,0.0052916382499510065,0.008751555631618895,0.011877852412780644,-0.02128767342563459,0.006674240032833658,0.028666382483049563,0.033721406664718435,-0.0407273032433454,0.004507989363975518,0.0006014389379407567,-0.011300461316215427,-0.00739611126395939,0.02202539001232818,-0.01816004700959078,-0.01696234190756743,0.011594417711427022,-0.015594004533262373,-0.029281894668715933,-0.009652512824970283,-0.009663259700992527,0.007744529034986702,-0.05124650447146892,-0.014515206195372998
3.4972727734866442,0.6297445097001869,0.8823529411764706,6.0,108.0,126.0,109.0,98.0,88.0,37.0,49.0,17.0,19.0,18.0,0.0,134.0,109.0,131.0,123.0,123.0,128.0,105.0,125.0,113.0,116.0,117.0,108.0,0.21185185185185185,0.36,0.42814814814814817,0.2702513966480447,0.33170391061452514,0.39804469273743015,0.01712583767684289,0.008190618019359643,0.01563663440059568,0.01340282948622487,0.014892032762472078,0.014147431124348473,0.0007446016381236039,0.005956813104988831,0.0037230081906180195,0.0029784065524944155,0.04616530156366344,0.005956813104988831,0.03052866716306776,0.008190618019359643,0.024571854058078928,0.021593447505584513,0.020104244229337303,0.0029784065524944155,0.008935219657483246,0.005956813104988831,0.0037230081906180195,0.02531645569620253,0.0029784065524944155,0.02680565897244974,0.008190618019359643,0.012658227848101266,0.02308265078183172,0.04616530156366344,0.0037230081906180195,0.0379746835443038,0.02084884586746091,0.012658227848101266,0.10498883097542815,0.0037230081906180195,0.05063291139240506,0.02084884586746091,0.04095309009679821,0.06329113924050633,0.06254653760238273,0.008190618019359643,0.03723008190618019,0.016381236038719285,0.008935219657483246,0.045420699925539834,0.0037230081906180195,0.014147431124348473,0.004467609828741623,0.008935219657483246,0.008935219657483246,0.0007446016381236039,1.0,0.00018724345641809453,-0.019651154018532672,0.013263187063257121,0.006361059766404326,0.04272153024484113,0.0360750869713406,-0.011284151343732911,0.03540209293820014,-0.0006486267734152511,-0.026199532508133463,0.029425655505450687,0.021929790431458856,-0.0211251595640756,0.07227652480889632,-0.0622891921511894,-0.07488575151333927,0.06177925651540541,0.041059734557398836,0.01835758218757188,0.005969678055521041,-0.06372256279400253,0.023746231873493145,0.020109079581004906,0.006389748352521389,0.05931778284504494,0.035705028162785826,-0.01745256410675442,0.007355067020240209,-0.015019182119629278,0.017289045808004024,0.04201701892880809,0.02822089485652886,0.02245367579359979,-0.009452405043762501,-0.01814164713937502,0.02732845521066325,0.07236996054421074,-0.022703027781979634,0.0253956854966685,-0.005824824830236417,1.0,0.00018738298209351428,-0.01968049803077088,0.013305482890455446,0.005987555821467224,0.04342561829920239,0.03637226972130493,-0.009782682042186868,0.03597592881361105,-0.002567077219444904,-0.027114934473517423,0.02580388458642515,0.02030935597524395,-0.02196849063852543,0.07156204526049739,-0.06244272859309841,-0.07529713769970202,0.056344379201821025,0.04220704290142741,0.016750053254887095,0.00596944405316606,-0.05269108746755439,0.017619628952123306,0.012804014357423087,0.014407569463141824,0.05187728359610261,0.0350187141760111,-0.004034313225107418,-0.002560477515332615,-0.01438124947909906,0.01808742864501056,0.017800764400478244,0.029942126756171764,0.03594564279115919,-0.011704442717015848,-0.011366029085161907,0.00901045990951833,0.05853624563837595,-0.015474900512454492,0.026798454725242227,-0.005635731241979096
3.5093704618586785,0.6368892755835225,0.8845867460908414,0.0,106.0,122.0,116.0,95.0,74.0,31.0,21.0,17.0,4.0,2.0,5.0,134.0,108.0,129.0,124.0,115.0,124.0,100.0,119.0,109.0,111.0,115.0,106.0,0.16020236087689713,0.3912310286677909,0.448566610455312,0.2704447632711621,0.32926829268292684,0.40028694404591103,0.01340282948622487,0.007446016381236039,0.010424422933730455,0.01340282948622487,0.016381236038719285,0.01340282948622487,0.004467609828741623,0.004467609828741623,0.005956813104988831,0.0037230081906180195,0.03425167535368578,0.011169024571854059,0.035740878629932984,0.00967982129560685,0.017870439314966492,0.02680565897244974,0.012658227848101266,0.0029784065524944155,0.008935219657483246,0.008190618019359643,0.0037230081906180195,0.017870439314966492,0.005956813104988831,0.02308265078183172,0.016381236038719285,0.014147431124348473,0.03127326880119136,0.04244229337304542,0.0052122114668652275,0.03201787043931496,0.02680565897244974,0.010424422933730455,0.11839166046165302,0.0029784065524944155,0.058078927773641105,0.01712583767684289,0.04169769173492182,0.055100521221146684,0.058078927773641105,0.007446016381236039,0.035740878629932984,0.01712583767684289,0.0052122114668652275,0.04393149664929263,0.0022338049143708115,0.0193596425912137,0.004467609828741623,0.011169024571854059,0.010424422933730455,0.0007446016381236039,1.0,0.03822244417730998,-0.009233217553321647,-0.0033682205064800566,0.01530944804788123,0.01955754258563494,-0.019789841577097896,-0.005672543313587858,-0.00646343470888081,-0.02157090115323067,-0.04177587896568429,-0.050852527400402844,-0.007717734593270739,0.03699347546316912,-0.004954398277444126,0.013897032434804255,0.00499927242864027,0.01793719998896278,-0.0171394635237447,-0.03247712100842447,-0.02174020533832409,-0.03616421711777868,-0.0401693753798712,-0.0008036961031443698,-0.019987103329895985,0.01623026914236776,-0.034756159089618634,-0.05161378652342443,0.0067850880510031885,0.03308237779373053,-0.013449103285010882,0.044236507514071495,0.02478785108094642,-0.02266518612188842,-0.025526314252167153,0.031126574020294184,0.024840455532929608,-0.019008015288678293,-0.011162049217796876,0.001161766464682698,-0.006950550647289307,1.0,0.038250925879379505,-0.010725814826242408,-0.002612111239721675,0.015511849937024647,0.018412040121587248,-0.021095780816239442,-0.0036617114995282475,-0.006651255689586256,-0.022069580199119025,-0.040446291272654436,-0.04788710198502605,-0.005182537052638006,0.03746659320003941,-0.006466072306670702,0.01744185062228044,0.004424473289758128,0.014828688513317576,-0.021532974726029133,-0.03273440649085899,-0.024832179531475162,-0.04022196234652597,-0.04067780109643504,0.005712255820253945,-0.016447842325632196,0.02042300092389368,-0.03477056116428358,-0.04941457830038904,0.005573088671302203,0.026254826184250873,-0.026203602213458542,0.045232965430074386,0.01714135585056098,-0.030961213053432513,-0.023176338335573247,0.03614006541125419,0.017623195132482814,-0.023939831017189616,-0.013088207943735268,0.005080465364795669,-0.009184529657833913
3.452498382562683,0.6019124023053215,0.8763961280714817,9.0,111.0,119.0,124.0,83.0,97.0,55.0,38.0,24.0,24.0,6.0,0.0,134.0,111.0,128.0,127.0,119.0,130.0,109.0,128.0,119.0,120.0,125.0,113.0,0.20869565217391303,0.3695652173913043,0.4217391304347826,0.2679425837320574,0.3315105946684894,0.40054682159945315,0.014892032762472078,0.00967982129560685,0.016381236038719285,0.02084884586746091,0.00967982129560685,0.017870439314966492,0.0037230081906180195,0.005956813104988831,0.0014892032762472078,0.0007446016381236039,0.035740878629932984,0.007446016381236039,0.03201787043931496,0.006701414743112435,0.016381236038719285,0.017870439314966492,0.01563663440059568,0.004467609828741623,0.008935219657483246,0.0037230081906180195,0.0022338049143708115,0.03052866716306776,0.0022338049143708115,0.03052866716306776,0.014147431124348473,0.006701414743112435,0.03127326880119136,0.03276247207743857,0.0007446016381236039,0.03201787043931496,0.021593447505584513,0.011169024571854059,0.11392405063291139,0.0007446016381236039,0.05137751303052867,0.034996276991809384,0.03648548026805659,0.06329113924050633,0.06626954579300075,0.011169024571854059,0.03052866716306776,0.01712583767684289,0.008190618019359643,0.05956813104988831,0.0014892032762472078,0.016381236038719285,0.0029784065524944155,0.011913626209977662,0.0052122114668652275,0.0022338049143708115,1.0,0.012021450434990309,0.02720584972615632,-0.007550445783041356,-0.009603642828488527,-0.02642584107659714,-0.03652614954146325,-0.01672912393695615,-0.030943817107063076,0.007428157870422658,0.00574883144705315,0.004240848252974824,0.019481537006990363,-0.0004747398806396754,0.027848641569610075,0.02966149388012829,-0.0015962924514852398,0.047025583577713595,-0.028520849830370842,0.018646925622037396,0.005335669262099691,-0.038392099459939565,-0.0019138310788738941,-0.01336779259502058,0.04549911378868503,-0.017936022392073488,0.01269458638474284,0.00895566590160194,-0.004368257196415914,-0.005553615938783341,0.0068536902512902525,-0.014853688579657845,-0.04389332137403562,0.041724524742681714,-0.006650939312584294,0.03175076593259394,0.011301931379609553,0.014662237834034763,-0.007353750127113368,0.02042822919456621,0.006448207093463938,1.0,0.01203040829671533,0.027105617483669395,-0.0082195699871863,-0.01019399490545996,-0.025886488275495716,-0.035656665342090846,-0.014774117508715061,-0.02941762605969808,0.007923850585316089,0.005660280431791921,0.0011410108817387036,0.01684900612714214,-0.0034473118398316493,0.02549072023251329,0.029943526046886642,-0.00343808723148158,0.04860304564746248,-0.027443432539812657,0.01959000464023127,0.011605818230858309,-0.037941313550356424,0.0030947553246696547,-0.008494741118645783,0.04563309012899385,-0.016164296603502316,0.006363496092071814,0.008503636192074693,-0.007009700525946914,-0.010059770715964492,0.010719284927304363,-0.018086132915665434,-0.04342876176220861,0.04639728772832532,-0.010598560830266125,0.03494497395487873,0.00810912165764319,0.011827636089065702,-0.006796723706565585,0.01696989466187449,0.01111812597643933
3.5014905589246768,0.6466550571867875,0.8868205510052122,2.0,113.0,115.0,119.0,112.0,88.0,35.0,36.0,13.0,23.0,6.0,0.0,134.0,113.0,122.0,125.0,123.0,126.0,113.0,125.0,113.0,115.0,117.0,112.0,0.1903323262839879,0.4033232628398791,0.40634441087613293,0.2677329624478442,0.33101529902642557,0.4012517385257302,0.016381236038719285,0.00967982129560685,0.01712583767684289,0.014147431124348473,0.02084884586746091,0.018615040953090096,0.0007446016381236039,0.006701414743112435,0.004467609828741623,0.006701414743112435,0.03723008190618019,0.00967982129560685,0.03648548026805659,0.006701414743112435,0.0193596425912137,0.03276247207743857,0.010424422933730455,0.0052122114668652275,0.008190618019359643,0.004467609828741623,0.005956813104988831,0.028294862248696945,0.0052122114668652275,0.02531645569620253,0.011169024571854059,0.005956813104988831,0.03052866716306776,0.04169769173492182,0.0029784065524944155,0.03276247207743857,0.02531645569620253,0.012658227848101266,0.10871183916604617,0.0022338049143708115,0.045420699925539834,0.026061057334326135,0.03723008190618019,0.055100521221146684,0.06254653760238273,0.011913626209977662,0.03276247207743857,0.011169024571854059,0.0029784065524944155,0.05361131794489948,0.0037230081906180195,0.014147431124348473,0.0037230081906180195,0.007446016381236039,0.007446016381236039,0.0,1.0,0.04421886664437662,0.01614571393258272,0.017692400548292523,-0.001815155006699179,0.02834994452012661,0.0029495085485617173,0.06123529157236283,-0.02392277199377741,0.028800873257479747,-0.014965330741017581,0.0023114410590557998,-0.004901800317899551,0.009764695881643639,0.03287905149562066,-0.023518394020131547,0.03192770549003411,0.029292869696487898,0.05283082693917028,-0.029623944924795784,-0.03492740670406245,-0.019953304048175125,-0.0032874372991985915,0.025421256495716825,-0.010854356066749908,-0.003920797084477605,-0.005187329771671693,0.003939636358666217,0.02025771184426487,-0.023810479536471578,-0.017827318236098948,-0.006687103843057624,0.021085187106786012,0.0033465372194295584,0.022509326818307255,0.019860593314785943,0.00870210773818339,0.006126150814173855,0.03291128442498336,0.04589807454455241,0.014012487177705427,1.0,0.04425181661952148,0.014239454800521075,0.01643203770401733,-0.0035443477746154137,0.02825201034831831,0.0002880430123508077,0.0608963061570633,-0.030613957750649907,0.030181279343442714,-0.020141020050525836,0.00475210505051531,-0.009751817190703099,0.013065931799913067,0.026753818597200496,-0.022263929108560097,0.029004198889847416,0.030821247263443537,0.049004246246248315,-0.03691658742712852,-0.035550047084795866,-0.02257294556467302,0.0033506919710435926,0.018424977145341078,-0.010602008458246055,-0.0090175730806602,0.0024729777746651193,0.004764398699970444,0.02393141522412721,-0.025545881361618637,-0.02174442906285172,-0.005604614125448194,0.020768736958290207,0.0056426929289140225,0.02031508657951335,0.014877746430828518,0.010986385564092115,0.008885664169620333,0.04063520923583837,0.039275767671175466,0.005462392275103084
3.46572860328048,0.6253938328870028,0.885331347728965,3.0,102.0,119.0,105.0,103.0,68.0,11.0,53.0,17.0,14.0,8.0,3.0,134.0,112.0,124.0,125.0,115.0,125.0,37.0,117.0,113.0,115.0,113.0,89.0,0.20462046204620463,0.3943894389438944,0.400990099009901,0.2850644427596664,0.354814253222138,0.3601213040181956,0.01340282948622487,0.005956813104988831,0.00967982129560685,0.011169024571854059,0.012658227848101266,0.012658227848101266,0.0,0.011913626209977662,0.0052122114668652275,0.004467609828741623,0.049143708116157855,0.008935219657483246,0.0379746835443038,0.005956813104988831,0.02084884586746091,0.026061057334326135,0.010424422933730455,0.0037230081906180195,0.00967982129560685,0.0052122114668652275,0.0029784065524944155,0.034996276991809384,0.0029784065524944155,0.03276247207743857,0.01340282948622487,0.01563663440059568,0.023827252419955324,0.04839910647803425,0.0022338049143708115,0.03648548026805659,0.02308265078183172,0.010424422933730455,0.08562918838421445,0.0037230081906180195,0.06105733432613552,0.01563663440059568,0.04169769173492182,0.06701414743112435,0.06626954579300075,0.007446016381236039,0.029784065524944156,0.021593447505584513,0.0052122114668652275,0.05137751303052867,0.0007446016381236039,0.014147431124348473,0.0014892032762472078,0.0052122114668652275,0.008935219657483246,0.0007446016381236039,1.0,-0.003397406561586817,0.043388699689696435,0.05298418442889098,-0.048035856057667255,0.06130896820128568,-0.0340378546974564,0.007735629926594587,0.03630310326282679,-0.004379198261816143,-0.0013016297380154785,-0.01808973823201444,0.02602622412813965,0.020098377778574057,-0.021625551083914736,0.04728890447230019,0.002308427272010308,-0.0060826886798714995,0.005330460002302317,-0.02922517123122991,0.032209502435150444,0.002292492162459201,0.012251722362998336,0.01834124992582743,-0.005976956328329671,-0.008577159091200881,-0.029555120898299758,-0.040304940265998644,0.02269904874100001,0.007377813001067364,0.004160433921303337,-0.01850166461795965,-0.014969182829486921,0.012214097411298643,-0.044826066195767275,0.02092720911276196,-0.0008796228398343351,-0.018762458052979086,0.02004274988913007,-0.004686509002808373,0.048864048092784454,1.0,-0.003399938161111092,0.04344235324703895,0.053493399809211306,-0.04983360336157785,0.0568956120494241,-0.03280407657796437,0.007894647156362558,0.03111927104882423,0.004116915444411065,-0.01177986436472103,-0.01721346949483391,0.02839359616748976,0.01919857336917918,-0.02105169894459647,0.042627824716068505,0.005003705762408678,-0.01038655607759208,-0.0011074647723417505,-0.02083546989077734,0.02551739820290854,0.004612882105672528,0.015172682299617211,0.010636834074880596,-0.0028661463974272603,-0.01652475772162802,-0.02634907022974653,-0.04052652775569679,0.021995404698319045,0.01544879944274672,0.002208302330399845,-0.02347846868414738,-0.011319940357582733,0.009787176003803178,-0.038100243549040895,0.01987118501008469,-0.0002223264790616131,-0.01805586197055608,0.01208777230766032,0.01100632914500329,0.04794263428337912
3.475914219959549,0.6044967262697303,0.8830975428145942,8.0,108.0,120.0,114.0,92.0,68.0,21.0,49.0,9.0,4.0,11.0,0.0,134.0,109.0,122.0,118.0,114.0,123.0,109.0,123.0,109.0,111.0,113.0,112.0,0.20695364238410596,0.36258278145695366,0.4304635761589404,0.2720114531138153,0.3235504652827487,0.4044380816034359,0.017870439314966492,0.0052122114668652275,0.012658227848101266,0.014892032762472078,0.02084884586746091,0.016381236038719285,0.0,0.0052122114668652275,0.0022338049143708115,0.0037230081906180195,0.04393149664929263,0.011169024571854059,0.04244229337304542,0.0037230081906180195,0.017870439314966492,0.024571854058078928,0.020104244229337303,0.0037230081906180195,0.007446016381236039,0.004467609828741623,0.004467609828741623,0.022338049143708117,0.0037230081906180195,0.021593447505584513,0.01340282948622487,0.011913626209977662,0.023827252419955324,0.0379746835443038,0.0022338049143708115,0.03276247207743857,0.028294862248696945,0.014147431124348473,0.0953090096798213,0.0014892032762472078,0.04244229337304542,0.03052866716306776,0.03201787043931496,0.0774385703648548,0.07892777364110201,0.008190618019359643,0.03052866716306776,0.021593447505584513,0.006701414743112435,0.04095309009679821,0.0029784065524944155,0.016381236038719285,0.0037230081906180195,0.007446016381236039,0.007446016381236039,0.0007446016381236039,1.0,0.02544497905137669,-0.00674395323579338,0.03437222470382491,0.06567573488368084,-0.025178369867350038,-0.021665531551431475,0.0382780655741878,-0.01693578597898992,-0.016569670169302952,-0.035555883660106695,0.010310336529261607,0.002123900578298092,-0.0045726769916625675,3.201059029246696e-06,0.006663049957576872,0.010402627677182764,0.03045899222128465,0.03197595868943775,0.03998397020966076,0.033520728701902584,0.041280546401485374,0.012026271653953488,0.022277365309023276,0.00586954324023787,0.015976278611700815,0.037601591602284976,-0.004911949301527152,0.011749472726939514,-0.006109049701834885,-0.005126435852309938,0.0009582234158752422,0.025553548776692702,0.02443956297467604,-0.03974863656253344,0.009769755086484633,0.057463962600887215,-0.006706873786185568,-0.02468382762279705,0.01669410409717941,0.009645968567286414,1.0,0.0254639395424731,-0.007407226484765897,0.0348355501510437,0.06415913820616859,-0.028143646049672903,-0.020790971395021136,0.03503416571416271,-0.02179002501255078,-0.010517870669643478,-0.03590701337898478,0.007504886883124801,0.006235514223897356,-0.00014773941405180134,0.0013646575276397663,0.00436572664288212,0.009560778746447193,0.03372092559493344,0.02855206337693247,0.037489341037642614,0.02909633433218853,0.03672025215090969,0.006466729571733273,0.018238159967152362,0.00016184108458678915,0.013890142829462522,0.03887709080417219,-0.005257738663778744,0.014041808146049068,-0.006498653656865373,-0.0072074142056837934,0.0066403768580310584,0.025426627124270094,0.024282181899630544,-0.040874270587967915,0.0077690704779605785,0.053759561676175634,-0.014129845657302518,-0.023520181808713313,0.004942700140363475,-0.005219835195961253
3.4452938479822723,0.5920186393776102,0.877885331347729,7.0,99.0,115.0,109.0,74.0,83.0,28.0,34.0,30.0,11.0,8.0,2.0,133.0,106.0,122.0,117.0,113.0,125.0,91.0,118.0,107.0,108.0,112.0,102.0,0.20666666666666667,0.37333333333333335,0.42,0.2776957163958641,0.32865583456425407,0.39364844903988183,0.011913626209977662,0.008935219657483246,0.012658227848101266,0.016381236038719285,0.008935219657483246,0.016381236038719285,0.0,0.007446016381236039,0.0037230081906180195,0.034996276991809384,0.0,0.008190618019359643,0.034996276991809384,0.006701414743112435,0.01340282948622487,0.029784065524944156,0.01340282948622487,0.0014892032762472078,0.01340282948622487,0.0029784065524944155,0.0029784065524944155,0.027550260610573342,0.0007446016381236039,0.029039463886820552,0.014892032762472078,0.010424422933730455,0.027550260610573342,0.04690990320178704,0.007446016381236039,0.0379746835443038,0.02680565897244974,0.00967982129560685,0.10275502606105734,0.0052122114668652275,0.05286671630677588,0.023827252419955324,0.03052866716306776,0.06701414743112435,0.07371556217423679,0.008190618019359643,0.04169769173492182,0.0193596425912137,0.008935219657483246,0.05063291139240506,0.0029784065524944155,0.010424422933730455,0.0007446016381236039,0.006701414743112435,0.004467609828741623,0.0022338049143708115,1.0,0.03264748444156005,0.014402700112876492,0.04506675619503085,0.02030630495359128,0.0668952737079076,0.005362105474738907,0.004168499261807142,0.04087531135843209,0.012357888820499723,0.031822167145489626,0.02488321195793727,0.08235191735004606,0.006910528165057926,0.012832501568811279,0.025806396439138624,-0.004205183488399785,0.03058544173109912,0.008402524521785007,-0.03414587668515548,0.027271133422338896,-0.01079396649371253,0.048675982263831345,0.00462516103699193,0.004990425032465245,0.007820659414620759,-0.07738733667247508,0.03360343162617357,0.028741795724953584,-0.007981387591248045,0.05030678901793571,-0.017201906454275554,-0.0021191443616532806,0.0012384307178796676,-0.032943055064594794,0.0486822584621863,-0.012482074341230323,0.02985626510625747,-0.02441599842448664,-0.058016882740844544,-0.03468075682691619,1.0,0.0326718119262408,0.013371006199807257,0.04432105990104101,0.017373180650736158,0.06501559316716155,-0.0010887758625260351,0.0009651544546213304,0.03506313407580177,0.007661055241882321,0.026348939591299126,0.019816548493000557,0.07968323798660136,-0.005688361322156823,0.007729672443395097,0.01470766331586914,-0.012390346379917505,0.01975358990512765,0.0031310627158811174,-0.03880127785832067,0.01869638078489284,-0.01449404313153707,0.04476793082090243,-0.0044232710648721115,0.0030039139808761533,-0.0015922399538142206,-0.08355037527697683,0.03255175629083247,0.027288417098315174,-0.006302132500163287,0.048847486114516656,-0.009767515106300964,-0.013410613611422276,-0.0050260943664813176,-0.03570275739022405,0.04662663856778897,-0.011680374396065504,0.03538065502122898,-0.023707783259416984,-0.06495051053719705,-0.045756605584365374
3.501738191795098,0.6439341448933362,0.892777364110201,12.0,114.0,129.0,123.0,103.0,98.0,46.0,31.0,13.0,1.0,15.0,0.0,134.0,117.0,131.0,127.0,125.0,130.0,117.0,127.0,117.0,123.0,123.0,116.0,0.20583941605839415,0.35036496350364965,0.44379562043795623,0.2629455279085407,0.3308675184936113,0.406186953597848,0.01563663440059568,0.004467609828741623,0.016381236038719285,0.014892032762472078,0.018615040953090096,0.014892032762472078,0.0007446016381236039,0.00967982129560685,0.004467609828741623,0.0052122114668652275,0.03350707371556218,0.016381236038719285,0.0379746835443038,0.0029784065524944155,0.024571854058078928,0.026061057334326135,0.020104244229337303,0.0022338049143708115,0.004467609828741623,0.0014892032762472078,0.0014892032762472078,0.023827252419955324,0.004467609828741623,0.027550260610573342,0.018615040953090096,0.011913626209977662,0.02680565897244974,0.05361131794489948,0.0029784065524944155,0.04095309009679821,0.02680565897244974,0.012658227848101266,0.09977661950856292,0.004467609828741623,0.058078927773641105,0.018615040953090096,0.034996276991809384,0.05658972449739389,0.05212211466865227,0.008935219657483246,0.03350707371556218,0.01563663440059568,0.005956813104988831,0.04839910647803425,0.0037230081906180195,0.011169024571854059,0.0029784065524944155,0.00967982129560685,0.006701414743112435,0.0022338049143708115,1.0,-0.04504544393657416,0.007722815256298541,-0.009382084124773545,0.0007152363805321844,-0.0014405669529982117,0.004065030629005835,0.029852608327512825,0.012781920204568118,-0.03201934439279701,-0.029955846991158743,0.004852866065965326,-0.01276825110008633,0.04882449603860785,-0.02622531038690935,0.009341962667195844,-0.004406253972466175,-0.028218142748281622,-0.017893883175704058,0.025691097726141195,0.01815204192070081,0.02680852210798439,0.021838108241801577,0.06617310979038346,-0.01099411140842389,0.024770102280734774,-0.009544280700455328,0.01330361520416242,0.0031837517278266803,-0.017135040131264483,-0.002162968406344158,0.05034794935841778,0.025074625889060606,-0.02273728328066207,-0.008564903454548745,-0.02228810344831232,-0.012053949878752548,0.02097625648596545,0.011692249984261901,0.05536273210285088,-0.025208234009754603,1.0,-0.04507900984114687,0.005713827288758266,-0.008817055752796442,-0.000142518762695768,-0.0013047895268594408,0.003882884662573843,0.030453245866562097,0.015538952865392142,-0.03136957656562714,-0.03282473622062184,0.0027291878879761684,-0.012650853668276445,0.04759716215794387,-0.023142950293341628,0.005744033898365644,-0.0006032643843257408,-0.0268656921872882,-0.02072350741203226,0.023006251739765515,0.017499502311227974,0.0281870876203247,0.027633244369022203,0.07170570227899527,-0.0043770009364760805,0.02768976955251751,-0.012523685181744192,0.009805256364810945,0.0018330474231905741,-0.017819206990916832,-0.0037140659566107324,0.05530712428351557,0.033018700185973665,-0.017627635056607933,-0.012829575380927199,-0.023930085511243208,-0.019440226174145214,0.028395930265822145,0.007648722756661483,0.06003692592028525,-0.014853526839677013
3.530946167842697,0.6516620376332769,0.8845867460908414,4.0,111.0,121.0,120.0,101.0,79.0,21.0,35.0,24.0,3.0,4.0,0.0,134.0,113.0,125.0,120.0,113.0,126.0,111.0,126.0,115.0,115.0,121.0,111.0,0.18940609951845908,0.39807383627608345,0.41252006420545745,0.2699300699300699,0.3237762237762238,0.4062937062937063,0.011913626209977662,0.005956813104988831,0.012658227848101266,0.014147431124348473,0.014892032762472078,0.021593447505584513,0.0029784065524944155,0.005956813104988831,0.006701414743112435,0.004467609828741623,0.03276247207743857,0.016381236038719285,0.039463886820551006,0.0037230081906180195,0.016381236038719285,0.026061057334326135,0.017870439314966492,0.0037230081906180195,0.008190618019359643,0.0052122114668652275,0.0037230081906180195,0.034996276991809384,0.0029784065524944155,0.03127326880119136,0.011913626209977662,0.012658227848101266,0.028294862248696945,0.0387192851824274,0.0037230081906180195,0.03276247207743857,0.029039463886820552,0.01340282948622487,0.10722263588979895,0.0052122114668652275,0.05137751303052867,0.0193596425912137,0.03276247207743857,0.05286671630677588,0.06105733432613552,0.00967982129560685,0.03648548026805659,0.0193596425912137,0.011913626209977662,0.04244229337304542,0.0022338049143708115,0.010424422933730455,0.004467609828741623,0.008190618019359643,0.008935219657483246,0.0014892032762472078,1.0,0.0020088894035112884,0.004719540080238945,0.04945887078974308,0.019321069239675637,-0.0001563925039185528,0.035169565323727954,0.04935028992995813,0.03256684750532038,0.045282725164803604,-0.022984939619735044,-0.0012076203831136952,0.01318239366696164,-0.03341534152922405,0.04766717914494933,0.02315456356465591,0.03631635873901587,-0.001324937922292865,0.001985203937124773,-0.0034304680512803154,-0.01908312436615862,-0.01603207847764499,0.01457187623290607,0.027790322460113797,-0.017423789114880944,-0.04535044747816122,-0.0021096367173888612,0.004425205992220908,-0.01445650263933382,0.013561712299990569,0.00660197116727497,-0.016247099728704917,0.0015021948248194928,-0.01607050584112835,-0.012813389318590449,0.010615155063246897,-0.008286765264692629,-0.016076282166492116,0.06752428306443882,0.020809149371568515,0.030706576419613316,1.0,0.0020103863404736678,0.0047225563507448665,0.04955195346907789,0.01921742353304981,-0.0006721403225586921,0.032788246092439736,0.0478310780008388,0.032333187815462565,0.04230446249863652,-0.029324637547131976,-0.006398704837096402,0.007171392915355191,-0.03626441534834921,0.0453453091706853,0.01689883853120506,0.03633670449763368,-0.004351978029393271,-0.0024675144768807307,-0.0035871644976953635,-0.021290021441760135,-0.021016637215958877,0.011627335056759908,0.020447846578952416,-0.017005392868046042,-0.048229216226229825,-0.0034109351225745676,0.012215010951692598,-0.008660223645395081,0.016663617881195802,0.0005895060055188799,-0.016347240079327214,0.00344181418474105,-0.012896687303088223,-0.007823972426601702,0.01219884779662346,-0.006566725063617791,-0.015944926935668638,0.065686272739756,0.027507131884229825,0.041548930082106146
3.453610605860473,0.6142716980343084,0.8838421444527178,10.0,91.0,122.0,110.0,74.0,70.0,20.0,48.0,22.0,12.0,15.0,8.0,134.0,98.0,131.0,127.0,120.0,130.0,53.0,129.0,109.0,108.0,123.0,87.0,0.21262458471760798,0.36212624584717606,0.42524916943521596,0.29132690882134915,0.34395848776871757,0.3647146034099333,0.01340282948622487,0.006701414743112435,0.011913626209977662,0.014147431124348473,0.0193596425912137,0.016381236038719285,0.0029784065524944155,0.006701414743112435,0.0022338049143708115,0.0014892032762472078,0.049143708116157855,0.01340282948622487,0.03723008190618019,0.006701414743112435,0.02084884586746091,0.028294862248696945,0.016381236038719285,0.0007446016381236039,0.008935219657483246,0.005956813104988831,0.0029784065524944155,0.03127326880119136,0.0029784065524944155,0.028294862248696945,0.00967982129560685,0.012658227848101266,0.03276247207743857,0.0379746835443038,0.0037230081906180195,0.03723008190618019,0.01712583767684289,0.00967982129560685,0.10126582278481013,0.0014892032762472078,0.04169769173492182,0.028294862248696945,0.04095309009679821,0.06180193596425912,0.07371556217423679,0.008935219657483246,0.03648548026805659,0.01340282948622487,0.0037230081906180195,0.049143708116157855,0.0014892032762472078,0.012658227848101266,0.0014892032762472078,0.008190618019359643,0.005956813104988831,0.0,1.0,0.042539216257427036,-0.015292473441661472,0.058131729981696516,0.0013722036849437929,0.021900829220908566,0.045946259875168455,0.014127488537839862,0.015197279970002246,0.010282248821001613,0.011611770774369852,-0.060410807631895935,0.020486839318162083,0.005970285956800811,0.02767481449694105,0.03834727119514035,0.03209361646888621,0.0327452178236103,-0.024070734031188274,-0.009455989933566852,-0.038350420023650925,-0.02635951973247246,0.048594720882321266,-0.04786160533991156,-0.021339054685393117,0.039505570732436164,-0.00032383447513484526,0.03926438524146587,0.005993160732906905,0.03452888624803637,-0.01703593087912483,0.035502733899787704,-0.001653451771727219,-0.024196384418107234,0.02849038959592197,0.024814485485458056,-0.014559496616156607,0.036141583702085894,0.013878812913303376,0.01930620623441283,0.04114991502493148,1.0,0.042570914630197104,-0.01715866012490995,0.05978141797792207,-0.004076789823109652,0.024306701746658117,0.04082061605617127,0.011517099728566838,0.013300970373965245,0.004691720524110375,0.009903071211826644,-0.06557161859167089,0.02364843269675091,-0.0014639685576868502,0.03466855455281057,0.03228284369654108,0.03242887805613818,0.03288827410335755,-0.031259182218872174,-0.009756364907580393,-0.048528542546231034,-0.024761656148115367,0.04072339196031815,-0.05054804439680246,-0.012469692030960941,0.04055049337519831,0.010038724629434696,0.04812972231676084,0.0008480033200426539,0.03575842806943938,-0.029496963288995343,0.02898226152803903,-0.017404874436251702,-0.01795436979112327,0.020546363198848012,0.02612590613566394,-0.006204813094779133,0.03661593061712854,0.017135822021466518,0.016649514474228865,0.04227412858891736
3.530268968046167,0.6707442602149727,0.8801191362620998,1.0,113.0,119.0,113.0,89.0,92.0,23.0,34.0,24.0,17.0,4.0,1.0,134.0,113.0,121.0,120.0,113.0,128.0,109.0,119.0,115.0,111.0,115.0,111.0,0.2015873015873016,0.38571428571428573,0.4126984126984127,0.2704045422285309,0.3257629524485451,0.4038325053229241,0.01712583767684289,0.011169024571854059,0.014147431124348473,0.014892032762472078,0.012658227848101266,0.011169024571854059,0.0037230081906180195,0.008190618019359643,0.010424422933730455,0.0052122114668652275,0.03201787043931496,0.014147431124348473,0.03723008190618019,0.00967982129560685,0.018615040953090096,0.029784065524944156,0.016381236038719285,0.004467609828741623,0.005956813104988831,0.0029784065524944155,0.005956813104988831,0.023827252419955324,0.0029784065524944155,0.023827252419955324,0.016381236038719285,0.00967982129560685,0.024571854058078928,0.03723008190618019,0.0014892032762472078,0.026061057334326135,0.023827252419955324,0.012658227848101266,0.10871183916604617,0.0037230081906180195,0.049143708116157855,0.016381236038719285,0.03201787043931496,0.05658972449739389,0.06924795234549516,0.008935219657483246,0.03276247207743857,0.023827252419955324,0.004467609828741623,0.05361131794489948,0.0029784065524944155,0.020104244229337303,0.0022338049143708115,0.014892032762472078,0.00967982129560685,0.0022338049143708115,1.0,0.030134246932082873,-0.020346638793888688,-0.010865080679098882,0.010459736910973554,0.030655699571150188,-0.036915945597184543,0.013784926712290552,0.013274263831632013,-0.019756713578424956,0.0010418934314970166,0.02675875858726753,-0.028503695146431415,0.0016468404480753814,-0.04743047771702773,-0.04110530689996738,-0.009918385688000136,-0.0254955467270357,-0.0019836813639574754,0.05731501509731267,0.002525575108235177,-0.0071908189360720045,-0.05291597154102952,0.01239735524328913,-0.052231827616790724,-0.04376904800997648,0.030206042045525714,0.030749641700599233,-0.007870085379546955,-0.04678676623560119,0.029491976274852474,-0.014995502231604478,-0.028192771753465563,-0.04648045133478177,-0.010453307910077946,-0.026194835349379136,0.0025702794113175984,0.01962047745166732,0.04942512930771492,0.007686251323942658,-0.0188643807633556,1.0,0.03015670166154045,-0.021305786971299884,-0.009632426647402102,0.01070209149970899,0.02974289080475277,-0.03869556430573657,0.01771171178727229,0.01140382928375767,-0.021534446525124137,0.0030050184197620705,0.0284998894279224,-0.03378588157849911,0.005641569454027217,-0.0470064500111097,-0.04205096489526478,-0.0097730740562417,-0.023654624712659875,-0.00506704440580691,0.06236229019600376,-0.0009857453546966806,-0.007177494474425389,-0.049496009770432045,0.013799707079778931,-0.06339015259230274,-0.033977142130850756,0.029934734605040873,0.02668248837219082,-0.011870138323833355,-0.04375842094633483,0.02553132274197562,-0.025533006550765486,-0.02762413671868815,-0.0384329400144935,-0.010312953701206147,-0.02824043427342862,0.005335167717092626,0.013546965628210308,0.04170929273444057,-0.002784451097275783,-0.015704995376885182
3.4711499839933904,0.6152116447382836,0.8786299329858526,3.0,108.0,123.0,118.0,97.0,75.0,19.0,28.0,12.0,9.0,3.0,1.0,134.0,108.0,128.0,122.0,115.0,130.0,97.0,122.0,111.0,117.0,113.0,109.0,0.17785234899328858,0.3959731543624161,0.4261744966442953,0.27453769559032715,0.3307254623044097,0.39473684210526316,0.011169024571854059,0.00967982129560685,0.01340282948622487,0.014892032762472078,0.010424422933730455,0.022338049143708117,0.0029784065524944155,0.0052122114668652275,0.005956813104988831,0.0022338049143708115,0.03648548026805659,0.01563663440059568,0.0379746835443038,0.006701414743112435,0.016381236038719285,0.018615040953090096,0.0193596425912137,0.0007446016381236039,0.00967982129560685,0.0052122114668652275,0.0007446016381236039,0.021593447505584513,0.004467609828741623,0.03425167535368578,0.016381236038719285,0.012658227848101266,0.02084884586746091,0.04318689501116903,0.0029784065524944155,0.03723008190618019,0.029039463886820552,0.010424422933730455,0.10126582278481013,0.0037230081906180195,0.05361131794489948,0.017870439314966492,0.039463886820551006,0.06031273268801191,0.06701414743112435,0.006701414743112435,0.04765450483991065,0.012658227848101266,0.004467609828741623,0.05212211466865227,0.0037230081906180195,0.012658227848101266,0.0029784065524944155,0.006701414743112435,0.008190618019359643,0.0,1.0,0.00933895415347083,0.015373465030552235,0.05451631494141349,0.014738734227761853,-0.0015797711239656067,0.03130373865428326,0.033730386669234946,0.002296832478863531,0.0200519399597205,-0.05420825613069992,0.010977865524261362,-0.05490372100163728,-0.036029200928917066,-0.007939881934481984,0.037673679463706665,0.03989947574913802,-0.006606429444473584,0.021581448347412553,0.04052004991640028,2.1862792337978385e-05,0.006212594031047607,0.004019969487205358,0.005868083433619762,0.020783399664203075,0.06403521155071591,-0.004779549802356485,0.01466309045376438,0.007454643964626896,-0.026761792176824784,-0.00919246695665678,0.0027943511784590683,-0.042636364936672146,0.01775878647452633,0.044394720456896804,-0.014683511465058868,0.008320278716730056,0.0048934108992258925,0.0016175036307526265,0.00031742185270643836,0.0235727283575005,1.0,0.009345913135701442,0.015310384599958019,0.05437107957303441,0.013633929441743005,-0.003471418257318938,0.02819044073679255,0.03211204644291368,0.0010350597055159643,0.01616972445749177,-0.059554448970706504,0.010612962187365686,-0.05712324584033885,-0.032456026530462014,-0.006945970681761579,0.04376559367241017,0.04810521687319737,-0.0035969485895211754,0.019375014838715152,0.043934436464548636,-0.0020353396074911556,0.004841479310334254,-0.012354089666313014,-0.0005839602026012257,0.014789242282150134,0.06099243312288298,-0.007238538986411668,0.01312599928086772,0.009067025213025335,-0.021706646404330832,-0.012672256585185589,0.00024603420930634543,-0.04526253626588236,0.020090670332229516,0.040374204773916685,-0.006503732568000161,0.009038001034073215,0.00967502236112828,0.008255162999385971,-0.0009617147141448425,0.01352791274712829
3.4673215493397,0.6320914391597684,0.8823529411764706,7.0,110.0,119.0,110.0,83.0,80.0,12.0,41.0,17.0,18.0,6.0,4.0,134.0,117.0,130.0,127.0,115.0,128.0,55.0,129.0,121.0,111.0,121.0,101.0,0.21087314662273476,0.3756177924217463,0.4135090609555189,0.2814974802015839,0.3412526997840173,0.37724982001439883,0.01563663440059568,0.0029784065524944155,0.008190618019359643,0.008935219657483246,0.011913626209977662,0.010424422933730455,0.0014892032762472078,0.011169024571854059,0.0037230081906180195,0.0022338049143708115,0.029039463886820552,0.012658227848101266,0.04690990320178704,0.0052122114668652275,0.022338049143708117,0.03052866716306776,0.01340282948622487,0.0007446016381236039,0.007446016381236039,0.0052122114668652275,0.0029784065524944155,0.03127326880119136,0.0022338049143708115,0.035740878629932984,0.00967982129560685,0.01340282948622487,0.03723008190618019,0.04169769173492182,0.006701414743112435,0.04244229337304542,0.028294862248696945,0.007446016381236039,0.10201042442293373,0.0029784065524944155,0.0573343261355175,0.014892032762472078,0.04244229337304542,0.058078927773641105,0.05956813104988831,0.012658227848101266,0.027550260610573342,0.02084884586746091,0.0052122114668652275,0.04393149664929263,0.0037230081906180195,0.016381236038719285,0.0007446016381236039,0.014892032762472078,0.005956813104988831,0.0014892032762472078,1.0,0.04188244649640288,0.048597914426047426,-0.026996796166480874,0.025181749880295312,0.016398969487869352,-0.017598226565631366,0.02587674216610371,-0.04315378015194314,0.030983912772407664,0.00652245263187905,0.014936932710509703,0.02163557507673217,0.013044521685004437,0.02943111863102747,0.016003641783152833,0.0007908522398716378,0.014881113174511042,-0.00967844700323932,0.005672464853353254,-0.014283376412848622,-0.042409337593551776,0.020154851283069777,0.021782277995986973,0.04473356713262664,-0.01564305287588486,-0.016359088149537005,0.01769055465774952,-0.014621146633481677,0.0009430460912267264,-0.01799907624798197,0.019782661077427356,-0.027044040174144992,0.006188090324957199,-0.024347797417233488,-0.0031587193661676725,-0.008737921645139922,-0.052332249575535054,-0.018276664484472863,0.03680596333797079,-0.008503826003822488,1.0,0.04191365547292777,0.04699620080991049,-0.031094283923385237,0.025458156664506758,0.01726021349360018,-0.022516815324712364,0.027749252331380998,-0.043657376482850736,0.03052722805676827,0.010544202641022023,0.007980849205333054,0.023205998755814767,0.011515444398899092,0.023689557420454952,0.016976282128311933,-0.007301639058011482,0.01712508969720287,-0.01181612292349196,0.0031841402720564145,-0.011713764807431878,-0.045691662785984063,0.026641130446506345,0.02358757947911101,0.0359900202869575,-0.01643531988223052,-0.02244239678125662,0.021211863752657146,-0.018455102275888438,-0.0058635311491579065,-0.00891966458499242,0.018202593720894993,-0.024293763358571845,0.00575653577812336,-0.02480211403307403,0.001090563317443407,-0.01040988085004882,-0.05430594658234673,-0.016267508499643146,0.047848637918614316,-0.016252286028406122
3.5049229856511497,0.6499157614978452,0.8897989575577067,2.0,116.0,126.0,114.0,100.0,73.0,39.0,44.0,13.0,9.0,11.0,4.0,134.0,116.0,131.0,124.0,123.0,130.0,109.0,129.0,120.0,125.0,127.0,117.0,0.1827956989247312,0.36251920122887865,0.45468509984639016,0.26464646464646463,0.33131313131313134,0.40404040404040403,0.014892032762472078,0.011913626209977662,0.01563663440059568,0.011169024571854059,0.016381236038719285,0.014892032762472078,0.0,0.005956813104988831,0.006701414743112435,0.0037230081906180195,0.03648548026805659,0.011169024571854059,0.03425167535368578,0.00967982129560685,0.017870439314966492,0.026061057334326135,0.016381236038719285,0.0029784065524944155,0.0029784065524944155,0.0052122114668652275,0.0029784065524944155,0.02084884586746091,0.0029784065524944155,0.018615040953090096,0.016381236038719285,0.007446016381236039,0.024571854058078928,0.0379746835443038,0.0037230081906180195,0.04095309009679821,0.020104244229337303,0.014147431124348473,0.10647803425167536,0.0037230081906180195,0.05063291139240506,0.029039463886820552,0.03127326880119136,0.06180193596425912,0.07446016381236038,0.011913626209977662,0.0387192851824274,0.01712583767684289,0.0052122114668652275,0.04393149664929263,0.0029784065524944155,0.0193596425912137,0.008935219657483246,0.007446016381236039,0.008190618019359643,0.0037230081906180195,1.0,-0.013752620276480084,-0.017796374918351076,0.024616524648407075,-0.04124112372678935,0.02176050917203604,-0.0027376826733524237,-0.019822380731632578,0.04409303597997409,-0.0030064757300440133,0.038736191630751246,0.028293004678976084,-0.02323609882368283,0.027044101301890004,0.009496215936513822,-0.024586199225656937,0.05607903359034818,0.024985870866013456,-0.01394114351633537,-0.05914035321338611,0.014980533698319283,-0.03994634009969175,-0.007882268096319086,0.020126544666019472,0.0005801363797092483,0.034200028140590484,-0.02786892526003979,-0.021419772953042007,-0.021654710926065787,-0.049247449633516724,-0.030717094004211198,0.0021649169610848955,-0.012978205879146434,-0.003716190293943855,0.030650948414999903,0.021498003622047866,-0.024831582163823106,0.027933757953885505,0.00840387275720361,0.008557080684741163,0.02901405905648826,1.0,-0.013762868130635417,-0.018015745883955377,0.024186404247936496,-0.04105668825719629,0.02169183711600104,-0.004312200674471554,-0.017264832377006125,0.04119150352001923,-0.0008032337305836777,0.04091375744136419,0.026161004052733798,-0.017139290036374173,0.02420933545611928,0.011340886974894484,-0.020825243382093912,0.05167405332371983,0.02992091983121577,-0.013327573767020555,-0.06719173681652965,0.018438890803590697,-0.046780306611206794,-0.00836704294015703,0.017037518262963097,8.371364445306364e-05,0.03153019575286621,-0.03242921622796014,-0.020964936183602036,-0.026615121960658412,-0.040742151597427945,-0.03692354848405162,0.001980004074289575,-0.007039393438482295,-0.015201580229190952,0.030826773022398658,0.033702408450910847,-0.025817029524019108,0.037457116074200825,0.013880747034148383,0.016365278182627375,0.028955935812995867
3.5464618916701207,0.6658353175808609,0.8935219657483247,1.0,112.0,126.0,126.0,93.0,88.0,47.0,30.0,8.0,17.0,8.0,2.0,134.0,113.0,129.0,127.0,123.0,128.0,111.0,128.0,113.0,115.0,127.0,115.0,0.18085106382978725,0.3708206686930091,0.44832826747720367,0.26657552973342447,0.3267259056732741,0.40669856459330145,0.016381236038719285,0.008190618019359643,0.016381236038719285,0.011913626209977662,0.017870439314966492,0.014892032762472078,0.0,0.007446016381236039,0.005956813104988831,0.0007446016381236039,0.044676098287416234,0.010424422933730455,0.029784065524944156,0.00967982129560685,0.0193596425912137,0.021593447505584513,0.017870439314966492,0.005956813104988831,0.010424422933730455,0.0052122114668652275,0.0029784065524944155,0.022338049143708117,0.0022338049143708115,0.023827252419955324,0.01340282948622487,0.014892032762472078,0.028294862248696945,0.0387192851824274,0.006701414743112435,0.03350707371556218,0.028294862248696945,0.01563663440059568,0.09977661950856292,0.004467609828741623,0.040208488458674606,0.02680565897244974,0.03052866716306776,0.07073715562174236,0.0573343261355175,0.008190618019359643,0.03425167535368578,0.021593447505584513,0.00967982129560685,0.04393149664929263,0.004467609828741623,0.018615040953090096,0.0029784065524944155,0.011913626209977662,0.0052122114668652275,0.0037230081906180195,1.0,0.0011498214569627592,-0.010434312939414851,0.002013357982469105,-0.013101373573885848,0.05452657271985829,-0.0070832708720696,-0.004531976530366416,0.0023511810347064234,-0.011534987193813153,-0.02657083760508343,-0.031162815711812147,0.003558980507589819,-0.0005229265797324926,0.010513645725909071,0.015857025368578245,-0.003351563707356987,0.014114098724057899,0.03204640189459446,-0.0017353678702625623,-0.02497800797863216,0.007781107094560537,0.0075715671551876175,0.028654075735530218,-0.031445380153033456,0.027945525386795345,-0.004831284387308887,-0.030723986055724056,0.04988217083975032,-0.029642909737339327,0.051423549000901805,-0.004212167374738389,-0.025863147418612936,-0.018414477403188273,-0.019892590787124437,0.032144284869633964,-0.008158357138955312,0.01577543165788017,-0.00675002334016566,0.023181610637691256,0.017289973277799884,1.0,0.0011506782538755426,-0.01045121282587455,0.002042267373785451,-0.013256010040869556,0.05482030248329176,-0.007594429193492301,-0.003314919227018132,0.0018012095499316128,-0.010252962906292299,-0.029954402556795167,-0.030973248489098073,0.0035944383048947914,-0.0016520665092683202,0.011393453147076807,0.018254024769273722,-0.00011168039900923741,0.01365613472198581,0.03269746338125178,-0.0028115353938585382,-0.02826134360710777,0.006955299414554049,0.0056948628929908126,0.026360938364482216,-0.031205858660600147,0.03441954131002764,-0.005837219728880258,-0.02958972509453536,0.050339444609461076,-0.02613909676428504,0.048883660025731884,-0.007157207051514428,-0.01999418774487556,-0.026046810757700604,-0.015329455003929394,0.02752008755375863,-0.009592396902519743,0.018927347678434764,-0.0042357271671701405,0.02982086055277677,0.011299405769150266
3.5110687687987396,0.6306719237277896,0.8808637379002234,13.0,117.0,122.0,104.0,86.0,72.0,39.0,31.0,22.0,16.0,27.0,3.0,134.0,125.0,128.0,126.0,113.0,118.0,106.0,119.0,115.0,115.0,127.0,110.0,0.17791411042944785,0.3496932515337423,0.4723926380368098,0.25835654596100277,0.3266016713091922,0.415041782729805,0.01563663440059568,0.006701414743112435,0.012658227848101266,0.008935219657483246,0.018615040953090096,0.01563663440059568,0.0014892032762472078,0.011169024571854059,0.0052122114668652275,0.0022338049143708115,0.035740878629932984,0.011169024571854059,0.03201787043931496,0.0037230081906180195,0.014892032762472078,0.03127326880119136,0.014147431124348473,0.0014892032762472078,0.008190618019359643,0.005956813104988831,0.0029784065524944155,0.024571854058078928,0.004467609828741623,0.03201787043931496,0.017870439314966492,0.01340282948622487,0.03276247207743857,0.04393149664929263,0.005956813104988831,0.035740878629932984,0.02680565897244974,0.008935219657483246,0.10796723752792256,0.004467609828741623,0.05063291139240506,0.02680565897244974,0.0379746835443038,0.044676098287416234,0.05956813104988831,0.008935219657483246,0.024571854058078928,0.020104244229337303,0.008190618019359643,0.05584512285927029,0.0037230081906180195,0.022338049143708117,0.0014892032762472078,0.0052122114668652275,0.00967982129560685,0.0014892032762472078,1.0,-0.023120598329113055,-0.010155114900573933,-0.0385236336068334,-0.017219660650521065,0.024261952603702553,-0.021190587050969996,0.027992179261752514,0.011741909083981908,-0.005108137237777625,-0.03270323133967086,0.015389412751065892,-0.025817462949849115,-0.004447118517595309,0.013344083633135646,0.011035919731969402,0.01971535068111621,-0.015793376434557964,-0.0008182377003262294,0.00750517148204186,-0.01923854916456497,-0.025684464450243263,-0.0053005172318921715,-0.01920834415511553,0.008607797309582452,-0.019486303853743173,-0.034640889682174186,0.07196012176702143,-0.00635660164296828,-0.009662676270427389,-0.03466299082509432,0.025837488222379995,-0.059713418916591134,0.021521092587638825,0.006273763075277112,-0.03279424201580997,0.005391657206959364,-0.008363085009394885,0.0058909842787665204,-0.02396304209939999,0.04044386891368652,1.0,-0.023137826792845626,-0.010711353934543815,-0.039120986139136366,-0.019255581376332348,0.02268070195042174,-0.022138391956515593,0.02629399370934192,0.014179961135006655,-0.004809917988609844,-0.0321935622837924,0.016960590679194105,-0.027868207387667456,-0.007591295530992617,0.012909446931885584,0.010788760113781005,0.01736117785994734,-0.01019319345876363,-0.0006419685212982796,0.00892458238328532,-0.019540026432936813,-0.02780651131994373,-0.00800133627303674,-0.02307078817134149,0.005127210972564591,-0.01964235942514974,-0.036865296892978426,0.07121381002098502,-0.0012961624582608917,-0.012974344597941102,-0.03192741446128671,0.027502617589268315,-0.06809671555050528,0.0206792247183205,0.004562243788131988,-0.04056469715443404,0.002968653999509762,0.004663842428998681,-0.006459448079205617,-0.019115122837447457,0.04461340078421499
3.472273067926122,0.6074533481687363,0.8830975428145942,0.0,122.0,122.0,115.0,90.0,64.0,45.0,46.0,12.0,5.0,17.0,17.0,134.0,123.0,128.0,126.0,115.0,123.0,113.0,127.0,123.0,119.0,123.0,112.0,0.16793893129770993,0.33893129770992364,0.49312977099236643,0.26193724420190995,0.3294679399727149,0.40859481582537516,0.011169024571854059,0.0037230081906180195,0.011913626209977662,0.020104244229337303,0.011913626209977662,0.01563663440059568,0.0007446016381236039,0.0022338049143708115,0.0022338049143708115,0.0037230081906180195,0.03648548026805659,0.01340282948622487,0.03648548026805659,0.0052122114668652275,0.021593447505584513,0.027550260610573342,0.01712583767684289,0.0029784065524944155,0.010424422933730455,0.0022338049143708115,0.0007446016381236039,0.026061057334326135,0.004467609828741623,0.02531645569620253,0.011169024571854059,0.010424422933730455,0.02308265078183172,0.04393149664929263,0.008190618019359643,0.039463886820551006,0.029784065524944156,0.014147431124348473,0.10647803425167536,0.0014892032762472078,0.05063291139240506,0.017870439314966492,0.045420699925539834,0.055100521221146684,0.07446016381236038,0.010424422933730455,0.0379746835443038,0.016381236038719285,0.00967982129560685,0.03648548026805659,0.0007446016381236039,0.018615040953090096,0.0052122114668652275,0.00967982129560685,0.008190618019359643,0.0014892032762472078,1.0,0.06311894546891629,-0.002241823850581853,0.010407478996170729,0.034469445706457096,0.03744905768805732,-0.03246608605697265,0.004895290752211534,-0.045449553608663436,-0.04254399180512698,0.0070427915887949335,0.03214928409796455,0.029149861573856205,0.018183033720639764,-0.02147347516563638,0.0825881072463004,0.004688425288823062,-0.009169545271961276,-0.018682523804333818,0.021332577973069727,0.01581432058110304,-0.0028861290148360676,-0.021846513047645552,-0.012119407827310092,-0.004131487808307435,0.007849134028833426,0.023353582968817323,0.056291380367610874,0.010382268977855508,-0.0373659213536102,-0.02249621375829213,0.024347392453665392,-0.005588431409012801,-0.03326041314521571,0.0039011385560904035,0.006704614839334583,0.002717025675409656,-0.0011176374538629744,-0.024596822603001462,0.03170303461889155,-0.01787077355103127,1.0,0.06316597896032382,-0.006260085630871601,0.011013281965860133,0.03333574687959429,0.03356271846017647,-0.037086354199847814,0.009052229209573083,-0.049064467551847374,-0.038849630804821206,0.012729934301426056,0.034157536919983154,0.027838931493780333,0.022084727642697515,-0.025851122676164184,0.08195761705921162,-0.011834024774606869,-0.013038713419020685,-0.019004615405798092,0.025397853822999278,0.01023585903139909,0.0071532194205176525,-0.025291864916515836,-0.006679779010140882,-0.002530765943377564,0.0077582266423546825,0.01820686386655707,0.05627415611754626,0.0029225615090779796,-0.033027717797540886,-0.032071137369600315,0.01960063014608741,-0.013750840357866488,-0.021660358831127612,0.012029149674663946,0.011276488835529333,0.003972350689232746,0.002149412759691577,-0.03556275588993494,0.030630430848506904,-0.02415236932815171
3.4950512361033312,0.6174925725975579,0.8838421444527178,7.0,113.0,126.0,116.0,97.0,103.0,37.0,46.0,8.0,7.0,9.0,0.0,134.0,117.0,129.0,121.0,121.0,127.0,103.0,127.0,119.0,124.0,123.0,107.0,0.23318385650224216,0.34080717488789236,0.4260089686098655,0.26721763085399447,0.33402203856749313,0.3987603305785124,0.012658227848101266,0.008190618019359643,0.00967982129560685,0.011913626209977662,0.01563663440059568,0.011913626209977662,0.0014892032762472078,0.008935219657483246,0.008190618019359643,0.004467609828741623,0.03350707371556218,0.008190618019359643,0.029784065524944156,0.0052122114668652275,0.021593447505584513,0.028294862248696945,0.017870439314966492,0.0052122114668652275,0.007446016381236039,0.00967982129560685,0.0014892032762472078,0.018615040953090096,0.0022338049143708115,0.03425167535368578,0.00967982129560685,0.010424422933730455,0.024571854058078928,0.04095309009679821,0.0037230081906180195,0.02531645569620253,0.029039463886820552,0.01563663440059568,0.11317944899478778,0.0007446016381236039,0.04616530156366344,0.03723008190618019,0.034996276991809384,0.055100521221146684,0.06626954579300075,0.008190618019359643,0.039463886820551006,0.020104244229337303,0.010424422933730455,0.049143708116157855,0.0007446016381236039,0.020104244229337303,0.0022338049143708115,0.008935219657483246,0.008190618019359643,0.0029784065524944155,1.0,0.003220161488531078,0.01357394783552741,-0.01891297397501669,-0.015160214207973005,-0.0004635049523216498,-0.008058557642571613,0.030792511824546197,-0.0008456203105310839,-0.017722111767147813,0.019254111493395117,0.010927646251728873,-0.0042181884361120435,0.000867550463956251,0.02498786603170795,-0.037380880881834375,0.024975447808812955,-0.004569455367887975,0.007119316663590953,-0.02286033012464747,-0.03006190236935195,0.015501449899385674,-0.013334784710544577,-0.03115696632381817,-0.03631476466053108,0.00046158582519228135,0.04406356472494098,-0.014745078207018454,0.0029267025553463147,0.04982919167694984,-0.009661325916760726,-0.04535605465817534,-0.029276840652320224,-0.005836405467347595,-0.009739550744692653,-0.02088651553213272,0.03318765849508684,-0.036684455666456096,-0.014809820946067033,-0.037891750737623534,-0.004558028929544676,1.0,0.0032225610127401254,0.013583948519774023,-0.019046016779213592,-0.015272968259291538,0.0001527349993100687,-0.008041861783159847,0.03045672328572294,-0.001069010845639784,-0.019023963428866066,0.02050864037134565,0.01229501353800106,-0.005690307606311679,0.001301151373137189,0.025503900010031638,-0.03821545885568213,0.02635135383734759,-0.003848791522459063,0.004674863404817268,-0.022252482222099797,-0.02961807559413546,0.014004540336473388,-0.01069949511017072,-0.0347625076618445,-0.039059703596711064,0.0029423973532181997,0.04557570143622137,-0.016757632573347704,-0.0018135534212659749,0.05548721257816155,-0.008519650372636309,-0.045258735799026346,-0.029647987754193906,-0.0035016637406501054,-0.008506409562119706,-0.023502422832869324,0.030898636266418474,-0.03816969951875809,-0.012361873230217426,-0.0422695447610989,-0.007308519277075726
3.4411099091687536,0.5876046056679072,0.8771407297096053,12.0,93.0,116.0,119.0,84.0,78.0,8.0,64.0,14.0,16.0,3.0,7.0,133.0,98.0,126.0,124.0,121.0,126.0,40.0,124.0,111.0,112.0,117.0,96.0,0.250814332247557,0.3794788273615635,0.3697068403908795,0.2884036144578313,0.35240963855421686,0.35918674698795183,0.0193596425912137,0.007446016381236039,0.007446016381236039,0.008935219657483246,0.016381236038719285,0.008190618019359643,0.0007446016381236039,0.010424422933730455,0.004467609828741623,0.0014892032762472078,0.03425167535368578,0.0022338049143708115,0.0379746835443038,0.008935219657483246,0.016381236038719285,0.02531645569620253,0.014147431124348473,0.0022338049143708115,0.011169024571854059,0.0037230081906180195,0.0007446016381236039,0.027550260610573342,0.0,0.03127326880119136,0.011913626209977662,0.008935219657483246,0.040208488458674606,0.04244229337304542,0.0037230081906180195,0.05286671630677588,0.021593447505584513,0.011913626209977662,0.09233060312732688,0.0052122114668652275,0.05137751303052867,0.020104244229337303,0.04169769173492182,0.06478034251675353,0.06775874906924795,0.011169024571854059,0.045420699925539834,0.020104244229337303,0.007446016381236039,0.04393149664929263,0.018615040953090096,0.0,0.0029784065524944155,0.006701414743112435,0.004467609828741623,0.0014892032762472078,1.0,0.064755496946275,0.013273844148822066,-0.018599567615644658,0.06387019948143345,0.02085429408893937,0.04855950640842699,-0.03730414167690002,-0.03812311968738804,0.014655061495547975,-0.0006542931567226875,0.004037766343303765,-0.020727968660413116,0.023100714065349106,-0.015867194775480275,-0.012900403637697943,0.020432399526484027,0.016592416433200627,0.00020595615404370857,-0.012667729468841893,-0.003053881780467148,0.04618989457711349,0.024135907633685595,-0.004071625634198694,0.012254553079519137,-0.010329926559611818,-0.02881947601984069,0.010439455918874557,0.0053676666935457435,-0.015391159480578688,0.014338339090365183,0.003871441741516635,0.015919265802553744,-0.04636327433866874,0.0007109864605936443,0.031151701629612873,0.03544982007533137,0.00347554324872904,0.0023095578111704987,0.006202331367874618,-0.009505213579021095,1.0,0.06480374992462543,0.009132467111500349,-0.020173029494737815,0.06674296248582737,0.013020989406673185,0.045015590697654,-0.04158025447614146,-0.038173276857303456,0.020744814192198865,-0.010266263126601905,0.006495781123289042,-0.017150414961038817,0.028456440958499266,-0.016586696889287485,-0.017796934970594706,0.027338261317168055,0.011071406755436745,0.00023202432575583658,-0.013628192332249649,-0.0014834564206102634,0.04904602904159392,0.01151338596821277,-0.005950363103203939,0.018233767027167808,-0.015280307695937677,-0.03478346613992288,0.010111020442179822,0.006449867045701981,-0.012657312813652602,0.019094046060176822,0.004387294586686488,0.01802784045200341,-0.05282388605816954,0.0010543115193817696,0.038276037331419946,0.028763349790914536,0.0012440665471002343,0.0013011583742107496,0.011639538113644193,-0.020285020394161028
3.4795280655665946,0.6212012487347798,0.8868205510052122,4.0,113.0,121.0,121.0,104.0,80.0,33.0,48.0,12.0,6.0,1.0,0.0,134.0,113.0,125.0,125.0,125.0,123.0,111.0,129.0,111.0,119.0,118.0,113.0,0.2052877138413686,0.37791601866251945,0.416796267496112,0.2669432918395574,0.33195020746887965,0.40110650069156295,0.0193596425912137,0.010424422933730455,0.011913626209977662,0.012658227848101266,0.01563663440059568,0.011913626209977662,0.0007446016381236039,0.0052122114668652275,0.005956813104988831,0.005956813104988831,0.03276247207743857,0.007446016381236039,0.029784065524944156,0.010424422933730455,0.01712583767684289,0.03201787043931496,0.014147431124348473,0.0014892032762472078,0.011169024571854059,0.0022338049143708115,0.0014892032762472078,0.023827252419955324,0.004467609828741623,0.017870439314966492,0.008935219657483246,0.008190618019359643,0.02531645569620253,0.044676098287416234,0.0037230081906180195,0.0387192851824274,0.03648548026805659,0.010424422933730455,0.12137006701414743,0.0052122114668652275,0.0573343261355175,0.0193596425912137,0.03201787043931496,0.05361131794489948,0.06552494415487714,0.00967982129560685,0.03425167535368578,0.028294862248696945,0.005956813104988831,0.03648548026805659,0.0014892032762472078,0.022338049143708117,0.0029784065524944155,0.008935219657483246,0.00967982129560685,0.0029784065524944155,1.0,0.05248227923642198,0.0412994195121357,-0.002902652867653119,-0.0017893854176369514,-0.000191903831775514,-0.00892005671414149,0.01710211820857788,-0.005509929970516317,0.05769383142732377,-0.0032395768766132716,-0.01336915806940149,-0.020289048366665192,-0.053304110875152064,0.029279503499402264,0.03588088277394978,0.018178939596001732,-0.025111654754956546,0.024564177182374487,-0.03543411719244079,0.011589991410338148,-0.00026363978836292846,0.00590589561605014,0.005337197001128381,-0.028171644852474444,0.01801666112790313,-0.020368956485197105,0.001170347531201663,-0.01035056337567913,0.014379578240588244,0.05499989246966856,0.0240692380520567,0.006350363559754778,-0.017133939330528283,-0.01909090440872321,-0.020104000858470184,0.039858790515585524,0.031077427059404535,0.02006305208981656,0.006662392812661197,0.007944866132840912,1.0,0.05252138674703034,0.03870929785039417,-0.007060492178815465,-0.00290452711649838,0.000452856909840434,-0.008840967375843563,0.0181405725715939,-0.006653011512967632,0.05746272613815945,-0.0086113479522802,-0.01758663167332456,-0.01812475173390551,-0.050537175703509324,0.03627302580785542,0.03861338237772178,0.00955012128780188,-0.029373975949170097,0.023666136274099133,-0.036560518823840045,0.017400908167741726,0.002344184133778088,0.010055892275082306,-0.0006068826186023331,-0.034608298569761414,0.017490347853061316,-0.015938384046824204,0.0029605711248195075,-0.0016791099345529715,0.012050094723075847,0.050143031356531254,0.02109648747235736,-0.004989560476257872,-0.012220045812483472,-0.02034582184681399,-0.013628435928990637,0.04194643522439942,0.028096051480377304,0.014179702158322193,-0.003058856672530986,0.0044298458439397765
3.476168966332865,0.6303174858583231,0.8808637379002234,2.0,121.0,124.0,117.0,102.0,78.0,29.0,23.0,15.0,9.0,8.0,6.0,134.0,123.0,129.0,124.0,125.0,130.0,113.0,129.0,125.0,124.0,125.0,113.0,0.16246056782334384,0.3832807570977918,0.45425867507886436,0.26305220883534136,0.3333333333333333,0.4036144578313253,0.01563663440059568,0.007446016381236039,0.011169024571854059,0.014892032762472078,0.0193596425912137,0.016381236038719285,0.0007446016381236039,0.0037230081906180195,0.004467609828741623,0.005956813104988831,0.039463886820551006,0.012658227848101266,0.021593447505584513,0.010424422933730455,0.014147431124348473,0.0193596425912137,0.022338049143708117,0.0037230081906180195,0.007446016381236039,0.0029784065524944155,0.0052122114668652275,0.02084884586746091,0.0052122114668652275,0.03052866716306776,0.01340282948622487,0.011913626209977662,0.026061057334326135,0.0387192851824274,0.0014892032762472078,0.034996276991809384,0.02308265078183172,0.012658227848101266,0.10871183916604617,0.0037230081906180195,0.06254653760238273,0.012658227848101266,0.03723008190618019,0.06626954579300075,0.06775874906924795,0.008190618019359643,0.03201787043931496,0.01563663440059568,0.006701414743112435,0.0573343261355175,0.004467609828741623,0.02084884586746091,0.0029784065524944155,0.005956813104988831,0.008190618019359643,0.0007446016381236039,1.0,-0.03223362599873206,-0.029216639434889162,0.03517979288656336,-0.029884976784496184,-0.02194210584290391,-0.00750740222736015,0.015809920953055088,-0.02711590588461083,0.00698442955535813,0.041485206620581694,-0.037794413209606005,0.028182445585084988,-0.04800015649072443,-0.016988527645628033,0.010099571882850725,-0.0048646485634088864,-0.02862633124736211,0.024862370725965727,0.015081218374029001,-0.046082453462939585,-0.013547446038879588,0.00026802698856261896,-0.006450968554321153,0.01456194773023767,0.0026998027084394307,0.018205002753864562,-0.08622252470150989,-0.02496315996298298,0.0025253245305312745,-0.03314256979296255,0.045771060563041206,-0.017852648881044403,0.03744963338496697,-0.01635737401500403,0.039873086138997815,0.016438458168108443,-0.011852803464333211,-0.016049524622603045,0.015972600462473497,0.015165505340554861,1.0,-0.032257645094111144,-0.030332331988166962,0.033373008149697,-0.02870478683648907,-0.02196333826114965,-0.011864467111077073,0.016044855711509615,-0.026348822470909628,0.005623385538824908,0.03872123545200237,-0.033110957450338624,0.027289702147785942,-0.05234865074645186,-0.014340085846035994,0.005028589437118608,-0.002094686839741356,-0.03142570474804381,0.02354564235752168,0.011017957621372306,-0.041792660026262606,-0.018603141217352515,-0.008033160046543674,0.003016639542009939,0.011634117363864932,-5.843836053860238e-05,0.018139812334345237,-0.08765431787393288,-0.03491026947017531,-0.003330095097975295,-0.02910913293690372,0.04237313767911271,-0.018442042860190164,0.03526493286675322,-0.02368123642373597,0.04378088269642433,0.012525569358388973,0.0022446040514714468,-0.02463452271787869,0.02543919071321814,0.010884261690261335
3.464403041880174,0.6122309101149724,0.8845867460908414,4.0,100.0,120.0,118.0,99.0,96.0,16.0,28.0,7.0,1.0,4.0,0.0,134.0,103.0,126.0,123.0,113.0,126.0,73.0,127.0,111.0,111.0,123.0,108.0,0.21585160202360876,0.3794266441821248,0.40472175379426645,0.2808417997097242,0.33236574746008707,0.3867924528301887,0.014892032762472078,0.006701414743112435,0.00967982129560685,0.008935219657483246,0.011169024571854059,0.00967982129560685,0.0014892032762472078,0.008190618019359643,0.0037230081906180195,0.004467609828741623,0.040208488458674606,0.012658227848101266,0.0379746835443038,0.005956813104988831,0.020104244229337303,0.0193596425912137,0.017870439314966492,0.0022338049143708115,0.007446016381236039,0.004467609828741623,0.0029784065524944155,0.028294862248696945,0.0029784065524944155,0.028294862248696945,0.011169024571854059,0.01563663440059568,0.02680565897244974,0.058823529411764705,0.004467609828741623,0.04095309009679821,0.03127326880119136,0.00967982129560685,0.10647803425167536,0.0029784065524944155,0.0573343261355175,0.026061057334326135,0.04244229337304542,0.05658972449739389,0.054355919583023084,0.007446016381236039,0.035740878629932984,0.011913626209977662,0.007446016381236039,0.04765450483991065,0.0014892032762472078,0.016381236038719285,0.0037230081906180195,0.006701414743112435,0.0052122114668652275,0.0014892032762472078,1.0,0.014466625368621446,0.07421353042421619,-0.02920682844733749,0.05454186989358321,-0.006068174947640008,0.04389522797413279,0.03154775048301701,0.024320584235039574,0.011184882002733735,-0.0021368463078123164,-0.009777596223160486,0.03017240540711129,0.01238387454944523,0.02445813252392983,-0.02728466925451009,0.011723837132140386,-0.004053085165289288,0.008207109841871011,0.007603179066986988,0.03318738721711429,-0.02271893780963185,-0.04624820323225848,-0.02367625812067082,0.019356797771936406,0.044286824437335656,-0.005794027626862718,0.02740521868595093,0.026798946342518327,-0.023153960437395933,-0.029599158219587026,-0.006527806006347808,-0.00734667958205492,0.04490829115481466,0.006648617049192769,-0.011349088435505623,-0.015113038522327846,0.005702350909688338,0.0026221718188868003,-0.03473645351731049,0.0006436242061558475,1.0,0.014477405268299996,0.0741301563539749,-0.03152147507472265,0.05041823538743198,-0.0033253794209872813,0.03602182105546978,0.03458653230851805,0.014881426705831667,0.009094312664595325,-0.007351829983211128,-0.012964123196374439,0.029326853005493796,0.00956302861511335,0.017860474212945125,-0.02930100351393586,0.006831216218821332,0.0009713823641110134,0.0020051921899228342,0.009465448780352116,0.028438629335557034,-0.025435045516266158,-0.05090938014062269,-0.017554465337420604,0.022928231369048504,0.0465605816274065,-0.011975161751916527,0.025455008265935983,0.032212304411780204,-0.027646811150798232,-0.029904122165868647,-0.005732008812320942,-0.013147542531634932,0.045044962677677464,0.006731970031985138,-0.013611391900230294,-0.010263625798539584,0.0017826025523377945,0.005436390198514074,-0.04022555532273349,-0.0011284347799754022
3.5070420647611913,0.6317213501477741,0.8875651526433358,2.0,105.0,123.0,113.0,99.0,87.0,33.0,36.0,7.0,18.0,2.0,0.0,134.0,105.0,128.0,118.0,118.0,129.0,103.0,128.0,105.0,108.0,105.0,107.0,0.2,0.3792,0.4208,0.28170028818443804,0.3234870317002882,0.39481268011527376,0.01563663440059568,0.004467609828741623,0.010424422933730455,0.01340282948622487,0.022338049143708117,0.014892032762472078,0.0022338049143708115,0.0022338049143708115,0.0052122114668652275,0.0037230081906180195,0.04169769173492182,0.011169024571854059,0.024571854058078928,0.008190618019359643,0.017870439314966492,0.027550260610573342,0.01712583767684289,0.0052122114668652275,0.0052122114668652275,0.011913626209977662,0.0022338049143708115,0.021593447505584513,0.0037230081906180195,0.02308265078183172,0.012658227848101266,0.008935219657483246,0.023827252419955324,0.034996276991809384,0.012658227848101266,0.026061057334326135,0.028294862248696945,0.016381236038719285,0.0953090096798213,0.0022338049143708115,0.06180193596425912,0.018615040953090096,0.03723008190618019,0.06180193596425912,0.07967237527922562,0.011169024571854059,0.03350707371556218,0.023827252419955324,0.0052122114668652275,0.04690990320178704,0.0022338049143708115,0.0193596425912137,0.0014892032762472078,0.00967982129560685,0.008190618019359643,0.0022338049143708115,1.0,0.035431884706262275,0.003659980580819018,-0.023385274424572465,0.06438491157365003,0.004077395608391689,0.008612864557293905,0.0503777725151079,-0.00316164537435583,-0.024834197168294873,-0.00194830180782272,0.03900427019608864,0.0074944263814047535,-0.019106742129998418,0.01219862710932715,0.05454737850890909,0.008490862191679565,-0.015217888462420781,0.030387243670656282,0.04342507238240597,-0.03117350503977919,0.02027098027770397,0.013504553553116895,0.0222011557866968,0.007425129548707668,0.01898048638468244,0.05579467352943036,0.027619075928335766,-0.012545732416105768,-0.0005089895434427053,0.040694683196701484,0.03055468226980499,0.0010409755063843765,0.01572999507464396,0.03071827904007957,-0.009912949585633931,-0.0023060285540796375,0.0016525056015585773,0.024750588347774025,-0.04004721206503788,0.03813576842566255,1.0,0.03545828700485115,0.0024111806010545514,-0.023682696195669463,0.06635646575727037,-0.00048620703548045993,0.007515435836911351,0.05360725259818501,-0.011357833658701279,-0.02485771636930599,0.001754399515107643,0.03252409715151925,0.004252421828505755,-0.017633930451243104,0.013346178060981559,0.05161181967162834,0.005170020307957386,-0.014376911862816935,0.029323626212687526,0.036181603672282146,-0.033951673358334364,0.02449685104631509,0.003966464794274227,0.015160459564913367,0.01656865395610125,0.012410313881229687,0.0486518717182301,0.027339017187072052,-0.014594191166931201,-0.0035495713540863723,0.030611774642567872,0.026574072561730038,-5.093092559136425e-06,0.008451343936473267,0.023661535503713048,-0.008805585185285349,-0.0026570982114194034,-0.010212739521376775,0.017763156867590897,-0.03840341016391894,0.03836463641307115
3.4792813493860786,0.6454807375173832,0.8823529411764706,6.0,75.0,117.0,111.0,82.0,84.0,21.0,38.0,22.0,11.0,4.0,2.0,134.0,88.0,124.0,121.0,115.0,126.0,49.0,124.0,107.0,104.0,109.0,91.0,0.22338568935427575,0.3944153577661431,0.38219895287958117,0.29721362229102166,0.3459752321981424,0.3568111455108359,0.014892032762472078,0.005956813104988831,0.008935219657483246,0.020104244229337303,0.01340282948622487,0.012658227848101266,0.0022338049143708115,0.0052122114668652275,0.0037230081906180195,0.0029784065524944155,0.03201787043931496,0.010424422933730455,0.04244229337304542,0.0052122114668652275,0.0193596425912137,0.018615040953090096,0.01340282948622487,0.0029784065524944155,0.008190618019359643,0.004467609828741623,0.0029784065524944155,0.029039463886820552,0.004467609828741623,0.03350707371556218,0.011913626209977662,0.01563663440059568,0.03723008190618019,0.045420699925539834,0.0022338049143708115,0.03425167535368578,0.017870439314966492,0.016381236038719285,0.0975428145941921,0.004467609828741623,0.04765450483991065,0.024571854058078928,0.035740878629932984,0.058823529411764705,0.07371556217423679,0.006701414743112435,0.039463886820551006,0.01712583767684289,0.0052122114668652275,0.05137751303052867,0.0007446016381236039,0.017870439314966492,0.0007446016381236039,0.008190618019359643,0.008935219657483246,0.0029784065524944155,1.0,-0.016730720648408467,0.057259014118420846,0.028174913622461793,-0.030084338102760795,0.003676066724418372,0.012681734236529634,-0.00596834408140915,-0.020909920134146203,-0.008837419415031154,0.08138470335126997,0.03579767387372803,0.10284846572204016,0.017444754542603087,0.017975671052795277,0.010858684183438133,-0.002777504647441991,0.015091366680364733,-0.011683532542558531,0.0030387433247130776,0.0010151399061312388,0.045648896108588966,0.05759435080717497,0.031118551554568993,0.005396079263731895,-0.012287353935632442,0.02752679161110136,0.038487588768036325,-0.012702127658520452,0.059410583721263656,-0.019901144646755572,0.010528991045711828,0.036096268997842004,0.03222096936748089,0.02078801658420284,0.035565100668447674,0.01193168706441631,0.015404268789786157,-0.014857426630085184,0.03206955989195623,-0.017378613336397106,1.0,-0.01674318765336258,0.05708007877706024,0.030205873285167984,-0.03261959299324443,-0.0007367686282213709,0.015701072372738684,-0.003913200114969031,-0.024109008862952686,-0.009814841456379958,0.08613680700025002,0.04142633835918474,0.0951935055954655,0.01215808974191986,0.01153554520689032,0.006547671289811177,-0.0020512193380705103,0.013429010427050164,-0.009613715324101102,0.006160850540114139,0.0001449782519349897,0.04505209932227451,0.04451729689516965,0.020388139839974676,-0.014275400920799501,-0.021231803131918702,0.02659983722753615,0.03972610083874758,-0.01387249388877979,0.05424362575915403,-0.010985323907802063,0.0029257842122818326,0.023821885129665883,0.02104826618756068,0.00756609348855923,0.03027387135225772,0.01030707429749158,0.011327831429543933,-0.023480900481556835,0.0170849398101786,-0.01381037579284788
3.4697348739272216,0.6015289187926054,0.8860759493670886,12.0,87.0,116.0,115.0,86.0,102.0,12.0,67.0,21.0,14.0,9.0,2.0,134.0,99.0,127.0,121.0,121.0,129.0,41.0,129.0,117.0,121.0,119.0,89.0,0.28149300155520995,0.36702954898911355,0.3514774494556765,0.29101707498144025,0.35634743875278396,0.3526354862657758,0.01340282948622487,0.008190618019359643,0.014892032762472078,0.010424422933730455,0.01340282948622487,0.01563663440059568,0.0,0.00967982129560685,0.0052122114668652275,0.0022338049143708115,0.04244229337304542,0.00967982129560685,0.0387192851824274,0.007446016381236039,0.01712583767684289,0.02680565897244974,0.011913626209977662,0.008190618019359643,0.0,0.005956813104988831,0.0022338049143708115,0.03648548026805659,0.0022338049143708115,0.03648548026805659,0.010424422933730455,0.014892032762472078,0.03201787043931496,0.03350707371556218,0.0052122114668652275,0.04244229337304542,0.018615040953090096,0.010424422933730455,0.10275502606105734,0.0007446016381236039,0.05956813104988831,0.017870439314966492,0.04393149664929263,0.058823529411764705,0.0573343261355175,0.008935219657483246,0.03201787043931496,0.017870439314966492,0.014147431124348473,0.04765450483991065,0.0052122114668652275,0.01340282948622487,0.0022338049143708115,0.004467609828741623,0.0052122114668652275,0.0014892032762472078,1.0,-0.017744650827170107,0.009711464824240283,0.032085093344043164,0.05929818480325555,-0.024685091083860935,-0.016167508170973156,0.04937756601511444,-0.022056602369796986,0.0044525073698934575,-0.02105832403225281,0.05209343292228448,-0.004484882313360796,-0.005856172641013616,0.029410431268192778,-0.03345749377211466,0.018014417309615834,-0.013321667559291053,0.03479912712368761,-0.007941768233298513,0.007197402691693744,-0.015389275575982896,-0.030534726036145488,-0.02496588221902521,0.011995616781982833,0.0557229716053107,0.00619316762382611,0.030056130925405686,0.03983337645819383,-0.006143703778990115,-0.00844480585434476,-0.056951346190406864,-0.0004294398673190352,0.039130930086990166,-0.014207025642421732,0.0019948092701781027,0.013399697161916378,-0.005570332630632007,-0.035680084158002036,0.014768159977413181,-0.06644796688921681,1.0,-0.01775787336877009,0.009413575168633285,0.032508308110793346,0.06061951322496415,-0.02326695819090717,-0.019497795889624137,0.045779361311837956,-0.022212924834582915,0.006710975649728619,-0.022258245063665114,0.04698347395487394,0.0019042848434551024,-0.005859540729497647,0.026474726812068562,-0.03776749591800404,0.018025408042633664,-0.009696476238092335,0.0280539994582846,-0.00011819865291557226,0.0036985060753266393,-0.016970780230013565,-0.03373416507437848,-0.02855260924759244,0.017336914537788548,0.05519963731960682,0.019205896343031888,0.02754930409455251,0.0373767339699373,-0.012630791974516203,-0.01106738399956329,-0.06515022324898267,-0.011423495718205718,0.05304952436777978,-0.007791658469140619,0.008983265141670138,0.004884497734362941,-0.01235471581548016,-0.033698981038802645,0.0064674544132070815,-0.06871359525277493
3.4867592083936043,0.6415208368763936,0.8875651526433358,10.0,110.0,129.0,123.0,108.0,85.0,35.0,43.0,18.0,17.0,8.0,5.0,134.0,113.0,131.0,125.0,125.0,128.0,103.0,129.0,117.0,126.0,117.0,119.0,0.19971056439942114,0.3849493487698987,0.4153400868306802,0.2665303340149966,0.33605998636673484,0.39740967961826856,0.012658227848101266,0.00967982129560685,0.010424422933730455,0.014147431124348473,0.01563663440059568,0.010424422933730455,0.0022338049143708115,0.006701414743112435,0.004467609828741623,0.0037230081906180195,0.04169769173492182,0.01712583767684289,0.039463886820551006,0.005956813104988831,0.023827252419955324,0.02531645569620253,0.01563663440059568,0.0037230081906180195,0.00967982129560685,0.0052122114668652275,0.0014892032762472078,0.029784065524944156,0.0022338049143708115,0.028294862248696945,0.014892032762472078,0.008935219657483246,0.029784065524944156,0.04244229337304542,0.0022338049143708115,0.026061057334326135,0.027550260610573342,0.011169024571854059,0.0967982129560685,0.0022338049143708115,0.040208488458674606,0.026061057334326135,0.044676098287416234,0.07073715562174236,0.06850335070737155,0.008190618019359643,0.03201787043931496,0.018615040953090096,0.006701414743112435,0.04765450483991065,0.0029784065524944155,0.01340282948622487,0.0014892032762472078,0.011913626209977662,0.004467609828741623,0.0007446016381236039,1.0,0.0010727646094085765,0.03957475603592941,-0.043042390074214176,-0.009973660376057701,-0.02439778475610959,0.003674649832755905,-0.011218565698945852,0.011739159611360721,0.01079230343801507,0.012307444542723672,-0.0157931816629956,0.01755235939983321,-0.018071357086407124,-0.002328980312653639,-0.04845924938331309,-0.008021001738299335,-0.03686886935947382,-0.03962703290992451,0.03287926627377987,0.06124237164266751,-0.020188615379481085,-0.009470285716642619,-0.0017315946547727566,-0.004206074428109371,0.006123241710279778,-0.02391372213347427,0.0096060115158821,0.04766219476418994,-0.022648046836119196,0.04729749316524004,0.026756454303570675,-0.016612724309736492,0.023656623018971375,-0.03639838399836924,-0.015326009599653967,-0.05459018679746732,0.02350654398580055,0.05287143539788301,-0.0007162063208523531,0.014583121492495996,1.0,0.0010735639869118468,0.03963267192774348,-0.043290212754662764,-0.011450475193146434,-0.02108375596327758,0.002788837582441726,-0.010452683211716033,0.009578166237039238,0.011500593583879993,0.010199928650230018,-0.016105500412115416,0.017660422199556294,-0.015419316372492376,-0.004458896690456144,-0.04614600188232079,-0.00933113430639504,-0.033689869084143946,-0.04531624526767046,0.03503755103814918,0.0603452720509592,-0.027875455140628672,-0.015199238277138673,0.006426459093152079,-0.0024456250314016615,0.008092467210770038,-0.025095285604382664,0.012499234056666905,0.04801102968131977,-0.029769944199009246,0.04493235831856617,0.032650555570922626,-0.027238384823800442,0.025061429619717003,-0.032198910583269943,-0.01347513798727142,-0.05362263159196333,0.026965863887503813,0.06379107014162647,-0.019072549550551675,0.005591775042212242
3.502150405309925,0.6289871092326946,0.8838421444527178,6.0,105.0,121.0,119.0,59.0,91.0,14.0,72.0,6.0,21.0,5.0,1.0,134.0,111.0,126.0,125.0,117.0,128.0,53.0,126.0,111.0,115.0,123.0,103.0,0.2725806451612903,0.33064516129032256,0.3967741935483871,0.282798833819242,0.34110787172011664,0.3760932944606414,0.018615040953090096,0.008935219657483246,0.016381236038719285,0.014147431124348473,0.01340282948622487,0.010424422933730455,0.0007446016381236039,0.011913626209977662,0.004467609828741623,0.0037230081906180195,0.0379746835443038,0.008935219657483246,0.03723008190618019,0.004467609828741623,0.021593447505584513,0.027550260610573342,0.014147431124348473,0.0022338049143708115,0.008935219657483246,0.0052122114668652275,0.0014892032762472078,0.026061057334326135,0.0037230081906180195,0.029784065524944156,0.012658227848101266,0.014147431124348473,0.03052866716306776,0.04169769173492182,0.0022338049143708115,0.03723008190618019,0.020104244229337303,0.010424422933730455,0.09084139985107967,0.0037230081906180195,0.04690990320178704,0.020104244229337303,0.04988830975428146,0.06403574087862993,0.06329113924050633,0.011913626209977662,0.035740878629932984,0.01712583767684289,0.007446016381236039,0.05286671630677588,0.0007446016381236039,0.01340282948622487,0.004467609828741623,0.007446016381236039,0.007446016381236039,0.0014892032762472078,1.0,0.065852241727609,-0.014659686435055766,0.00912117959975052,0.018561223474624213,-0.038947791263986446,-0.008380700992821056,-0.0016647206610059429,-0.009041488429189684,-0.00845255280515684,-0.05308756517773493,-0.04742146216872215,0.00014848146214091742,-0.005420081927183595,-0.02879840822451356,0.026596486980772212,0.045524539044148084,0.0008113690631412271,-0.044426589651273565,0.003974470348550794,0.022834428901994535,-0.014158998198708453,-0.004441098450878149,0.0076539431085832854,-0.015211454778530847,0.00015492534515746,0.005043769613842756,-0.0020709123772930118,0.010643314326844044,0.0033388496972953634,0.014443970575128114,-0.013945898314497253,-0.005769514524647396,-0.004880367744940102,-0.03942083313778819,-0.03457798910640253,0.001429391238107867,0.030282204834751407,-0.02652907413562699,-0.04513835690822591,-0.007605810035054382,1.0,0.0659013119524433,-0.019107516783817814,0.011440676640971028,0.017037359907940478,-0.04134909241490565,-0.0024963892021306663,-0.002664001661914126,-0.008679232008700518,-0.005777176250031937,-0.05456181358294916,-0.04140604437479408,0.004540941199631384,-0.007008497115249059,-0.02631267943506544,0.02788225936822722,0.037628294167098945,-0.0036435130937234163,-0.04489903333396558,0.004473411738741528,0.018633260267282997,-0.017673271715503952,-0.0022215878763343897,0.00370100984928812,-0.019544080514467002,0.005604846359450912,0.00917459231015257,-0.0005440132002912079,0.007562079335377541,-0.001110545142575434,0.01905710618278113,-0.018721851981289988,-0.010190340231135164,-0.0008131494269822368,-0.03778491593232949,-0.032759711822593865,0.002242885042161186,0.03305345599862113,-0.02847326312505264,-0.0450959442186965,-0.003655038577481376
3.5163224541455262,0.6675824072494787,0.8838421444527178,4.0,109.0,128.0,117.0,79.0,88.0,40.0,33.0,14.0,17.0,14.0,0.0,134.0,111.0,131.0,123.0,117.0,130.0,111.0,125.0,117.0,117.0,119.0,113.0,0.19440124416796267,0.35303265940902023,0.4525660964230171,0.268646408839779,0.32734806629834257,0.40400552486187846,0.0193596425912137,0.011169024571854059,0.014147431124348473,0.01340282948622487,0.01563663440059568,0.02308265078183172,0.0,0.008935219657483246,0.0037230081906180195,0.0037230081906180195,0.03201787043931496,0.010424422933730455,0.0379746835443038,0.005956813104988831,0.00967982129560685,0.022338049143708117,0.0193596425912137,0.0052122114668652275,0.008190618019359643,0.007446016381236039,0.0022338049143708115,0.023827252419955324,0.0014892032762472078,0.023827252419955324,0.022338049143708117,0.011169024571854059,0.024571854058078928,0.05212211466865227,0.004467609828741623,0.034996276991809384,0.02531645569620253,0.005956813104988831,0.10052122114668652,0.0037230081906180195,0.04169769173492182,0.020104244229337303,0.035740878629932984,0.06999255398361877,0.05956813104988831,0.010424422933730455,0.039463886820551006,0.01712583767684289,0.0037230081906180195,0.044676098287416234,0.005956813104988831,0.01563663440059568,0.0029784065524944155,0.011913626209977662,0.010424422933730455,0.0022338049143708115,1.0,0.0016624609543143699,-0.029880744747807934,0.00974052867742814,0.025313493043779,0.016591570080518335,0.03273723639334078,-0.0033026085735874404,-0.0051728954245757915,0.006716200756722811,0.06006965163019356,-0.01840573744024379,0.036735478960635316,-0.04180688272144007,0.006242052429132559,-0.030857175937817644,0.01749716941712126,0.05345800357965794,-0.0432184149400921,-0.023013799200010187,-0.02924460659676457,-0.024791828238067658,-0.016003013791759394,0.056340865437661466,0.008853118971245896,0.01261613589556181,-0.006492719025999713,-0.005300808554716683,-0.012227372942704639,0.012079205308559146,-0.028241677223276578,0.045692911484192966,-0.03388812580144914,-0.00277451066299993,-0.011386504679936866,0.0193182690954193,-0.06009673411108042,0.0010632382303087811,0.01160823725382709,0.020490699290462884,0.03335587950475995,1.0,0.0016636997478719794,-0.02992816035184404,0.009872273904504444,0.02448133927293043,0.01717449484388311,0.0342747536892638,-0.0028965967710417634,-0.004171928480191052,0.0050762906035207375,0.05847979595322125,-0.019292982361720702,0.04003977567072358,-0.045010672777920695,0.006565503418274692,-0.03667646101560362,0.014485081415526445,0.05468566655167202,-0.044024198958921436,-0.016371831936251132,-0.037804435128242234,-0.024808452589962848,-0.02342157984588756,0.06360926287226287,0.01012328720937068,0.028867816490587783,-0.011273801836729424,-0.008150492022011062,-0.012012603233882221,0.005796010068075224,-0.019128383849410662,0.04890353318433596,-0.03088619060316145,-0.012629697007396372,-0.016420190166753196,0.01331974604388373,-0.055620220992055554,0.0028238949740929695,0.018794550292152518,0.018665743716211013,0.032758645091360485
3.4556687052515636,0.6266670078414405,0.8868205510052122,2.0,122.0,128.0,114.0,83.0,79.0,41.0,50.0,13.0,3.0,3.0,3.0,134.0,123.0,131.0,121.0,125.0,130.0,109.0,129.0,125.0,123.0,125.0,115.0,0.20436817472698907,0.33229329173166927,0.46333853354134164,0.26375838926174494,0.3315436241610738,0.4046979865771812,0.014892032762472078,0.008935219657483246,0.020104244229337303,0.01340282948622487,0.00967982129560685,0.010424422933730455,0.0022338049143708115,0.008190618019359643,0.004467609828741623,0.0022338049143708115,0.04690990320178704,0.012658227848101266,0.035740878629932984,0.005956813104988831,0.014892032762472078,0.023827252419955324,0.012658227848101266,0.0037230081906180195,0.012658227848101266,0.0022338049143708115,0.0037230081906180195,0.016381236038719285,0.0022338049143708115,0.02084884586746091,0.014147431124348473,0.014892032762472078,0.02084884586746091,0.03723008190618019,0.004467609828741623,0.04169769173492182,0.02680565897244974,0.004467609828741623,0.10945644080416977,0.0029784065524944155,0.05658972449739389,0.021593447505584513,0.03350707371556218,0.07073715562174236,0.0759493670886076,0.011913626209977662,0.029784065524944156,0.01340282948622487,0.00967982129560685,0.05063291139240506,0.0037230081906180195,0.017870439314966492,0.0022338049143708115,0.010424422933730455,0.0052122114668652275,0.0007446016381236039,1.0,0.024952073141495452,0.021788504617441386,-0.0017802711126619006,0.007371651979402503,0.013306584824585809,0.03135489753252764,0.01050608161517831,0.02921013507050266,0.020963193823684174,-0.012916794959704637,-0.007430110400232055,-0.006221606437571335,-0.09272815975672574,0.01794762932592254,-0.004107758975499446,0.005669625883512715,-0.06762693863698267,-0.043733653638483125,0.011368495220163276,-0.04205091539911953,-0.03435533834707524,-0.020033686574257803,-0.020304306983470678,0.039173069279933484,-0.04116076192636038,-0.024397479974400223,-0.012075987435265514,-0.03251137089593178,-0.01929526062286806,-0.003288715019276156,-0.013462426166736964,-0.010100589200171605,0.03485072993649352,0.031198751872722363,0.019342819606976435,-0.012916405743993015,0.06902593050890518,0.002126772367040132,-0.043399603722637944,0.010735969984311138,1.0,0.024970666340557664,0.021210691936770453,-0.0028502882210446607,0.007051830091550609,0.013117420267170696,0.030572333299767444,0.008544613127606312,0.027685147234000878,0.01939400485452165,-0.015720850023571,-0.008427455489049133,-0.006764349102867795,-0.09500566564717329,0.020753100548657873,-0.0026242055313985585,0.004439306962044417,-0.06817117851003959,-0.038648010659045696,0.02308599595812514,-0.04195907582309312,-0.028616004482120008,-0.012803380604540547,-0.01777925962523746,0.04501599380128663,-0.04061841515513144,-0.02549122114389873,-0.0032765349765103,-0.032689645990016884,-0.013155339441063413,-0.01571638122408342,-0.015697696059795756,-0.004893477324564012,0.03004610886689849,0.029969391589136286,0.011547700895353974,-0.014548007313032355,0.0816203558278977,-0.01846207897766367,-0.05742952095810788,0.00725236376774352
3.483365213901488,0.6226880236764885,0.8823529411764706,4.0,112.0,125.0,115.0,84.0,93.0,23.0,42.0,12.0,6.0,10.0,3.0,134.0,112.0,127.0,120.0,117.0,127.0,93.0,125.0,115.0,115.0,117.0,111.0,0.22098569157392686,0.3449920508744038,0.43402225755166934,0.27317763623496105,0.3305024769992923,0.39631988676574664,0.011913626209977662,0.0052122114668652275,0.011169024571854059,0.00967982129560685,0.01340282948622487,0.014892032762472078,0.0014892032762472078,0.008935219657483246,0.004467609828741623,0.0037230081906180195,0.039463886820551006,0.008190618019359643,0.02531645569620253,0.0029784065524944155,0.017870439314966492,0.020104244229337303,0.018615040953090096,0.0029784065524944155,0.014147431124348473,0.004467609828741623,0.0029784065524944155,0.023827252419955324,0.0029784065524944155,0.029039463886820552,0.014892032762472078,0.0193596425912137,0.028294862248696945,0.04318689501116903,0.00967982129560685,0.04393149664929263,0.028294862248696945,0.004467609828741623,0.09977661950856292,0.0037230081906180195,0.055100521221146684,0.0193596425912137,0.0387192851824274,0.05956813104988831,0.06626954579300075,0.011913626209977662,0.03201787043931496,0.01340282948622487,0.006701414743112435,0.06180193596425912,0.0029784065524944155,0.016381236038719285,0.0029784065524944155,0.012658227848101266,0.006701414743112435,0.0,1.0,0.0031684132341968344,0.002193067095940617,-0.0017650193597019907,0.004298642784379335,-0.011286632405415659,0.025978440944464217,0.008032464983347535,-0.051097045900054386,0.01671932732717661,-0.0011804265761201501,-0.03608574958249394,-0.0436417484037538,0.04853279327094439,0.004975282235672279,0.03889862277244863,0.01255654500906302,-0.03320084055374116,-0.0039866533418220565,0.035800394343787185,-0.03614826025042555,0.0008213304770976265,-0.032303846339363,-0.021096466935329388,0.004501699471276539,0.013173546541279928,0.03204725151338192,0.024955976978528704,0.024075443502494194,0.03339726673931941,-0.011635070028046137,0.006682785976925907,0.015039130413314686,-0.014127271805990821,0.007318858187661242,-0.0058706932791129296,-0.009837195155015882,-0.06496939750543207,-0.06661214278767622,-0.02574642487646171,-0.006824087464216642,1.0,0.0031707741978586933,0.002186306061211219,-0.0017828784909798634,0.004318004403053381,-0.011348801347022706,0.02614984432098986,0.00796987400701491,-0.05167440008447274,0.017412607286566805,-0.0013734606875369074,-0.03631564035495565,-0.043875025524943996,0.04817661301032427,0.007818681056300038,0.03907596133319261,0.00941062111725596,-0.031893420280013275,-0.00028997729207486475,0.03135028752559844,-0.04143517137119926,0.005609108004057888,-0.03689058921842031,-0.019783895463958357,0.008390136016581817,0.012357611040376965,0.036418894248214914,0.03296044824723985,0.0154248565573416,0.03316950917569312,-0.012446058440398183,0.005317197629160259,0.011115092122440171,-0.014329211135873687,0.0014502469921551422,-0.0024865219584406986,-0.0025983398439323123,-0.061114516646927436,-0.0676442536502109,-0.023894610743493968,-0.009466543802567676
3.465232309903921,0.6253448463071233,0.8838421444527178,10.0,120.0,125.0,112.0,93.0,92.0,47.0,13.0,19.0,2.0,8.0,6.0,134.0,121.0,129.0,121.0,121.0,123.0,113.0,123.0,113.0,111.0,115.0,116.0,0.1777434312210201,0.34930448222565685,0.47295208655332305,0.2638888888888889,0.3236111111111111,0.4125,0.01563663440059568,0.00967982129560685,0.012658227848101266,0.011169024571854059,0.017870439314966492,0.01712583767684289,0.0,0.005956813104988831,0.005956813104988831,0.0014892032762472078,0.0387192851824274,0.011913626209977662,0.03425167535368578,0.00967982129560685,0.016381236038719285,0.029039463886820552,0.00967982129560685,0.0029784065524944155,0.00967982129560685,0.0029784065524944155,0.0014892032762472078,0.021593447505584513,0.0014892032762472078,0.020104244229337303,0.01340282948622487,0.008935219657483246,0.026061057334326135,0.049143708116157855,0.0037230081906180195,0.029784065524944156,0.026061057334326135,0.01563663440059568,0.10945644080416977,0.0037230081906180195,0.05063291139240506,0.02084884586746091,0.03648548026805659,0.06403574087862993,0.07148175725986597,0.007446016381236039,0.035740878629932984,0.018615040953090096,0.0052122114668652275,0.04839910647803425,0.0037230081906180195,0.02308265078183172,0.0029784065524944155,0.0052122114668652275,0.011913626209977662,0.0007446016381236039,1.0,0.013954587749964147,-0.024958990502595185,0.05531079928538566,0.025379658049919505,0.011740503713835677,-0.042506240917241415,0.019204776290461183,-0.010302757262039372,0.008631989564977747,-0.01490621456509255,0.022480126253000554,-0.0001367190008925916,-0.003918272028335849,0.0036718845269406953,-0.03366728155507929,-0.010015342970442476,0.012073874267585914,-0.04854954936720175,0.007616086155092336,-0.026028460031202048,2.2384029652388886e-05,-0.02982153334040734,-0.04790392778236337,-0.00383861749363158,0.0050757418028582165,0.015509834922856357,-0.027248118927663104,-0.009584734545631848,0.03319809118527708,-0.013003422996501472,-0.007397836570508471,0.005191607102480323,-0.018954854063053347,0.011850183154532151,-0.006970779382410214,0.014073003221447906,0.011917063952000779,0.01756387900080336,-0.004702552274213292,-0.03944356465510662,1.0,0.013964986101491703,-0.025196149558775523,0.05619098444586299,0.023241324003063134,0.013958962878200578,-0.045143121475740386,0.018645303545157713,-0.015304914312428057,0.014534813838158677,-0.016463845240916302,0.02576756231565661,-0.005036224701115499,0.000792552693219259,-0.00038416949929730626,-0.033201215171793676,-0.011487779091312282,0.013946874428897036,-0.04846669425907089,0.01387779806854408,-0.030484237381313468,0.004830752496147298,-0.03216878006925663,-0.04307499014744289,-0.00789440698885939,0.009628830559750534,0.018624341423304554,-0.021095388132960618,-0.013992443326487792,0.032195413232536566,-0.015931323505036173,-0.0024060196544082916,0.0038772279164707,-0.02502729150415854,0.015708284164324425,-0.006758638406019565,0.012846429972887975,0.010617841121332763,0.013320479770730862,-0.006502866431999941,-0.0445360907937506
3.5048470947400543,0.6065927657321921,0.8883097542814594,3.0,119.0,126.0,122.0,91.0,82.0,36.0,47.0,4.0,13.0,11.0,0.0,134.0,119.0,130.0,123.0,121.0,130.0,105.0,127.0,121.0,123.0,123.0,107.0,0.2018348623853211,0.3516819571865443,0.44648318042813456,0.2672590567327409,0.33356117566643884,0.39917976760082025,0.020104244229337303,0.0029784065524944155,0.012658227848101266,0.017870439314966492,0.017870439314966492,0.016381236038719285,0.0029784065524944155,0.006701414743112435,0.005956813104988831,0.0029784065524944155,0.04988830975428146,0.008935219657483246,0.03425167535368578,0.008190618019359643,0.01563663440059568,0.02531645569620253,0.011169024571854059,0.0037230081906180195,0.010424422933730455,0.0029784065524944155,0.0022338049143708115,0.029784065524944156,0.0014892032762472078,0.03052866716306776,0.011913626209977662,0.011913626209977662,0.03648548026805659,0.044676098287416234,0.0052122114668652275,0.034996276991809384,0.029784065524944156,0.008190618019359643,0.08786299329858525,0.0037230081906180195,0.05212211466865227,0.020104244229337303,0.03201787043931496,0.06775874906924795,0.055100521221146684,0.008935219657483246,0.040208488458674606,0.017870439314966492,0.010424422933730455,0.04765450483991065,0.0022338049143708115,0.012658227848101266,0.0052122114668652275,0.006701414743112435,0.004467609828741623,0.0007446016381236039,1.0,0.045746891680193025,0.025508325302874814,-0.0017298850015417557,0.027396488626479955,0.0349400135824455,-0.019109586098326806,0.042152989389129564,-0.01928686478907961,0.010444110923383048,-0.005842458312805469,0.005222660956654805,-0.02129532293402611,0.03380340676502688,-0.03966189785826174,0.055639698122440955,0.000993419154637426,0.013739071593586054,0.030194022304727754,0.007144461434265154,-0.02921370990085972,-0.0124093728835851,0.023763570661209526,0.007842358991885802,-0.008801671315925507,-0.015405962555268389,0.004102509092632603,0.032890283225749446,-0.01764577060485028,-0.02533431318162918,0.03791029430142059,0.0438034254496412,-0.057576083372922957,-0.030891594228586186,0.04283134973704314,0.0326463193763937,0.07093091492176627,-0.010331968335651953,-0.015524394281371453,0.025675562758656286,0.005789863340999178,1.0,0.04578098027309929,0.023499723912564375,-0.003962139972844413,0.027204969534530707,0.03287525554214735,-0.023654994226695963,0.043044330577411985,-0.022807756672738124,0.008461696933543178,-0.005395725070018585,0.004380755001736485,-0.024026121852233163,0.039146459366075824,-0.046068010977581904,0.06175192739263195,-0.0035761091752696057,0.012370548852442495,0.027907910809546833,0.008053697399971997,-0.04289141887986666,-0.0003353803896072204,0.015490893160096495,0.008707661278610248,-0.011965418983180537,-0.010898880493942774,0.00012837899404318613,0.0417259602901106,-0.02923144284787294,-0.01900362327736259,0.040199813214395565,0.04037721413872796,-0.0688249670837941,-0.0233565522436992,0.04385262450796522,0.030693813991929414,0.07143866171738278,-0.01734521041836444,-0.02272769916628122,0.03510679606112303,-0.005350277586095471
3.4746500038076147,0.6221651363090753,0.8808637379002234,6.0,106.0,129.0,120.0,96.0,68.0,48.0,39.0,23.0,6.0,8.0,3.0,134.0,107.0,131.0,127.0,123.0,130.0,105.0,127.0,117.0,125.0,125.0,107.0,0.17331288343558282,0.37576687116564417,0.450920245398773,0.2681755829903978,0.3374485596707819,0.3943758573388203,0.01340282948622487,0.0052122114668652275,0.012658227848101266,0.014892032762472078,0.016381236038719285,0.008935219657483246,0.0022338049143708115,0.005956813104988831,0.0052122114668652275,0.0007446016381236039,0.04095309009679821,0.012658227848101266,0.029784065524944156,0.008190618019359643,0.02084884586746091,0.029039463886820552,0.01712583767684289,0.004467609828741623,0.008935219657483246,0.0029784065524944155,0.0022338049143708115,0.020104244229337303,0.0029784065524944155,0.03201787043931496,0.008190618019359643,0.010424422933730455,0.03276247207743857,0.05063291139240506,0.0029784065524944155,0.029784065524944156,0.02680565897244974,0.010424422933730455,0.11913626209977662,0.0022338049143708115,0.044676098287416234,0.021593447505584513,0.03648548026805659,0.0573343261355175,0.06552494415487714,0.010424422933730455,0.029039463886820552,0.01712583767684289,0.011169024571854059,0.04765450483991065,0.0029784065524944155,0.01712583767684289,0.0052122114668652275,0.012658227848101266,0.00967982129560685,0.0,1.0,-0.003881345086928285,0.04505607354996825,0.004473927372455833,0.04090648826206883,0.07543967302478857,-0.0333822765360913,0.03360459035621584,0.02332737969891887,-0.03389893303118837,0.020658914517550718,-0.0545572556525194,-0.053958643553740554,-0.02463823179519379,-0.01593897562095658,0.001972482504313559,-0.017539973028748757,-0.008176641068021757,-0.004327874635520136,-0.02135668366614823,-0.005578165340563841,-0.003858567602106295,0.002698057765577128,0.032299181200324024,-0.011858218002459966,-0.01931314482920496,0.007266071052972346,0.004755317782304082,0.024280726476215306,-0.045837622070579946,-0.028258804848141892,-0.013624951767141853,-0.019580955930203106,-0.00923436939266394,-0.002786698980592913,-0.01778560326592125,-0.01039250871098699,-0.010820935194781774,-0.024393706501619875,-0.008315017962039912,-0.018411876716410033,1.0,-0.0038842372963820045,0.04510886454495282,0.004836434491099414,0.039109897567820365,0.07589598360650945,-0.03659259444536057,0.026746313027738628,0.024971136182437622,-0.0430759288973797,0.01579103337495679,-0.04942597542227522,-0.06526949379552917,-0.019252879642531917,-0.006732482440117592,0.001057741403789246,-0.000540036071084638,-0.000699081776885938,-0.00229159473511883,-0.01339627388196064,-0.0055930043500484585,-0.0010912741403729992,0.0019191131817089889,0.02980784412584331,-0.013752564463664676,-0.027262089430847656,0.008175935381330992,0.003517165489919831,0.01884563851642327,-0.042553734692577415,-0.035108213223144405,-0.017240761541227393,-0.017762399020557755,-0.009896155873101867,0.011185080038701757,-0.013037321578702793,-0.010237274469317785,-0.0035472544963262046,-0.027159201228323625,-0.0034857116791852756,-0.013428772245441967
3.4905495664958326,0.6262753585230718,0.8845867460908414,2.0,121.0,122.0,116.0,105.0,65.0,46.0,57.0,19.0,6.0,6.0,0.0,134.0,121.0,127.0,125.0,122.0,130.0,119.0,127.0,123.0,115.0,127.0,119.0,0.18646616541353384,0.3699248120300752,0.44360902255639095,0.2625923438549362,0.32572196104768303,0.4116856950973808,0.014892032762472078,0.007446016381236039,0.010424422933730455,0.011913626209977662,0.011169024571854059,0.01563663440059568,0.0007446016381236039,0.008190618019359643,0.005956813104988831,0.0014892032762472078,0.03276247207743857,0.01712583767684289,0.03350707371556218,0.006701414743112435,0.017870439314966492,0.024571854058078928,0.020104244229337303,0.0029784065524944155,0.006701414743112435,0.0029784065524944155,0.0,0.029039463886820552,0.0029784065524944155,0.026061057334326135,0.021593447505584513,0.011169024571854059,0.028294862248696945,0.04169769173492182,0.0052122114668652275,0.029784065524944156,0.023827252419955324,0.014892032762472078,0.09307520476545049,0.0029784065524944155,0.05658972449739389,0.018615040953090096,0.035740878629932984,0.06999255398361877,0.05956813104988831,0.008935219657483246,0.03648548026805659,0.02308265078183172,0.005956813104988831,0.06180193596425912,0.0037230081906180195,0.016381236038719285,0.0014892032762472078,0.007446016381236039,0.008935219657483246,0.0014892032762472078,1.0,-0.06712805830737059,0.019916881677811867,-0.008673160208342766,-0.019799000025253036,-0.013684818560190845,0.04294178240643032,0.03430669723247247,0.013359124796787112,0.004722356231301814,-0.03441831460652294,-0.038396812505974105,0.023975435515119325,-0.010330281737225435,0.011181580116779251,-0.022893225831806124,0.01181981372779055,0.024188962722669863,-0.024109248238060058,-0.041925843566455165,0.0011703729637989168,-0.002083958566994681,-0.0403492414135686,0.00485613661643802,0.005990937431983331,-0.003690156003474577,-0.03949497305610082,0.05059998266269318,0.0015449987713284199,0.004872365207793199,-0.03170157574591382,-0.0009330854401819163,-0.037493120116053484,-0.002738267184658215,0.002286092094855229,0.04401087211490391,0.015883701906350425,-0.02387703034257314,0.026943028710843805,0.010738750411817913,-0.004541150762810565,1.0,-0.06717807921520018,0.0155036582436222,-0.006362106722511367,-0.021262330647316082,-0.01627491004193247,0.042042588300095184,0.040594266877097995,0.016366624879011013,0.005497455587154886,-0.03259886813055298,-0.04085151193608481,0.02005328987706606,-0.009170592744162908,0.004704082587203524,-0.025741798834800208,0.010627750623850003,0.033558863212872374,-0.019290438177407426,-0.047247615144070734,-0.005510517782071164,-0.000530121154881055,-0.04169916985949415,-0.004844199596363557,0.00558050760398979,0.00041211541167847685,-0.04059891526252936,0.05227781847385501,0.01460383949384355,0.0007044124405169883,-0.03664019564422268,-0.0026282252991652435,-0.03515169996123121,-0.01434316329890454,-0.002243056356853839,0.045799114524059346,0.022544487744435605,-0.026307089778120237,0.035065968106690125,0.023538887964141147,-0.00522102023477361
3.518621666423484,0.6477520373677361,0.8860759493670886,12.0,104.0,128.0,111.0,95.0,101.0,43.0,46.0,25.0,19.0,17.0,1.0,134.0,113.0,131.0,125.0,113.0,130.0,89.0,129.0,117.0,121.0,125.0,100.0,0.2264957264957265,0.3561253561253561,0.41737891737891736,0.2754029432375613,0.33356692361597756,0.3910301331464611,0.01340282948622487,0.005956813104988831,0.010424422933730455,0.012658227848101266,0.017870439314966492,0.017870439314966492,0.0022338049143708115,0.00967982129560685,0.007446016381236039,0.0022338049143708115,0.04095309009679821,0.006701414743112435,0.03648548026805659,0.004467609828741623,0.016381236038719285,0.018615040953090096,0.0193596425912137,0.0029784065524944155,0.010424422933730455,0.0052122114668652275,0.0052122114668652275,0.03052866716306776,0.007446016381236039,0.03276247207743857,0.008935219657483246,0.020104244229337303,0.02531645569620253,0.04318689501116903,0.004467609828741623,0.04244229337304542,0.02531645569620253,0.010424422933730455,0.08935219657483247,0.0029784065524944155,0.06180193596425912,0.018615040953090096,0.03723008190618019,0.05584512285927029,0.06552494415487714,0.008190618019359643,0.039463886820551006,0.02084884586746091,0.004467609828741623,0.03648548026805659,0.0014892032762472078,0.022338049143708117,0.0029784065524944155,0.006701414743112435,0.004467609828741623,0.0037230081906180195,1.0,-0.0519235609171021,0.046804941732159974,-0.00017072460753015523,0.016673072071303002,0.030226611852207947,-0.018701488416926967,-0.01659581787493359,0.013649048220324672,-0.004497900855190871,0.032468025549157224,-0.022244241361318175,5.667866667660215e-05,0.005304421731089324,-0.025128256534830414,0.02287643649496204,-0.02529427217910302,0.055363829960971535,0.01735987914632523,-0.008626409287215253,0.029737052043550677,-0.029969478223050138,0.017178527924789848,0.021524138518980905,0.024965856426503247,0.05117871595219059,0.006153754098513013,0.005567675184890256,0.025377685838416587,0.028871890199996322,0.02909059332424852,0.01592541683814764,-0.01461754575824282,-0.02754297276327213,0.006448520194127434,-0.002463284040377565,0.013905269584260471,0.01831640823618475,-0.04064027597857727,0.0063116968330281355,0.05016287912157977,1.0,-0.05196225209513275,0.04429426999683342,0.004479210942915855,0.014930213285328757,0.03186903996414963,-0.017206263629166538,-0.021496074220607286,0.013144726277247916,-0.002434796488521275,0.031075212194065296,-0.017319666937576347,-0.004488130727256448,0.005449715429823492,-0.025559379227849264,0.019465231794865128,-0.019171480698405866,0.05298845539027811,0.02401747170327843,-0.01017296343570905,0.025284461299057065,-0.02723612079672822,0.008810292702097836,0.025257207134858333,0.031690462440386924,0.04999958693207153,0.012181398499810347,-0.003272552757797128,0.021481728344802702,0.03344868660149877,0.026173208975015873,0.025023078180637898,-0.017904259931500723,-0.035712386393260014,0.0016480772028051043,-0.006552033374461462,0.020298388628780827,0.02235173469845698,-0.03949800026109653,-0.00043514737727748604,0.050298678469114635
3.521078307723243,0.6352982554302418,0.8868205510052122,3.0,107.0,124.0,114.0,95.0,69.0,57.0,43.0,28.0,27.0,15.0,1.0,134.0,110.0,127.0,123.0,123.0,129.0,103.0,126.0,116.0,123.0,123.0,107.0,0.1683748169838946,0.38653001464128844,0.445095168374817,0.2693905817174515,0.33587257617728533,0.39473684210526316,0.010424422933730455,0.008190618019359643,0.017870439314966492,0.016381236038719285,0.014147431124348473,0.012658227848101266,0.0022338049143708115,0.010424422933730455,0.007446016381236039,0.004467609828741623,0.029784065524944156,0.010424422933730455,0.035740878629932984,0.0029784065524944155,0.017870439314966492,0.02680565897244974,0.01712583767684289,0.0022338049143708115,0.010424422933730455,0.0052122114668652275,0.0029784065524944155,0.021593447505584513,0.0029784065524944155,0.035740878629932984,0.014147431124348473,0.016381236038719285,0.03201787043931496,0.04244229337304542,0.0029784065524944155,0.03052866716306776,0.029784065524944156,0.012658227848101266,0.10796723752792256,0.0022338049143708115,0.06105733432613552,0.024571854058078928,0.028294862248696945,0.06403574087862993,0.054355919583023084,0.00967982129560685,0.03052866716306776,0.02680565897244974,0.007446016381236039,0.03350707371556218,0.0037230081906180195,0.012658227848101266,0.0014892032762472078,0.011913626209977662,0.010424422933730455,0.0022338049143708115,1.0,0.023622551262440443,0.07240716392234232,0.03662709422349934,0.032751298126651535,0.04459180905491697,-0.016245249913205466,0.02399523698775434,-0.035815744871956004,0.03526526378066282,-0.01754807985813942,0.01725885846843695,0.027802908755020034,-0.03763301865160269,0.04927760525538689,-0.014727613367401986,0.02712162807230761,0.006867830421258351,-0.023816370847299026,-0.04013022479150365,0.02790019859558852,-0.004874863816427375,0.014749828404760577,-0.027581606210252338,-0.0029509738882089456,-0.01530879364853255,-0.021515180368495316,0.007203040827170998,-0.03751518961685067,-0.023302806784662213,-0.028977542033824383,0.05413335954306745,0.04686566095970193,-0.053388421916353054,0.00765969027663792,-0.027771772778422927,0.021292458108724918,0.004490105954490422,0.007311793040131914,-0.046046134916358214,0.01727818886680278,1.0,0.023640153759655377,0.07199653261392142,0.033609136466531415,0.02635157456484653,0.03887017180889364,-0.023448537353113696,0.017197866951048402,-0.0380834631068635,0.03333931592875697,-0.016124277246833255,0.016615394500745954,0.027764366150406,-0.038922690277293406,0.04360471224913642,-0.010805964289214608,0.01840167939018881,0.008456788940063877,-0.028933714885875535,-0.04561500694361979,0.03721236247119454,-0.0077082877640245505,0.023366034137950856,-0.03315438960717198,0.0013958304982363164,-0.016891550764515994,-0.022628024056179953,0.012418054158123597,-0.032859956347425646,-0.023676959762554933,-0.017206721070161402,0.059392453331514196,0.052366594327472184,-0.05632388780910939,-0.0027056436345949827,-0.01804451123716948,0.010037457897212238,0.013222878387599316,0.006718745052455627,-0.04550415315694963,0.026316203779153786
3.5092661953320423,0.6316941214857512,0.8883097542814594,7.0,117.0,118.0,114.0,93.0,104.0,44.0,40.0,6.0,16.0,9.0,4.0,134.0,117.0,126.0,124.0,113.0,128.0,111.0,127.0,117.0,122.0,125.0,117.0,0.22470238095238096,0.34077380952380953,0.43452380952380953,0.2662559890485969,0.3258042436687201,0.4079397672826831,0.014892032762472078,0.006701414743112435,0.008190618019359643,0.014147431124348473,0.01563663440059568,0.0193596425912137,0.0007446016381236039,0.010424422933730455,0.00967982129560685,0.0014892032762472078,0.0387192851824274,0.00967982129560685,0.03723008190618019,0.008935219657483246,0.020104244229337303,0.03052866716306776,0.020104244229337303,0.0022338049143708115,0.006701414743112435,0.0037230081906180195,0.005956813104988831,0.0193596425912137,0.0022338049143708115,0.017870439314966492,0.014892032762472078,0.00967982129560685,0.024571854058078928,0.04765450483991065,0.0029784065524944155,0.035740878629932984,0.022338049143708117,0.01340282948622487,0.10349962769918093,0.007446016381236039,0.0573343261355175,0.029039463886820552,0.03201787043931496,0.05658972449739389,0.06254653760238273,0.011169024571854059,0.03127326880119136,0.014147431124348473,0.00967982129560685,0.049143708116157855,0.0022338049143708115,0.018615040953090096,0.0022338049143708115,0.00967982129560685,0.005956813104988831,0.0014892032762472078,1.0,0.025535296331608667,-0.030171372252591176,-0.003829541688069185,0.019196494343026147,0.0019874419179107226,-0.008614683609435753,0.004343945868080507,0.010090238507243388,-0.01417308176862461,-0.012906193701728425,0.006776148363506652,-0.023273739943852668,0.012064085110352722,-0.016415653040402878,-0.004556040221063533,-0.024313745110740016,0.016760733960483342,0.021340277576841093,-0.022840357572831406,-0.03950205339173768,-0.0010993559625448474,0.017694034182632712,-0.02887876584863517,0.013409630393438012,0.01811613906140852,-0.015777140273054952,0.01873969454428401,0.006241330842032159,0.009445782075768874,0.02695703128854787,0.029784750839536602,0.0276535398560618,0.01639917277252264,0.04371375183378699,0.009425562108679059,-0.002659810774415916,-0.033104412913651515,0.02860038009408883,0.00636476304926578,-0.007172589454616107,1.0,0.025554324123211958,-0.03088956566374394,-0.0022563677375014293,0.018510600768513727,0.0008177471570285489,-0.00761077288262189,0.005012567889659945,0.00908979827974958,-0.014635886924991112,-0.011359692813122123,0.006550930384710441,-0.025163505659578568,0.014393296476908254,-0.018107602184186087,-0.003603092418448182,-0.024699542627286897,0.018094642351625365,0.019420238446070822,-0.023367221120405183,-0.036615088806349665,-0.0015542121587378379,0.014633495403428733,-0.029282990004430964,0.017059765109903886,0.01558030876390372,-0.01902070980289223,0.024738361965818256,0.0031688752437261064,0.00873378585996334,0.02736954717971098,0.02970898270524673,0.026276950938360803,0.017829700197309086,0.047072363154807575,0.00302371261808858,-0.0002997260539211861,-0.03147752201642111,0.030666357900674315,0.0016967933512958082,-0.006227413312077082
3.4832165613688866,0.606177705969086,0.8845867460908414,2.0,113.0,129.0,119.0,104.0,84.0,36.0,28.0,21.0,27.0,26.0,4.0,134.0,113.0,131.0,127.0,126.0,130.0,113.0,129.0,123.0,125.0,127.0,113.0,0.1645021645021645,0.39105339105339104,0.4444444444444444,0.2635814889336016,0.33601609657947684,0.40040241448692154,0.01563663440059568,0.0052122114668652275,0.02084884586746091,0.01340282948622487,0.010424422933730455,0.01563663440059568,0.0007446016381236039,0.0022338049143708115,0.0037230081906180195,0.0022338049143708115,0.0379746835443038,0.008190618019359643,0.03425167535368578,0.004467609828741623,0.023827252419955324,0.02084884586746091,0.017870439314966492,0.0007446016381236039,0.011169024571854059,0.007446016381236039,0.0037230081906180195,0.018615040953090096,0.0022338049143708115,0.022338049143708117,0.016381236038719285,0.014147431124348473,0.026061057334326135,0.04318689501116903,0.006701414743112435,0.03127326880119136,0.022338049143708117,0.01340282948622487,0.11988086373790022,0.0037230081906180195,0.04988830975428146,0.022338049143708117,0.03648548026805659,0.06254653760238273,0.06552494415487714,0.014147431124348473,0.029039463886820552,0.016381236038719285,0.008190618019359643,0.049143708116157855,0.0052122114668652275,0.018615040953090096,0.0037230081906180195,0.006701414743112435,0.008190618019359643,0.0029784065524944155,1.0,0.0026207489121455314,-0.009012955204808784,-0.009393786633457527,-0.00014810024049788533,0.01054911053286014,-0.019946131505068042,-0.0205964834359867,-0.016274314891096868,0.03150981477113952,-0.01069875223918477,0.022670528508860928,-0.0006901124215280142,0.006749070925869933,0.059395549847402536,0.01591824430785233,0.01895249070221261,-0.019910143612724772,0.041718169115149625,0.039211162066576204,0.010776716463637889,-0.008078471629777787,-0.02874813930760375,0.023786102422432308,-0.03180242942675214,0.012261711123505135,0.05052481775703527,0.001502386961989271,0.023966904244448622,-0.003052620731070702,0.01609169931012527,-0.019612830591489067,-0.03842492662103035,-0.03839156485114459,0.014347284023675445,0.0074692214068360395,0.017608588685899658,-0.02766598804613457,-0.025652780972341846,0.058633179228426514,-0.032828896875194385,1.0,0.002622701780187375,-0.009033338046335476,-0.009368067226818034,-0.00018120108361213387,0.010421839348036904,-0.020186364519649242,-0.020426153027725803,-0.016446645742908005,0.0311010775941507,-0.011752541561153445,0.02362087579277201,-0.00045711920026837515,0.006614127126032972,0.05880674419620874,0.01682779942476155,0.020552376108628218,-0.017428812928113633,0.04287954193731465,0.04050759006447208,0.012215035547816996,-0.0032189280824631863,-0.02566782796588436,0.02111229901832995,-0.032552017218593694,0.011528243400063578,0.05593566649432691,-0.001932466187825337,0.020394430728734293,-0.006263726858811886,0.012479182159587413,-0.019183118982213643,-0.04531348598084019,-0.03945062193764943,0.008836267560997655,0.005971258047592618,0.02202452335190244,-0.03640742496774915,-0.025798272974816575,0.05160601126138758,-0.0386541234835242
3.496665320160297,0.6365058175136173,0.8845867460908414,4.0,103.0,124.0,112.0,85.0,73.0,27.0,59.0,20.0,6.0,6.0,1.0,134.0,119.0,126.0,121.0,119.0,128.0,77.0,125.0,118.0,113.0,119.0,98.0,0.21935483870967742,0.3596774193548387,0.42096774193548386,0.2770221904080172,0.33715103793843954,0.3858267716535433,0.00967982129560685,0.008935219657483246,0.012658227848101266,0.010424422933730455,0.016381236038719285,0.011913626209977662,0.0014892032762472078,0.007446016381236039,0.0029784065524944155,0.005956813104988831,0.04393149664929263,0.010424422933730455,0.03723008190618019,0.004467609828741623,0.02084884586746091,0.02680565897244974,0.01340282948622487,0.0022338049143708115,0.006701414743112435,0.0037230081906180195,0.0,0.021593447505584513,0.0029784065524944155,0.029784065524944156,0.016381236038719285,0.016381236038719285,0.03052866716306776,0.03648548026805659,0.0037230081906180195,0.04095309009679821,0.023827252419955324,0.017870439314966492,0.10349962769918093,0.0029784065524944155,0.05137751303052867,0.027550260610573342,0.03201787043931496,0.05361131794489948,0.05286671630677588,0.011913626209977662,0.04318689501116903,0.020104244229337303,0.007446016381236039,0.05286671630677588,0.0022338049143708115,0.02084884586746091,0.0014892032762472078,0.010424422933730455,0.004467609828741623,0.0029784065524944155,1.0,-0.009842356498661177,0.0036404819045546375,-0.016456518807709333,-0.01742213355872928,0.02303184963978882,-0.0029310622574188344,0.004722790432091159,-0.016291293403841584,0.05384389397004569,-0.0497719788502834,-0.004082654363816029,0.006445509113289803,-0.05211154657512795,0.014506625227288421,0.006067758312798269,0.009520746609898939,-0.0597628842816541,-0.03844867822215489,0.009022066652668694,0.025252793666752454,-0.008666471238940578,-0.019935306514187026,-0.002339559437406867,-0.0380574559898494,0.03385718188290551,-0.012022862921336683,-0.043218925638399776,0.061969694604916435,-0.002001974569278933,-0.02013650887574108,0.005170963409114389,-0.03480331288165145,-0.03702584886083469,0.034306467621233384,0.0445117836736327,-0.029128409469721523,0.007526588237201171,0.00971025388677647,-0.04088346074039777,0.047756436522840236,1.0,-0.009849690594412775,0.0035492393374026454,-0.01642441952684407,-0.01781598154795729,0.022900181387219103,-0.0026430479757111173,0.003945233267124379,-0.015847935627406332,0.05466183239737198,-0.04974279149354684,-0.005523948009633768,0.007808110597743375,-0.05173031572301659,0.009408887750372526,0.00956022019232092,0.007444339434876375,-0.06075936909576746,-0.04143142246536383,0.014269474512445817,0.022775319535751647,-0.015574196209991974,-0.01243847220578305,-0.005981252708550796,-0.03928711716120247,0.03168796964374665,-0.008151079470327784,-0.046689233751442995,0.0591169692353957,0.0012243391432594456,-0.028283422344233797,0.0040897005790180435,-0.031794328750944144,-0.034596644535086075,0.0236268044090365,0.04342789996735856,-0.02815164503953243,-0.0032254276877684406,0.02558935146442525,-0.045101272197307626,0.035592677789957894
3.486282246613065,0.6232442951611412,0.8816083395383469,12.0,120.0,128.0,117.0,97.0,80.0,26.0,38.0,14.0,19.0,15.0,1.0,134.0,125.0,131.0,125.0,125.0,130.0,103.0,129.0,125.0,124.0,123.0,109.0,0.19490254872563717,0.37031484257871067,0.43478260869565216,0.26500337154416725,0.33648010788941335,0.3985165205664194,0.0193596425912137,0.005956813104988831,0.008190618019359643,0.012658227848101266,0.011913626209977662,0.016381236038719285,0.0022338049143708115,0.011913626209977662,0.006701414743112435,0.0029784065524944155,0.04095309009679821,0.011913626209977662,0.03723008190618019,0.005956813104988831,0.014892032762472078,0.03350707371556218,0.01563663440059568,0.004467609828741623,0.007446016381236039,0.005956813104988831,0.0029784065524944155,0.021593447505584513,0.0,0.034996276991809384,0.010424422933730455,0.012658227848101266,0.022338049143708117,0.03723008190618019,0.0029784065524944155,0.02680565897244974,0.028294862248696945,0.01563663440059568,0.10349962769918093,0.0037230081906180195,0.054355919583023084,0.024571854058078928,0.05063291139240506,0.0573343261355175,0.07073715562174236,0.011169024571854059,0.029039463886820552,0.01563663440059568,0.004467609828741623,0.040208488458674606,0.0014892032762472078,0.018615040953090096,0.0037230081906180195,0.011169024571854059,0.007446016381236039,0.03648548026805659,1.0,0.03623754126206301,-0.008754945313604377,-0.02529333023839855,0.01271293450532583,-0.02305605600521173,-0.0030593227044618115,-0.0005924487507221083,-0.004570729634993281,-0.030804887166778743,-0.013133222392908851,-0.0151192527008898,-0.05318068782627883,0.024655364951856978,0.01255700287298938,0.008919923368887752,0.03407814689582892,0.03385928168843776,0.02706030103797841,-0.01060672555389123,0.024667135673724288,-0.004094184485178902,-0.008608638537907757,0.025041605804704704,0.008337260802438762,-0.022405155047049537,-0.009534763266934712,-0.0174511872202328,0.01546366340028448,-0.02890832928004199,-0.039594768081438775,-0.0006982473732931086,0.03269898974875431,-0.00839598576686642,-0.00687414231995254,0.005255357865731667,-0.002002393357302047,-0.005743376943487096,0.017578241944017286,0.0025866388112764553,-0.03266654558053096,1.0,0.03626454390085739,-0.01009639774198345,-0.024697632470970687,0.01451764565201171,-0.02464307484644717,-0.001712202035549293,-0.00014330516018862943,-0.006042118015617018,-0.03016473242713965,-0.011630575740976045,-0.015322233164713463,-0.05445822574644787,0.02866098049471961,0.00782391893422597,0.00559035392581124,0.03654274237929115,0.028945275117032262,0.026022987026687157,-0.01073795717999623,0.026269616235882864,-0.007593995415578605,-0.0074349118855735535,0.02925366246834554,0.003672255133495923,-0.01627772441623899,-0.003091893566089158,-0.015260835757033867,0.02112121602250886,-0.027649869012698395,-0.039765963821012607,-0.0010166360732654586,0.0327385945599715,-0.015479106362611095,-0.010158041337241184,0.007535384826764946,-0.008530683636945402,-0.0073519999285155966,0.016500936371160152,-0.003832431402936441,-0.034629547341255944
3.50322319160646,0.6181041649103436,0.885331347728965,23.0,105.0,125.0,116.0,85.0,59.0,21.0,52.0,11.0,10.0,13.0,1.0,133.0,108.0,129.0,122.0,118.0,125.0,97.0,125.0,112.0,122.0,115.0,109.0,0.21578099838969403,0.357487922705314,0.42673107890499196,0.2706713780918728,0.334982332155477,0.3943462897526502,0.016381236038719285,0.008190618019359643,0.014892032762472078,0.01563663440059568,0.01340282948622487,0.012658227848101266,0.0014892032762472078,0.0052122114668652275,0.0022338049143708115,0.0029784065524944155,0.0379746835443038,0.008190618019359643,0.03127326880119136,0.0052122114668652275,0.018615040953090096,0.022338049143708117,0.01712583767684289,0.0014892032762472078,0.004467609828741623,0.007446016381236039,0.004467609828741623,0.03127326880119136,0.0029784065524944155,0.027550260610573342,0.014147431124348473,0.01340282948622487,0.02680565897244974,0.04393149664929263,0.0014892032762472078,0.03201787043931496,0.02680565897244974,0.012658227848101266,0.10052122114668652,0.0022338049143708115,0.049143708116157855,0.03350707371556218,0.0379746835443038,0.05212211466865227,0.0759493670886076,0.014147431124348473,0.0379746835443038,0.014147431124348473,0.006701414743112435,0.04169769173492182,0.005956813104988831,0.017870439314966492,0.0022338049143708115,0.00967982129560685,0.011169024571854059,0.0022338049143708115,1.0,0.0027129814220492893,0.006096710702697061,-0.03767671583066141,0.006991065872663495,0.07094494883590748,0.07592083264576256,0.012442545011711258,-0.05647888843903831,-0.015514331142980627,-0.014680696719020461,0.013038165613629091,0.004524503702224685,-0.016022725486736982,0.021380301341943127,0.026589888338399616,-0.021974440018197167,0.0148105061068668,-0.005648392404972816,-0.027898619286097135,-0.01412901585669617,-0.06043783497024176,0.009817737746643688,8.733343484600504e-05,-0.021668008818342514,0.0030836190677253107,0.036538913629541224,-0.022676703972682354,0.051628946858298275,0.013455281391943429,-0.008715229145902302,-0.01168250825539365,0.0493713596695218,-0.006436699306324071,0.004345521556760324,-0.031223809654478456,-0.025196208996786672,-0.0020533792170176137,0.0068986482589227256,0.0010602035781543,-0.014529156934421503,1.0,0.0027150030177438117,0.006098477197212566,-0.037795784520289796,0.007197909800471735,0.07174081732728327,0.0748247817016235,0.012112334660790765,-0.05331604805527551,-0.011772734627869999,-0.019372412661779217,-0.0013365543157592258,-0.0026019036664086947,-0.011426854700491462,0.03275600536196055,0.03371451733210493,-0.024815858753396307,0.014222876220313528,-0.004255326299861849,-0.03291025435887525,-0.021612106160553885,-0.0660555511193556,0.011689208590503845,0.004009068010135566,-0.02230622602157033,0.014313862219034721,0.04995624115516763,-0.018032455010757727,0.050711894875627675,0.008577022013004058,-0.01078615968500933,-0.016746636307871453,0.04383217572028973,-0.010435738394042604,-0.0011409206222150097,-0.027771708969411918,-0.014531495499812207,-0.008248162185971922,0.003947457546825659,-0.0016965168978169088,-0.01521917327806688
3.5021571117376844,0.6034398208215472,0.8823529411764706,8.0,113.0,119.0,113.0,79.0,79.0,26.0,39.0,10.0,4.0,5.0,2.0,133.0,113.0,125.0,118.0,115.0,125.0,109.0,120.0,113.0,118.0,117.0,115.0,0.21105527638190955,0.34505862646566166,0.4438860971524288,0.2660098522167488,0.32653061224489793,0.4074595355383533,0.023827252419955324,0.0052122114668652275,0.010424422933730455,0.012658227848101266,0.018615040953090096,0.010424422933730455,0.0,0.0022338049143708115,0.010424422933730455,0.0022338049143708115,0.03648548026805659,0.008190618019359643,0.03350707371556218,0.006701414743112435,0.02531645569620253,0.023827252419955324,0.024571854058078928,0.0029784065524944155,0.0037230081906180195,0.005956813104988831,0.004467609828741623,0.022338049143708117,0.0052122114668652275,0.03127326880119136,0.01563663440059568,0.010424422933730455,0.028294862248696945,0.040208488458674606,0.0052122114668652275,0.035740878629932984,0.024571854058078928,0.01340282948622487,0.09977661950856292,0.0022338049143708115,0.058823529411764705,0.022338049143708117,0.035740878629932984,0.05361131794489948,0.06701414743112435,0.006701414743112435,0.028294862248696945,0.014892032762472078,0.00967982129560685,0.05212211466865227,0.0007446016381236039,0.016381236038719285,0.0022338049143708115,0.008190618019359643,0.011913626209977662,0.0052122114668652275,1.0,-0.0033619766775237806,-0.027350015684501322,0.04857273864350803,-0.005882459970832923,0.042562011571047026,0.033853445648071426,-0.03534488165281818,-0.06919560836560938,-0.02126347287739976,-0.000215655163769803,-0.025359858492663867,-0.009842574226644443,-0.03473875121986973,-0.04241553559709791,0.032001837852025844,0.02233153042646368,-0.01837903273625922,-0.006879329222003712,0.03059496962413683,-0.007481134296784409,-0.006395005722106026,-0.006195392309821781,-0.007819011163950505,0.0013527429685640383,-0.013541296481001067,0.013605918720976806,0.034977313069964606,-0.011813578147102887,-0.032371999327920495,-0.0010901774236682794,0.022887865716882855,0.03367854853183468,0.010770016194623625,0.032841828645737724,-0.011742017818799208,-0.0008120088596268348,-0.019723275650595954,-0.016381761676324446,0.014278470306578639,-0.0254483279979628,1.0,-0.0033644818762402708,-0.027402436089478732,0.04853159842936905,-0.0063991312759859795,0.04549568157640167,0.03161825059270041,-0.032474287420397985,-0.07274769612883218,-0.026811243557429653,-0.002619041517306363,-0.023272580493390295,-0.006531816045015367,-0.02827347659426033,-0.03614984624640551,0.02799044061280916,0.019929858708445807,-0.014417095738557232,-0.008543249496955547,0.030249402427825364,-0.010691969158043263,-0.015973939193103585,-0.015627550776338598,-0.0027611124589510144,0.0009738121463162305,-0.018535387001571455,0.015977522858785217,0.03942392662987373,-0.0086767682517681,-0.03289914514862248,-0.005695195016607388,0.01925993219558089,0.03414740717577354,0.012419779153113677,0.037763877145956005,-0.009620414628778738,-0.0035550859653102475,-0.03319048964185776,-0.019973307330409595,0.014675512226571161,-0.016286353262824484
3.4981134283509543,0.6239566627143982,0.8883097542814594,4.0,109.0,115.0,115.0,75.0,82.0,30.0,21.0,13.0,13.0,6.0,14.0,134.0,108.0,122.0,122.0,117.0,120.0,105.0,124.0,109.0,111.0,119.0,110.0,0.17922948073701842,0.36180904522613067,0.45896147403685095,0.2698072805139186,0.32762312633832974,0.4025695931477516,0.016381236038719285,0.007446016381236039,0.01340282948622487,0.01563663440059568,0.02084884586746091,0.00967982129560685,0.0022338049143708115,0.008190618019359643,0.0022338049143708115,0.0037230081906180195,0.04616530156366344,0.006701414743112435,0.027550260610573342,0.006701414743112435,0.0193596425912137,0.02680565897244974,0.012658227848101266,0.0037230081906180195,0.010424422933730455,0.006701414743112435,0.0014892032762472078,0.020104244229337303,0.0014892032762472078,0.03127326880119136,0.017870439314966492,0.00967982129560685,0.027550260610573342,0.04318689501116903,0.0029784065524944155,0.0387192851824274,0.023827252419955324,0.016381236038719285,0.11243484735666419,0.006701414743112435,0.04616530156366344,0.018615040953090096,0.044676098287416234,0.06403574087862993,0.05956813104988831,0.0037230081906180195,0.03201787043931496,0.01340282948622487,0.010424422933730455,0.0379746835443038,0.007446016381236039,0.017870439314966492,0.0022338049143708115,0.012658227848101266,0.007446016381236039,0.0014892032762472078,1.0,0.043764832301056836,0.04915315980489434,0.009564243888474834,-0.014181620145758947,-0.02213757762089631,0.045654913039649886,0.026517856768028106,0.014199570678726878,0.03462114242426937,0.02566858261033208,0.03191383705738365,0.015000612001824112,0.04358087535396151,0.010645473469548066,-0.01607715214196853,0.010560721993332554,0.021907778298033177,-0.011722238776354752,0.05509748215758124,0.029392484326185558,0.03065092352678513,0.014594795455608132,0.031404230390441594,0.01158550293989695,0.009207596837120103,0.047691633593709,0.018743738874144256,0.05864940034486264,0.02448430547783343,-0.023832999623084748,0.014735171713750387,-0.04693364362421293,0.0252966798956495,-0.0015328180818324226,0.034413962803906156,0.025516567924830858,-0.002311176122746092,0.003284252574738647,-0.031580525902356445,-0.014235944561778653,1.0,0.04379744394956731,0.047399173783949734,0.005478687113731389,-0.017255727524375163,-0.021735858314465676,0.049391730762302785,0.025277097663189304,0.007629756959828445,0.030062157808928937,0.02290105923552596,0.030191193173999563,0.009224663920717266,0.03927218133994351,0.00675062178390529,-0.02253340384559482,0.00896279081549968,0.02089259502919963,-0.01605624853891981,0.048668707584155965,0.02109405942297864,0.024553766372867523,0.006280168497605965,0.0248836074069958,0.010648083026273797,0.002691646934937824,0.04268101641890001,0.011723679232823194,0.0525629086259513,0.013297357784500786,-0.03923033761998052,0.014458927004568885,-0.0561885716715605,0.023263062740583592,-0.008571172190934678,0.02491043456508264,0.017759844488688434,-0.016305951999992553,0.00061287516678644,-0.0406272616910665,-0.01708572084126861
3.4397511887959467,0.6187955608612785,0.8830975428145942,5.0,112.0,128.0,116.0,103.0,65.0,30.0,18.0,12.0,5.0,9.0,5.0,134.0,115.0,131.0,125.0,126.0,130.0,107.0,129.0,113.0,117.0,117.0,106.0,0.14473684210526316,0.3881578947368421,0.46710526315789475,0.2710344827586207,0.3317241379310345,0.3972413793103448,0.011913626209977662,0.006701414743112435,0.011169024571854059,0.00967982129560685,0.016381236038719285,0.020104244229337303,0.0014892032762472078,0.004467609828741623,0.0029784065524944155,0.0022338049143708115,0.049143708116157855,0.008190618019359643,0.0379746835443038,0.008190618019359643,0.022338049143708117,0.027550260610573342,0.00967982129560685,0.004467609828741623,0.006701414743112435,0.0037230081906180195,0.0029784065524944155,0.022338049143708117,0.0007446016381236039,0.021593447505584513,0.0193596425912137,0.012658227848101266,0.022338049143708117,0.04616530156366344,0.005956813104988831,0.029784065524944156,0.027550260610573342,0.010424422933730455,0.114668652271035,0.005956813104988831,0.05658972449739389,0.020104244229337303,0.029039463886820552,0.06105733432613552,0.06254653760238273,0.011913626209977662,0.03425167535368578,0.02308265078183172,0.0052122114668652275,0.06105733432613552,0.0007446016381236039,0.01340282948622487,0.0014892032762472078,0.0052122114668652275,0.0037230081906180195,0.0029784065524944155,1.0,0.013556850293027901,0.02430798260189015,-0.041711620506561534,0.012339026417434222,0.023950152256464775,-0.019073838882601626,-0.003486654862282057,-0.008302246134284824,-0.0027915730359850902,-0.014129317582037334,0.032219753033341555,0.006778737117179542,-0.0034433516897976815,0.034656797189896456,0.01563493529407605,0.03181914995170355,0.027336010195293286,-0.006041134937566797,0.022974028695900116,0.020670026337870195,-0.023940241186900427,0.06717936426134442,-0.011917456853887821,-0.00042025978574657564,0.01006790963025533,0.014718776631771084,0.05086699731971436,0.02157797095054613,-0.023189107645306118,0.01669584951891903,-0.002628870926518495,-0.03458366399532527,0.0010512411791808198,0.07141386832889307,-0.01970658008568589,-0.0077235618307139875,-0.05399239357397222,-0.02342116720181965,0.012199843320818426,0.06717746201943593,1.0,0.013566952267910937,0.02416462171752181,-0.04248776673118514,0.012980116885799005,0.025810027113023812,-0.022366521954992908,-0.0030827585640555905,-0.005241251803724915,-0.004878749208226065,-0.014213414432047017,0.03377529570692742,0.006183153859215888,-0.0063580019768729465,0.038188748556539004,0.015306784055143238,0.027060120365694,0.030505634048333535,-0.007464254261095705,0.022709327884215254,0.0235947780604288,-0.027286256477108146,0.07025638991261393,-0.00990286257710974,-0.00590447468014419,0.01689579977871822,0.014017480237334587,0.046435952868075406,0.02182645159290158,-0.026072758603998124,0.01849896670287306,-0.006512028748732212,-0.03894653321157396,-0.0010192251167540642,0.07524896542690689,-0.026113946469465455,-0.01618340933516424,-0.046447516026196047,-0.033800334633263006,0.004169277977945349,0.07560017168342863
3.4743166763043396,0.6160607816936101,0.8845867460908414,21.0,96.0,120.0,110.0,78.0,81.0,18.0,21.0,12.0,15.0,6.0,2.0,133.0,97.0,128.0,114.0,117.0,117.0,95.0,119.0,104.0,109.0,110.0,101.0,0.2120689655172414,0.3706896551724138,0.41724137931034483,0.27455357142857145,0.33035714285714285,0.3950892857142857,0.018615040953090096,0.0052122114668652275,0.011913626209977662,0.011913626209977662,0.01712583767684289,0.014892032762472078,0.0014892032762472078,0.007446016381236039,0.004467609828741623,0.005956813104988831,0.03648548026805659,0.008935219657483246,0.034996276991809384,0.0037230081906180195,0.020104244229337303,0.022338049143708117,0.018615040953090096,0.0037230081906180195,0.005956813104988831,0.004467609828741623,0.0037230081906180195,0.020104244229337303,0.004467609828741623,0.023827252419955324,0.01563663440059568,0.011169024571854059,0.03276247207743857,0.04244229337304542,0.0029784065524944155,0.03052866716306776,0.023827252419955324,0.011169024571854059,0.10275502606105734,0.004467609828741623,0.05361131794489948,0.02308265078183172,0.03276247207743857,0.06924795234549516,0.08041697691734921,0.008935219657483246,0.040208488458674606,0.014147431124348473,0.007446016381236039,0.044676098287416234,0.0029784065524944155,0.01563663440059568,0.0022338049143708115,0.00967982129560685,0.006701414743112435,0.0,1.0,0.048178618798756984,0.049187554263291716,0.08955637971626715,0.032761854109686024,0.03658789709572533,-0.008983021848863296,0.007501076989021958,0.05116785650506386,-0.005649467222357995,-0.012005770803667326,0.03137782236151291,0.007435379829980008,0.006060100375277148,-0.002696333338865179,-0.01607808072188288,0.03681745176967304,-0.03692738007979067,0.032956248230479976,-0.0019712870952612637,-0.0016674088758057216,0.0581373700565898,0.0400932077195891,0.02556081031782997,-0.031183998359179364,-0.010873277805405398,0.0018587037687030727,0.04488521895116007,-0.013378716787734312,0.021814252981306726,0.01625878169563184,0.045602348968039545,-0.03171063029851722,0.020933923621738716,0.03998995961752158,-0.0011176656721644535,-0.006181881528478343,-0.0031375496387348587,0.00242946435863647,-0.023393548429731393,-0.0565831768453924,1.0,0.048214519408890204,0.047045638062155275,0.08561330952822413,0.023119188698372182,0.02667742557246765,-0.02193276030049554,0.0012744653427956816,0.04684203998683486,-0.009093505571507633,-0.016668793319647806,0.026239990183768755,0.0047117369857473355,0.003308871522772052,-0.005745417383976354,-0.018848007863542193,0.034064654409997286,-0.03744929408617639,0.03852254254529466,-0.009752199369251707,0.0008242066786398501,0.05460780216063574,0.03921615078806456,0.01667301967251806,-0.04984097493068212,-0.01624509693829525,-0.004181097030751686,0.05215882248559,-0.010646449967499881,0.01600060655490387,0.004412282280506141,0.046645261710044586,-0.04379748826718279,0.023187500803333642,0.024990759131990385,-0.0010674913575570884,-0.009152778032304342,-0.007854931031288408,-0.0017708999725068997,-0.03183974961745686,-0.04889078075966308
3.5109418556911547,0.6389428711451,0.8845867460908414,3.0,111.0,119.0,112.0,90.0,82.0,44.0,61.0,37.0,25.0,8.0,2.0,134.0,111.0,126.0,121.0,116.0,128.0,111.0,121.0,111.0,112.0,115.0,111.0,0.21037463976945245,0.3804034582132565,0.4092219020172911,0.2702893436838391,0.32462949894142556,0.4050811573747354,0.011913626209977662,0.005956813104988831,0.020104244229337303,0.01712583767684289,0.022338049143708117,0.005956813104988831,0.0037230081906180195,0.0029784065524944155,0.005956813104988831,0.0014892032762472078,0.040208488458674606,0.011169024571854059,0.03052866716306776,0.004467609828741623,0.014147431124348473,0.023827252419955324,0.02084884586746091,0.0037230081906180195,0.008190618019359643,0.005956813104988831,0.0022338049143708115,0.01712583767684289,0.0052122114668652275,0.029784065524944156,0.017870439314966492,0.010424422933730455,0.023827252419955324,0.04169769173492182,0.0014892032762472078,0.03648548026805659,0.018615040953090096,0.011913626209977662,0.0960536113179449,0.0037230081906180195,0.05137751303052867,0.03425167535368578,0.03276247207743857,0.06329113924050633,0.0766939687267312,0.01563663440059568,0.035740878629932984,0.024571854058078928,0.010424422933730455,0.03425167535368578,0.0029784065524944155,0.017870439314966492,0.0037230081906180195,0.008935219657483246,0.008190618019359643,0.0022338049143708115,1.0,0.05612016235125088,0.006342844999485739,-0.010504121049881672,0.03074162904615971,0.045379526556986224,-0.01084641564892677,-0.03759979770881417,-0.0050366992132814085,-0.003663501563355175,0.004772809886234196,-0.0393066238781507,-0.006841578929479387,0.0351763177832835,0.009842556579004517,-0.03760122672040807,0.033539676261966786,-0.015460732158684272,0.002876130135278483,0.026107749291535767,0.015355693461012255,0.012061421969231833,-0.0035240320623600037,-0.03120942411368329,-0.010061743605983439,0.012835460820666026,-0.02200603548503823,-0.02549836912592379,-0.016765290295240372,0.03095545283779606,-0.03374124304296937,-0.001143805754184998,0.024163981958726096,0.025249986985968562,0.020965605267163123,0.015501723597384444,-0.01937195592768845,-0.006815139676783816,-0.005296766632322419,-0.004014153215105137,-0.061671195960793894,1.0,0.056161980654046165,0.0032082561809379166,-0.011098553792679006,0.03212779576113595,0.04231010665818065,-0.01633427708506953,-0.0362706620103831,-0.0006849416225338064,-0.005905135136571171,0.0033410436836193327,-0.0370056609549924,0.0004447223244301844,0.036461800475639274,0.003919070236123653,-0.038353692809961454,0.04271352454692785,-0.021640549707338027,-0.003108245318191794,0.02998933289699393,0.015761501104562665,0.007970851907233872,-0.005611232942684964,-0.03167447335334649,-0.008505561157769216,0.015050740558810264,-0.028542350267834134,-0.0178207387623587,-0.007597398577536025,0.029711588344548852,-0.04018443851241353,0.009893394634887044,0.025096755713675006,0.0196407195732746,0.014641633900139102,0.01491040704888723,-0.017949250707440606,-0.011455196633341153,-0.011548379052323015,-0.003843972963019087,-0.05762884491575709
3.4814266215960536,0.6375090718380438,0.8793745346239762,0.0,108.0,121.0,116.0,86.0,89.0,32.0,40.0,13.0,10.0,15.0,3.0,134.0,109.0,123.0,123.0,119.0,124.0,99.0,127.0,111.0,110.0,113.0,108.0,0.2037914691943128,0.35545023696682465,0.44075829383886256,0.275,0.33071428571428574,0.3942857142857143,0.011913626209977662,0.006701414743112435,0.006701414743112435,0.00967982129560685,0.017870439314966492,0.01712583767684289,0.0014892032762472078,0.0029784065524944155,0.004467609828741623,0.0037230081906180195,0.03127326880119136,0.01340282948622487,0.04839910647803425,0.0052122114668652275,0.016381236038719285,0.027550260610573342,0.02084884586746091,0.0022338049143708115,0.008935219657483246,0.005956813104988831,0.005956813104988831,0.02531645569620253,0.0029784065524944155,0.024571854058078928,0.008935219657483246,0.014892032762472078,0.03350707371556218,0.03425167535368578,0.004467609828741623,0.035740878629932984,0.029039463886820552,0.01340282948622487,0.10498883097542815,0.0037230081906180195,0.05286671630677588,0.022338049143708117,0.0379746835443038,0.06031273268801191,0.06552494415487714,0.0037230081906180195,0.03425167535368578,0.020104244229337303,0.006701414743112435,0.04765450483991065,0.0014892032762472078,0.022338049143708117,0.0037230081906180195,0.00967982129560685,0.005956813104988831,0.0007446016381236039,1.0,0.025764332865315268,0.040385930511611406,0.05219230889700632,0.00773489462574197,0.05205164921902919,0.016036067995140207,0.03175726917850123,0.01536663157518031,0.03724672378550445,0.006375801921558122,0.023497803762106233,-0.01333124357733498,0.022458709033612433,-0.050577140202544967,0.015518098060413094,-0.003481116066449404,-0.034215927719592705,0.03808429041801726,-0.05016973053547208,0.023427661541405017,0.011527121556662261,0.025892376941842855,0.043663900687327,-0.04080511496630687,0.008785603372392896,-0.044766257118748584,0.03690186164902667,0.02172291593736762,0.008040773313601573,0.014524105424169053,-0.006420759434033201,0.042753484576541934,0.018696431007724383,0.03248816496947639,-0.008919137776912906,-0.01947383681977478,-0.011792216704811256,-0.00814152764941836,0.006011207812511263,0.03135252809844519,1.0,0.025783531324976437,0.039807836453586785,0.050394746830985875,0.0037267691111071873,0.04816163779353053,0.010852988411476435,0.027181295211870272,0.008197400822116816,0.033331120324624645,-0.0014053269625475928,0.018655889633523624,-0.02124353282420434,0.019931108423815767,-0.05805157552614294,0.01689873094320666,-0.0071202099601358135,-0.030165197568617127,0.03523416888860476,-0.045466662619289014,0.024646921854517147,0.014297828071880595,0.030777827029419495,0.042574281873371755,-0.04415686754626653,0.006818016223222778,-0.049390650475077784,0.041862860819127,0.017840162958538856,0.00805530991851026,0.010393945271902214,-0.015179810036791273,0.04647263424902203,0.009817320077585515,0.031233839965321582,-0.011709226063811362,-0.03281764989904498,-0.005938182751333449,-0.022571535629408737,0.013759404225684575,0.02750396516739488
3.448663133292973,0.605700935727711,0.8875651526433358,14.0,78.0,117.0,119.0,89.0,99.0,7.0,60.0,14.0,16.0,11.0,1.0,134.0,94.0,127.0,123.0,118.0,130.0,27.0,127.0,111.0,109.0,119.0,101.0,0.2768,0.3808,0.3424,0.2962121212121212,0.34924242424242424,0.35454545454545455,0.011913626209977662,0.004467609828741623,0.010424422933730455,0.011913626209977662,0.014892032762472078,0.010424422933730455,0.0007446016381236039,0.008190618019359643,0.004467609828741623,0.0022338049143708115,0.04318689501116903,0.007446016381236039,0.05137751303052867,0.0022338049143708115,0.018615040953090096,0.027550260610573342,0.01340282948622487,0.004467609828741623,0.007446016381236039,0.0029784065524944155,0.0014892032762472078,0.03276247207743857,0.0029784065524944155,0.040208488458674606,0.010424422933730455,0.014892032762472078,0.0387192851824274,0.05212211466865227,0.0037230081906180195,0.03723008190618019,0.020104244229337303,0.011913626209977662,0.07967237527922562,0.0029784065524944155,0.04393149664929263,0.020104244229337303,0.0573343261355175,0.06478034251675353,0.06701414743112435,0.006701414743112435,0.03648548026805659,0.012658227848101266,0.004467609828741623,0.044676098287416234,0.0022338049143708115,0.014892032762472078,0.0037230081906180195,0.0052122114668652275,0.005956813104988831,0.0022338049143708115,1.0,0.053488727291328926,0.04750836896260287,0.04325158068727183,0.015943234923892054,0.024012849714049555,0.046495675216537476,0.0015569889206540311,0.014192009221084177,0.014887539161175842,0.057172622677442456,0.034626262576371185,0.026414524969615442,0.05791515667706516,0.004292581897534259,0.019196521873023484,0.023711581697737346,0.004354620846186991,0.032895479966237436,0.0014603759010865971,-0.0031922580497825157,0.010378477197918443,0.01414234545754849,-0.033671113198299685,0.03055241393146852,0.028346043779435507,0.015322504129495696,0.021473009980709234,0.026227396686923123,-0.024909565381264927,-0.03828697122626902,0.0009560796501294658,-0.05499246524724541,0.023671345523513854,-0.03194388449103911,-0.009695289144615125,-0.02337257973786016,0.023393895524232204,0.007633414315099955,0.0012511271224120554,0.04360093357136736,1.0,0.053528584763230073,0.04484240206782765,0.03870392369359918,0.009800933323543815,0.019260217277678734,0.04207404670339043,-0.005673905743678362,0.00889462360937665,0.010201069747602562,0.05464794774930791,0.026186032268494794,0.016276930854346616,0.04994718797358504,-0.007130993187356072,0.010245379615720848,0.012836218360453705,-0.002235460902109385,0.026745943289887754,-0.008825878222885967,-0.009256511184789781,0.003185180436124258,0.008931254093104163,-0.043819722614187526,0.027840378901359264,0.026062718925914875,0.007871787797922133,0.014880272805782229,0.017603333976720002,-0.03121158285537118,-0.044951920392540416,-0.00024143425565619997,-0.05457289042581226,0.03378407096842066,-0.03524594131931224,-0.00557522063111432,-0.01995807452296227,0.023458363365389354,0.007478031091061916,-0.0007393953371230507,0.050069132585446596
3.5134152825268075,0.6470146435097499,0.8845867460908414,7.0,110.0,124.0,119.0,105.0,76.0,63.0,39.0,22.0,14.0,5.0,3.0,134.0,123.0,127.0,123.0,122.0,128.0,117.0,125.0,124.0,123.0,123.0,117.0,0.17758369723435224,0.3784570596797671,0.44395924308588064,0.2604306864064603,0.3310901749663526,0.4084791386271871,0.01712583767684289,0.007446016381236039,0.010424422933730455,0.010424422933730455,0.012658227848101266,0.011169024571854059,0.0022338049143708115,0.008190618019359643,0.0052122114668652275,0.004467609828741623,0.04765450483991065,0.011913626209977662,0.03201787043931496,0.006701414743112435,0.01712583767684289,0.02308265078183172,0.0193596425912137,0.0022338049143708115,0.008935219657483246,0.006701414743112435,0.0029784065524944155,0.02308265078183172,0.0052122114668652275,0.026061057334326135,0.016381236038719285,0.014147431124348473,0.029039463886820552,0.039463886820551006,0.004467609828741623,0.03723008190618019,0.024571854058078928,0.008935219657483246,0.10796723752792256,0.0029784065524944155,0.06031273268801191,0.020104244229337303,0.039463886820551006,0.045420699925539834,0.06478034251675353,0.008935219657483246,0.03425167535368578,0.020104244229337303,0.00967982129560685,0.04393149664929263,0.004467609828741623,0.016381236038719285,0.0007446016381236039,0.014892032762472078,0.008190618019359643,0.0007446016381236039,1.0,-0.019173356125520645,0.035852323811681866,-0.017390472568794314,-0.021348595607387093,0.02122808159987243,-0.04971433447610944,0.04710850386824123,-0.03588735419865601,-0.003992989203979699,0.048237352107813276,-0.018743462358750223,0.006708393070194439,-0.04849215234725559,-0.03920583400329307,-0.012394214418829774,-0.012773837239488788,0.06818598220379773,0.06477489774113743,-0.03317422203498993,-0.009419201532559833,0.014295490908595979,0.034451427901308854,-0.01493889325463001,0.014716352902048145,0.03157184488429649,-0.009157340015968532,0.02350020482804976,-0.001405450710132816,-0.016318639641964422,0.028922755076765574,-0.023254671387869488,0.009839619007488802,-0.0127355673727924,0.04647661739757058,0.014255307537140681,-0.024277854317590834,-0.03816720449205803,0.036598031514793884,0.01727809804678112,-0.014273767211745097,1.0,-0.019187643276135806,0.0355507177377637,-0.01610909983489992,-0.023343932226987593,0.02174260759254149,-0.047978069919005197,0.043563635985648635,-0.031109763238862116,-0.009062250281537588,0.05023657720443145,-0.014603159031604125,-0.002829121098436594,-0.040939895679849556,-0.045255277924114316,-0.010608265003985384,-0.007443111930644214,0.060769982610433954,0.07430988346233744,-0.0408618844359894,-0.016038442059184303,0.02301840527432406,0.0318961867988907,-0.009486810243523464,0.016387955048359888,0.03155609979166572,-0.0030524784396901324,0.01085143110622556,-0.005721517293363419,-0.017502830070231217,0.0391162340070051,-0.010742344682731565,0.005121479981651561,-0.005239836487183245,0.04163266001669469,0.007426460780862605,-0.02064278673008275,-0.04032509353382591,0.04985624605993094,0.013882083776408332,-0.018724233286302742
3.4514871451322504,0.6232897331380376,0.8808637379002234,4.0,71.0,118.0,114.0,68.0,83.0,9.0,38.0,20.0,14.0,7.0,0.0,134.0,89.0,124.0,122.0,112.0,128.0,31.0,126.0,103.0,103.0,121.0,83.0,0.22893772893772893,0.3956043956043956,0.37545787545787546,0.30407523510971785,0.3448275862068966,0.3510971786833856,0.008190618019359643,0.007446016381236039,0.012658227848101266,0.011913626209977662,0.010424422933730455,0.008190618019359643,0.0022338049143708115,0.014892032762472078,0.0037230081906180195,0.0029784065524944155,0.039463886820551006,0.008190618019359643,0.03648548026805659,0.0052122114668652275,0.014892032762472078,0.0193596425912137,0.0193596425912137,0.0022338049143708115,0.010424422933730455,0.005956813104988831,0.0014892032762472078,0.026061057334326135,0.0014892032762472078,0.03201787043931496,0.008935219657483246,0.010424422933730455,0.03648548026805659,0.05212211466865227,0.004467609828741623,0.04318689501116903,0.028294862248696945,0.007446016381236039,0.09903201787043932,0.0022338049143708115,0.04765450483991065,0.014892032762472078,0.04244229337304542,0.058823529411764705,0.08339538346984364,0.006701414743112435,0.04095309009679821,0.011169024571854059,0.008190618019359643,0.04393149664929263,0.0037230081906180195,0.016381236038719285,0.004467609828741623,0.00967982129560685,0.006701414743112435,0.0029784065524944155,1.0,0.0610927215026525,0.06810852853561301,0.11529296783260126,0.02171294203498428,0.05996043683611092,0.0621820077363386,0.06876717080451206,0.058755910557394396,0.029722176492761286,0.01046996198815349,0.08010262893782144,0.045390794743507455,0.03551997736211688,0.001206950493890181,0.06022387931629554,0.034508005211439756,0.016310235523525816,0.03053460278751618,-0.02714657168260064,0.027059846511901808,0.008296360028917074,0.04145722574704959,0.0038658470369500493,0.041552392319368865,0.005683863449817629,0.0029502067465726565,0.07380735136987991,0.05207176945413222,0.04250874277769251,0.0599612684910446,-0.0072515545021426065,0.011707485338183644,0.07180351730329812,0.028930927919803815,0.0491372954825435,0.03244784819884483,0.006772084970973939,0.02350480674979968,0.0645204452294028,0.0010762911918324688,1.0,0.06113824514013587,0.06471411615727887,0.10855287576423632,0.005461688744323504,0.04555612803758291,0.04407903990016323,0.056352053244001325,0.03692340028872516,0.006906304796299474,-0.012767502158139704,0.06518362632052387,0.02813402793986241,0.015903205177033947,-0.029755637124233184,0.0468571889409198,0.017787993770997032,0.0018124054746060522,0.0037102752514541824,-0.04722119860414985,0.017717308561371454,0.00041349822103036924,0.036169593988089645,-0.01814698574463588,0.03276493522989845,-0.004086501774273737,-0.003924330308102231,0.06193623207449426,0.04076463794500677,0.024860626335466127,0.0402478462159721,-0.03153388082867711,-0.00438414236880717,0.04957403360418241,0.020093913960575666,0.020657011155931826,0.004844962925309164,-0.011750195551404483,9.416730426138958e-05,0.04910676459056872,-0.027174944745907224
3.465243626561198,0.6341172601159617,0.8897989575577067,6.0,107.0,129.0,122.0,102.0,69.0,38.0,57.0,7.0,7.0,4.0,0.0,134.0,111.0,131.0,125.0,118.0,126.0,93.0,127.0,115.0,119.0,121.0,113.0,0.2037037037037037,0.36728395061728397,0.42901234567901236,0.270062805303559,0.33286810886252616,0.39706908583391487,0.010424422933730455,0.004467609828741623,0.012658227848101266,0.01340282948622487,0.011169024571854059,0.017870439314966492,0.0029784065524944155,0.0029784065524944155,0.0014892032762472078,0.0022338049143708115,0.03276247207743857,0.011913626209977662,0.0387192851824274,0.005956813104988831,0.024571854058078928,0.03425167535368578,0.016381236038719285,0.004467609828741623,0.00967982129560685,0.008190618019359643,0.0014892032762472078,0.029784065524944156,0.007446016381236039,0.03276247207743857,0.008935219657483246,0.008190618019359643,0.024571854058078928,0.04244229337304542,0.0029784065524944155,0.04690990320178704,0.022338049143708117,0.00967982129560685,0.10945644080416977,0.0014892032762472078,0.06031273268801191,0.02084884586746091,0.029784065524944156,0.055100521221146684,0.07222635889798958,0.010424422933730455,0.03276247207743857,0.01340282948622487,0.008935219657483246,0.04095309009679821,0.0052122114668652275,0.01563663440059568,0.0029784065524944155,0.010424422933730455,0.0052122114668652275,0.0007446016381236039,1.0,-0.006825333154362303,0.049110533323614175,-0.0022278182221979635,0.024756093185924293,-0.008229525847304903,0.01540464954771151,-0.03956192934745481,0.06093122228397989,-0.039601161494932396,0.02726376317319549,-0.07125623623268675,-0.01351857742440034,0.010227625692521362,-0.014275683908732215,0.023846539434805435,0.001105162775687127,-0.04395913448188283,0.021947611029496987,-0.022664007113558503,-0.013002007819545247,0.017857098291554494,0.0008303128940023327,0.012013801976625826,-0.017892992983576373,0.00937743954553059,0.02983157890534383,-0.02927106940195835,0.01539288380634076,-0.014652807770846224,0.02158583911274661,0.04584152821071935,0.0034641172440368993,-0.024202979016336744,0.021538927753967155,0.022903672626979104,0.0377564194574055,-0.006661110166847242,0.029315796618126447,-0.03074115428718684,-0.015620702926690473,1.0,-0.006830419095609972,0.0491394159229027,-0.0015816181518557193,0.022443854473488855,-0.007793701128809899,0.013112943933109975,-0.03886130927723859,0.059165465406974344,-0.03546764883098617,0.021028192678582896,-0.06692916830241531,-0.019483877133779557,0.01999414121391052,-0.017405915795097742,0.032059436930537234,-0.004836296835477036,-0.04040993912673702,0.014359658404504441,-0.012589593643177483,-0.016384467327349887,0.020378416954872785,0.0018486245848690754,0.00510034689504423,-0.01707545398849979,0.011399013010355223,0.03003347444037696,-0.02685444152071312,0.008454385043592388,-0.014178070655170672,0.021753665188863354,0.04303679034118362,0.00904055663396724,-0.02910955984095045,0.015845139059748416,0.03135174888114061,0.03001355814805472,0.0007958805287690804,0.02296119208987726,-0.03524788813991706,-0.020848436086718127
3.5091196630448467,0.6336662520099541,0.885331347728965,5.0,110.0,120.0,114.0,101.0,57.0,49.0,18.0,20.0,14.0,4.0,0.0,133.0,111.0,123.0,117.0,113.0,124.0,109.0,119.0,110.0,111.0,113.0,111.0,0.13071895424836602,0.4068627450980392,0.4624183006535948,0.2697274031563845,0.3235294117647059,0.4067431850789096,0.01712583767684289,0.011913626209977662,0.011913626209977662,0.01563663440059568,0.014892032762472078,0.016381236038719285,0.0022338049143708115,0.0052122114668652275,0.0052122114668652275,0.0014892032762472078,0.03276247207743857,0.005956813104988831,0.040208488458674606,0.007446016381236039,0.020104244229337303,0.028294862248696945,0.007446016381236039,0.0037230081906180195,0.00967982129560685,0.004467609828741623,0.0037230081906180195,0.029039463886820552,0.004467609828741623,0.028294862248696945,0.01712583767684289,0.010424422933730455,0.028294862248696945,0.04169769173492182,0.0029784065524944155,0.02531645569620253,0.03648548026805659,0.008190618019359643,0.10424422933730454,0.004467609828741623,0.04988830975428146,0.03052866716306776,0.03052866716306776,0.05361131794489948,0.06924795234549516,0.012658227848101266,0.034996276991809384,0.02084884586746091,0.005956813104988831,0.045420699925539834,0.0029784065524944155,0.01340282948622487,0.0014892032762472078,0.011913626209977662,0.006701414743112435,0.0029784065524944155,1.0,-0.009378482300077618,0.06040250015593247,0.039270601039351725,0.031071489756820822,0.03916725418740806,0.05883813805690031,-0.010034321698710396,0.023291010244741926,-0.013930433277330784,0.008724657991268946,0.07899487952741524,0.032845210568608285,0.010428318266491042,-0.030234849176540977,0.009945881250836787,0.07795488009904473,-0.0188759111550161,-0.03448685778674424,-0.06055485819949905,0.02994515486175126,-0.012568787512637689,0.05971533377837607,-0.004749741834519185,-0.016053728677648,-0.04732357818649329,-0.03915719294838367,-0.0008554369170986672,-0.03400431085761759,-0.005953203006378692,-0.020475472525827848,0.021457262596229546,-0.024893469929480595,-0.00472582103983233,-0.030343201011089786,-0.0325506456666391,0.015367339754968071,-0.06021613345773566,-0.00471601217246719,-0.05186835590981123,-0.030803519019220345,1.0,-0.00938547073696293,0.060409820175620486,0.040610715320627926,0.028466244402214718,0.035387293693067555,0.05530129886709265,-0.015361669063163406,0.012871258641695076,-0.018750545452665822,0.002573513675265636,0.07757175560137616,0.03322017131566276,0.003368967207276622,-0.04177382698251661,0.0032458717645232164,0.07533864231596948,-0.025793667812546477,-0.04683843703557774,-0.06782806665900397,0.037609349661607186,-0.005614150685707732,0.05343127714638019,-0.00166731709325842,-0.02141125952031619,-0.041163120380200244,-0.046529895208858876,-0.008153862963921175,-0.039262271263312505,0.01196236889495907,0.007286559410991327,0.032759285462320174,-0.027515167851545827,-0.01627937889628453,-0.02192114186804588,-0.027074093485464575,0.02459903637677272,-0.054604302685260966,-0.008334134320366763,-0.03854837735320947,-0.016499746297478586
3.4544222129371005,0.6206325279474445,0.8830975428145942,8.0,88.0,119.0,113.0,75.0,86.0,23.0,57.0,15.0,12.0,2.0,2.0,134.0,95.0,127.0,127.0,112.0,126.0,47.0,129.0,111.0,99.0,127.0,88.0,0.25166666666666665,0.35833333333333334,0.39,0.29425113464447805,0.33963691376701965,0.3661119515885023,0.014892032762472078,0.005956813104988831,0.014147431124348473,0.0037230081906180195,0.014892032762472078,0.00967982129560685,0.0007446016381236039,0.008935219657483246,0.005956813104988831,0.0037230081906180195,0.044676098287416234,0.00967982129560685,0.04244229337304542,0.004467609828741623,0.021593447505584513,0.02680565897244974,0.01563663440059568,0.0052122114668652275,0.008935219657483246,0.0007446016381236039,0.0037230081906180195,0.03127326880119136,0.0014892032762472078,0.0387192851824274,0.014147431124348473,0.008935219657483246,0.03425167535368578,0.049143708116157855,0.0014892032762472078,0.04169769173492182,0.021593447505584513,0.010424422933730455,0.08637379002233805,0.0014892032762472078,0.05137751303052867,0.027550260610573342,0.03276247207743857,0.05361131794489948,0.07520476545048399,0.008935219657483246,0.04690990320178704,0.016381236038719285,0.008190618019359643,0.04318689501116903,0.0029784065524944155,0.011913626209977662,0.0029784065524944155,0.0052122114668652275,0.004467609828741623,0.0007446016381236039,1.0,0.020849378115044757,-0.00029906334173142155,-0.06144289155862206,0.030509935741697684,0.006261321313491563,-0.026342157502608175,0.06930815637329009,0.015571424880146253,0.05387585385828976,-0.05361690954848841,-0.010455776121748283,-0.04411070595846879,-0.011383913591476268,0.0479890127658878,0.013709853788175286,-0.013081601461958414,-0.0020613122579904324,0.03029557312475693,-0.010110143310040384,-0.033720418802094476,0.001258372386972881,0.022379793190801536,0.028566758895247405,0.05251314027509633,-0.009634250692041713,0.028635251228507526,-0.017993903366189234,0.046873799854045044,0.00179575817158321,-0.005992788677589235,0.01757885342252795,0.021446567950904792,0.027222296742669537,-0.014772838778630129,-0.002766075953430258,-0.012270795252462049,-0.028692642530515174,-0.013679608102844519,0.01983839253486511,0.002800838470171223,1.0,0.020864914164310817,-0.0007351740692464027,-0.061585701372187364,0.033310053409173236,0.0049297769298836105,-0.030721700899638844,0.0753924804477424,0.012101818570103028,0.04991024083284079,-0.045972541948349634,-0.01105337700771408,-0.04063565262037363,-0.0156647575066362,0.04706052774756701,0.008745480113427429,-0.022940396842153408,0.011439811467803125,0.026930513463773637,-0.004760489936052725,-0.02871282318438208,0.004138281800685473,0.013150025789434338,0.020186884861592792,0.059510825099774955,-0.012231830756901686,0.032077928115797745,-0.011307592312640877,0.04605090901939625,0.0036686430325966624,-0.011037030074466714,0.014760615000079344,0.013781979012938367,0.01795749378276382,0.0030987622450434384,-0.008447479746935497,-0.007327377053157821,-0.037998625198273975,-0.010707992660459742,0.020586899575138064,-0.0076769574780254915
3.4811789282643484,0.5929402711055558,0.8875651526433358,10.0,115.0,125.0,120.0,106.0,82.0,52.0,16.0,11.0,6.0,6.0,0.0,134.0,117.0,131.0,123.0,125.0,129.0,107.0,128.0,121.0,124.0,122.0,107.0,0.16640986132511557,0.37442218798151,0.4591679506933744,0.26634877384196187,0.3358310626702997,0.3978201634877384,0.016381236038719285,0.008190618019359643,0.012658227848101266,0.01563663440059568,0.01563663440059568,0.011913626209977662,0.0022338049143708115,0.007446016381236039,0.0037230081906180195,0.0007446016381236039,0.035740878629932984,0.014892032762472078,0.0379746835443038,0.0029784065524944155,0.017870439314966492,0.03425167535368578,0.01563663440059568,0.0037230081906180195,0.008190618019359643,0.0037230081906180195,0.0007446016381236039,0.028294862248696945,0.0007446016381236039,0.028294862248696945,0.016381236038719285,0.011169024571854059,0.028294862248696945,0.04169769173492182,0.006701414743112435,0.03276247207743857,0.03127326880119136,0.0037230081906180195,0.10349962769918093,0.004467609828741623,0.06031273268801191,0.028294862248696945,0.04765450483991065,0.05212211466865227,0.05658972449739389,0.011913626209977662,0.03052866716306776,0.017870439314966492,0.005956813104988831,0.04244229337304542,0.0007446016381236039,0.018615040953090096,0.0037230081906180195,0.006701414743112435,0.008190618019359643,0.0007446016381236039,1.0,0.012285830556817926,0.029936922195339735,0.020698242888761122,0.029622239059778344,-0.012372295565430428,-0.07696756236072763,0.035425172407060966,-0.03906178078289368,0.0007014315312991204,0.016685746352175176,0.01630205559913045,0.055921205727743284,-0.026381476853296497,-0.040387527761853705,-0.057289889870612065,-0.011103475447245202,0.004366025926225334,-0.010151096594199492,0.028639147437909573,-0.00460521858468129,-0.0011617672329300957,0.019284991458364438,0.035978470603790204,0.008714273969633096,-0.024106290485342928,-0.005426318498273109,-0.03801012764141617,-0.01803689171275117,0.06430585680575196,0.03376368478126781,0.06197230924729519,0.015953486643771275,0.008102211976453265,0.01726098177349139,-0.01869224860771903,-0.0034835559025076248,0.00728519857084908,0.007100168027036024,-0.02238371397477369,0.05322069279984435,1.0,0.012294985423104664,0.029834914226851174,0.02004100303614976,0.028382893101700606,-0.014307119251404474,-0.07932873945694603,0.03719220361876299,-0.03606564598238528,0.0035717149282656077,0.022294144186582963,0.013173548230295238,0.052592834793208795,-0.025592457737491497,-0.05309260370820786,-0.055757500011666655,-0.008038071942466932,0.014623273097344788,0.004111329243287508,0.025684143826037502,-0.007713405085127118,-0.011755968502780836,0.0159020769406747,0.032062212858569854,0.006210347057805863,-0.016149381524292974,-0.005022014431073031,-0.03500067373316255,-0.017872757162411525,0.06766301673237421,0.03330638989943355,0.060416056044951406,0.014309699284663184,-0.009456517792139947,0.010551721540042318,-0.019980919479896886,-0.0027609847185831437,0.031319133269404775,0.014775643914305197,-0.017220698808408604,0.052405380793165555
3.447875692848728,0.6064876059471935,0.8808637379002234,12.0,91.0,120.0,101.0,73.0,82.0,5.0,47.0,4.0,11.0,24.0,0.0,134.0,99.0,127.0,119.0,108.0,121.0,35.0,117.0,103.0,101.0,111.0,73.0,0.24736842105263157,0.33157894736842103,0.42105263157894735,0.2980769230769231,0.3453525641025641,0.35657051282051283,0.00967982129560685,0.007446016381236039,0.01563663440059568,0.01340282948622487,0.011913626209977662,0.012658227848101266,0.0014892032762472078,0.008935219657483246,0.0037230081906180195,0.0,0.04169769173492182,0.005956813104988831,0.04318689501116903,0.004467609828741623,0.01712583767684289,0.023827252419955324,0.014892032762472078,0.0029784065524944155,0.01563663440059568,0.0037230081906180195,0.0014892032762472078,0.03201787043931496,0.006701414743112435,0.03350707371556218,0.008190618019359643,0.01712583767684289,0.04318689501116903,0.04095309009679821,0.0029784065524944155,0.04095309009679821,0.026061057334326135,0.007446016381236039,0.09381980640357408,0.0022338049143708115,0.06403574087862993,0.020104244229337303,0.04839910647803425,0.049143708116157855,0.06329113924050633,0.006701414743112435,0.04690990320178704,0.010424422933730455,0.005956813104988831,0.04095309009679821,0.0029784065524944155,0.008935219657483246,0.0014892032762472078,0.007446016381236039,0.007446016381236039,0.0007446016381236039,1.0,0.03495131549356897,0.009182037870457934,-0.01738396424124609,0.0006015689200341181,-0.02650565737333458,-0.01073490959438919,0.023565669085800822,0.07510763299915098,-0.03812621278938985,0.03574544543516019,0.02158754014921544,0.02231389616362481,0.004563845629707701,0.008121828461779803,0.006365800933759912,0.011838255256030602,-0.010595573275974343,0.05284578456636783,0.02719502571854157,0.025598217993910714,-0.0266622469086859,-0.045916258603160016,-0.0009106062810400654,0.021752774240424405,0.026172144958952752,0.026491960606251627,0.056282762315501396,-0.021754763284134313,-0.06699259780583723,-0.0046205858300789795,0.015101353848934676,-0.008368002950460909,-0.023747969649399143,0.03672961185517453,0.02203225185657897,-0.01885956907917976,0.018479016136145443,0.008460028505023974,0.022499344372346262,0.017591957346375406,1.0,0.03497735969289352,0.007982081898110876,-0.018044374807252305,0.0017652495515581865,-0.026413948543112083,-0.009292725318386739,0.024963419409316973,0.07332532205113824,-0.04452086780337007,0.03803451034844328,0.022028731598039072,0.019867628127326113,0.008489856036603006,0.007114415079894591,0.003924062271881377,0.010053263801958473,-0.005279729189369126,0.04728062236727491,0.024167439590493032,0.020791598948438468,-0.028191368385737,-0.04786264379601346,0.004042503053932371,0.022745850705192097,0.024640007418099488,0.013744099106944904,0.05339613279493698,-0.031206120298890857,-0.06312787352896937,0.0035283187234425016,0.012088839440543344,-0.010292235282365168,-0.0250802012212383,0.032800213054741255,0.012338952174193583,-0.01586501818484251,0.02164932411357123,-0.0036038653670592813,0.024919244667632286,0.030507902713692952
3.500834117539628,0.6019286985107272,0.8756515264333582,9.0,107.0,124.0,111.0,79.0,96.0,43.0,45.0,9.0,25.0,18.0,9.0,134.0,117.0,129.0,124.0,118.0,130.0,88.0,127.0,119.0,112.0,121.0,111.0,0.2222222222222222,0.33185185185185184,0.44592592592592595,0.27342657342657345,0.33076923076923076,0.3958041958041958,0.016381236038719285,0.006701414743112435,0.011913626209977662,0.01340282948622487,0.011169024571854059,0.016381236038719285,0.0022338049143708115,0.005956813104988831,0.0052122114668652275,0.0037230081906180195,0.04690990320178704,0.005956813104988831,0.03425167535368578,0.008935219657483246,0.016381236038719285,0.027550260610573342,0.01712583767684289,0.0037230081906180195,0.012658227848101266,0.0029784065524944155,0.0029784065524944155,0.029784065524944156,0.0014892032762472078,0.027550260610573342,0.00967982129560685,0.008190618019359643,0.03425167535368578,0.04244229337304542,0.006701414743112435,0.0387192851824274,0.022338049143708117,0.00967982129560685,0.08637379002233805,0.0037230081906180195,0.058823529411764705,0.024571854058078928,0.04616530156366344,0.06031273268801191,0.06478034251675353,0.008935219657483246,0.03425167535368578,0.01712583767684289,0.006701414743112435,0.04318689501116903,0.0014892032762472078,0.01340282948622487,0.0,0.01340282948622487,0.011169024571854059,0.0022338049143708115,1.0,0.02203319212938866,0.016447715292567087,0.004977423943943532,-0.023645047027503797,-0.01716666088507883,-0.028821064718192117,-0.003928267809073664,-0.02740990238834482,0.022745976788466064,-0.006060393038015244,-0.00503164617051961,-0.034012063826144724,-0.015678975994868782,0.030823710106997887,-0.02246702651449506,0.009642025976234538,-0.001666403448821018,0.004513181280019642,0.016673006692350383,-0.001302843180375517,-0.009151014008840344,-0.020264751778047027,0.01869590886648202,0.02138540510542862,-0.011688375578866655,-0.0689206779608077,-0.005540368210904067,0.040326866543735206,0.0027922891934362903,-0.002610242598738335,0.03227571600141215,-0.03841303057805378,-0.05194822513093021,0.03952806798442398,-0.04085414824827972,-0.010016136859821324,0.0708616619616719,0.01920131826685114,-0.005366140676535711,-0.01658236943379883,1.0,0.02204961030534201,0.01599383646880002,0.0042816884643374,-0.02419830590415492,-0.016364264286197774,-0.027510773112203346,-0.0019714264032687787,-0.026993086172899052,0.02371149366585303,-0.007839968402093193,-0.006283404297921197,-0.036421934862745635,-0.014082052232387987,0.03194324333436503,-0.022657247626945064,0.007110059598795859,-0.0026847056463331423,0.002762909389255821,0.015704255836394967,-0.002575108382681852,-0.009931382121889933,-0.01806222029266477,0.017859752404818994,0.023014628021638155,-0.014480427029115325,-0.0702895345296407,-0.0027008499474368607,0.0431485368354615,0.004609335025038464,-0.008405022874017492,0.03315221195985505,-0.04320766003483668,-0.055926459300798946,0.043591538057128246,-0.03572719523076742,-0.0067279322622929415,0.06924633476033593,0.010020396466525727,-0.012222144995689726,-0.015119960446426708
3.494136927153615,0.636886172764969,0.8801191362620998,4.0,107.0,123.0,123.0,94.0,87.0,9.0,37.0,7.0,8.0,3.0,3.0,134.0,112.0,126.0,125.0,121.0,124.0,71.0,125.0,113.0,121.0,115.0,111.0,0.2115702479338843,0.3834710743801653,0.4049586776859504,0.2739628040057225,0.34334763948497854,0.382689556509299,0.007446016381236039,0.008190618019359643,0.008935219657483246,0.014147431124348473,0.011913626209977662,0.01340282948622487,0.0029784065524944155,0.007446016381236039,0.0052122114668652275,0.0014892032762472078,0.04244229337304542,0.00967982129560685,0.04690990320178704,0.0052122114668652275,0.023827252419955324,0.027550260610573342,0.018615040953090096,0.0052122114668652275,0.011169024571854059,0.004467609828741623,0.0052122114668652275,0.020104244229337303,0.007446016381236039,0.029784065524944156,0.011169024571854059,0.018615040953090096,0.028294862248696945,0.04839910647803425,0.004467609828741623,0.035740878629932984,0.01563663440059568,0.010424422933730455,0.09009679821295608,0.004467609828741623,0.05658972449739389,0.021593447505584513,0.039463886820551006,0.07297096053611318,0.04839910647803425,0.005956813104988831,0.039463886820551006,0.00967982129560685,0.0052122114668652275,0.055100521221146684,0.0014892032762472078,0.012658227848101266,0.004467609828741623,0.00967982129560685,0.011169024571854059,0.0,1.0,0.028585411845613903,-0.0023565596574636753,0.010679119396487951,-0.0016692513663127643,0.030968611681777506,-0.016149123736681557,0.00860948898204293,0.009731838377119304,-0.001918492038768321,0.0032050483397511116,0.0031742604753762726,0.01188326009209022,-0.04558015743135528,-0.025784543647726133,-0.008840751294051848,0.002984701768699324,-0.050675468705032214,0.005145104793270042,0.004950564222097565,0.04077128066146394,-0.008699539029283793,0.027744659146724544,-0.01915298336330002,-0.009990650107910915,0.008057822359196214,0.007808601506719727,0.005267913877479796,0.008122424591055586,-0.017691031996266,0.01152063020782805,-0.016669349979652026,-0.030463746246746554,0.0039849270243683356,0.0019600893918486602,0.010035973470139835,0.0031416060768897245,0.003718236305030141,-0.04556456139088372,0.015580028055281655,0.03887600980253356,1.0,0.028606712450565903,-0.0031810214548672897,0.010870761100888561,-0.0023031608984272465,0.031291439150681624,-0.018180196960644473,0.009924212392419416,0.008460983964501421,-0.001875398600995935,0.0021348522358496397,0.003973399642675141,0.011039705493778024,-0.047126881172541074,-0.02302410986126046,-0.008504987402968692,0.004282057889810136,-0.052242292444882155,0.011589741220049094,0.003756457746428935,0.042969752959951424,-0.011185346536540741,0.033306919768938056,-0.024642230896612057,-0.006862789518044384,0.007310547515395026,0.008556046756849685,-4.459389681922573e-05,0.008622256899989805,-0.018084449015702535,0.006861661814130737,-0.0198313896720418,-0.031193959119848156,0.009661403029404146,0.000813292729015164,0.014283902934735939,0.00310510249317452,0.008629717247684021,-0.05221893928115496,0.025037298690070688,0.03442494392555584
3.5259918815669966,0.641074338783598,0.8875651526433358,14.0,114.0,121.0,106.0,96.0,85.0,53.0,38.0,17.0,18.0,5.0,3.0,134.0,115.0,127.0,120.0,121.0,128.0,113.0,125.0,121.0,121.0,119.0,113.0,0.2044776119402985,0.3537313432835821,0.4417910447761194,0.2656142759094029,0.33150308853809196,0.40288263555250514,0.01340282948622487,0.007446016381236039,0.014147431124348473,0.014147431124348473,0.018615040953090096,0.01563663440059568,0.0022338049143708115,0.007446016381236039,0.0029784065524944155,0.0037230081906180195,0.03723008190618019,0.010424422933730455,0.035740878629932984,0.0037230081906180195,0.016381236038719285,0.027550260610573342,0.02084884586746091,0.0052122114668652275,0.010424422933730455,0.006701414743112435,0.0,0.020104244229337303,0.006701414743112435,0.023827252419955324,0.00967982129560685,0.00967982129560685,0.02531645569620253,0.035740878629932984,0.0029784065524944155,0.03276247207743857,0.03201787043931496,0.012658227848101266,0.0967982129560685,0.0029784065524944155,0.055100521221146684,0.02531645569620253,0.03723008190618019,0.058823529411764705,0.06701414743112435,0.010424422933730455,0.034996276991809384,0.018615040953090096,0.011169024571854059,0.04765450483991065,0.0022338049143708115,0.01712583767684289,0.0022338049143708115,0.01563663440059568,0.006701414743112435,0.004467609828741623,1.0,0.06139512099645352,-0.03342070959443622,-0.025366201673603317,-0.015708785097336423,-0.027626401753101937,-0.01661242772132099,0.04321261156352125,-0.0005967965286122154,-0.0047025010731876595,0.0018980920372621089,-0.014730366238335688,0.005541324256374468,-0.030320176040479558,-0.025680449182376067,0.025256775414209582,0.041323159803068804,0.028811927647069604,0.015511977276293705,-0.028015719058632853,-0.025278999408025523,-0.05855743589686397,0.04992884087521424,-0.0015189861647482072,-0.03835397603910406,-0.02672408202192875,0.04121121900898586,0.02207549974466634,-0.0061178326389504,0.03766378707823971,0.006943443103112644,-0.04541673669756826,0.03046705413583302,-0.04444623214308383,-0.008713627323969426,0.011902272657106123,-0.009173786247161381,0.02584309738053087,-0.030353291716520472,-0.010143959964172998,-0.014609787983227932,1.0,0.06144086996888009,-0.03738666850036642,-0.02110162001745603,-0.014144550411118754,-0.027639781639499823,-0.014899883674659739,0.04308182053737754,-0.00863710387825612,-0.002695860732471032,0.00293683787528188,-0.015483390849637813,0.009435075557697493,-0.031605232508241037,-0.02466761532412655,0.027232170071448198,0.03554419824218601,0.024040694069305472,0.01587147495424494,-0.02975327401428541,-0.016082740586229563,-0.0533201605564748,0.05575941423943772,-0.01483870658550745,-0.04143330701879282,-0.025406852736288538,0.04396946426859925,0.015417898519450074,-0.0011212116443325166,0.03787345251439768,0.003578594393860117,-0.039978615155831516,0.03849726919902928,-0.0592994089916339,-0.007584392812277084,0.014818312122428413,-0.011061191652540095,0.03125263369491951,-0.03806715514292334,-0.00928547101640351,-0.0064980805004971505
3.50748242103191,0.6390829668020813,0.8860759493670886,1.0,111.0,123.0,112.0,88.0,79.0,38.0,27.0,10.0,16.0,0.0,2.0,134.0,110.0,129.0,118.0,120.0,122.0,110.0,118.0,110.0,111.0,111.0,110.0,0.17627677100494235,0.3723228995057661,0.4514003294892916,0.26657163221667857,0.3271560940841055,0.406272273699216,0.017870439314966492,0.006701414743112435,0.00967982129560685,0.005956813104988831,0.010424422933730455,0.012658227848101266,0.0007446016381236039,0.005956813104988831,0.006701414743112435,0.0037230081906180195,0.0387192851824274,0.012658227848101266,0.0379746835443038,0.005956813104988831,0.010424422933730455,0.02308265078183172,0.018615040953090096,0.0014892032762472078,0.010424422933730455,0.0037230081906180195,0.0037230081906180195,0.026061057334326135,0.004467609828741623,0.026061057334326135,0.01563663440059568,0.008935219657483246,0.026061057334326135,0.04393149664929263,0.006701414743112435,0.03127326880119136,0.027550260610573342,0.017870439314966492,0.09828741623231571,0.0037230081906180195,0.05658972449739389,0.024571854058078928,0.03648548026805659,0.05658972449739389,0.07297096053611318,0.008935219657483246,0.03276247207743857,0.02680565897244974,0.005956813104988831,0.04169769173492182,0.0037230081906180195,0.024571854058078928,0.0029784065524944155,0.011169024571854059,0.008190618019359643,0.0022338049143708115,1.0,0.025654164458618532,0.00565785406185827,0.015414342079463681,-0.013166806391930084,0.014965574529225355,-0.013576620053217723,0.02632699516776021,0.007249057329733233,0.0009285790910925676,0.006083186796755705,-0.018361192485112553,0.006757819513881325,0.03350858956707244,0.013421252320411723,-0.010694978200334652,-0.01362297572576204,-0.04178021496482584,0.02119171883034181,0.01839852946206075,0.009378977247311768,-0.009133020833193665,-0.030898358048938902,-0.012220097544406179,0.010522680330103035,0.021724633078265203,-0.0018954895422285385,-0.016588583917923054,0.04840513143871784,0.03935135895632578,-0.03736417743669731,0.010030415389511946,0.01167033116025029,0.021354232815717574,0.01907983145929105,-0.03589348817024436,0.008049303601226547,0.031082092381699095,0.000143337867558228,0.06260632608143697,0.00836348175850637,1.0,0.02567328082557727,0.00501047746722298,0.0151858632311211,-0.014028494594555092,0.015577635844302367,-0.014544758131800006,0.027512861059163177,0.005353034212140627,0.001233690346277156,0.004538169881536264,-0.017849471131491722,0.006858848604559911,0.03416122611537494,0.01191836802113663,-0.013039764780234246,-0.01362903331112309,-0.04217998446073291,0.024763707138327387,0.018632251375953094,0.008275956226455973,-0.012848955913546848,-0.03043678043801197,-0.011921456769804611,0.016231180448420913,0.02258093791498672,-0.005799135887236578,-0.019140335043342255,0.04884788076082464,0.04265329444895442,-0.036374739859427685,0.00926670273704547,0.007620543308500942,0.01928367701719947,0.01837775127466174,-0.033363544746811524,0.008346384850575468,0.031974557018844045,-0.0061093092134647635,0.06242219668651848,0.008978549694266518
3.450944103426254,0.6043297016498477,0.8808637379002234,10.0,96.0,124.0,104.0,89.0,75.0,20.0,29.0,14.0,16.0,10.0,0.0,134.0,99.0,127.0,115.0,117.0,128.0,73.0,127.0,106.0,117.0,119.0,93.0,0.19420783645655879,0.3798977853492334,0.42589437819420783,0.2870848708487085,0.33579335793357934,0.3771217712177122,0.017870439314966492,0.0037230081906180195,0.010424422933730455,0.005956813104988831,0.010424422933730455,0.018615040953090096,0.0014892032762472078,0.005956813104988831,0.004467609828741623,0.0022338049143708115,0.040208488458674606,0.010424422933730455,0.044676098287416234,0.008935219657483246,0.018615040953090096,0.020104244229337303,0.011169024571854059,0.0052122114668652275,0.010424422933730455,0.004467609828741623,0.0014892032762472078,0.03648548026805659,0.0007446016381236039,0.028294862248696945,0.014892032762472078,0.011913626209977662,0.0379746835443038,0.04318689501116903,0.0014892032762472078,0.029784065524944156,0.029784065524944156,0.011169024571854059,0.11243484735666419,0.0029784065524944155,0.04988830975428146,0.02084884586746091,0.040208488458674606,0.05584512285927029,0.06329113924050633,0.008190618019359643,0.039463886820551006,0.017870439314966492,0.010424422933730455,0.04244229337304542,0.0029784065524944155,0.016381236038719285,0.004467609828741623,0.007446016381236039,0.0014892032762472078,0.0007446016381236039,1.0,-0.027859816761772006,0.02979483381567818,-0.02277709885722406,0.015143086214569975,-0.019152317569493007,-0.01925915418475913,0.020608319583319122,0.016874993496507288,-0.015241245505326646,0.0006201337343270856,-0.007019530386354955,0.010090227252315556,-0.031046204825334156,0.01439800094606378,0.01783735323754812,-0.00022716213563676372,-0.01737773892803237,-0.04050633174509491,-0.049047681499349516,-0.013937031583558477,-0.014925861595798876,0.004694765610467318,-0.013248314303694797,0.006302624265276349,0.008644024965091899,0.06046911710156334,-0.007638568030297562,0.03883253317904368,-0.02581768751207344,0.02278334788800111,-0.058337897099178734,-0.0040787898185021335,-0.021677802598766463,0.032591697806781436,-0.008033994234428866,0.04313594813054909,0.018541104196772618,0.016190337221131983,-0.023763740150762394,0.036801477696571445,1.0,-0.02788057668484336,0.029084552193667935,-0.021243928669167998,0.013168784453409797,-0.017232176519298974,-0.021647098144769745,0.02135884595878538,0.018314577219931575,-0.016059674336305427,-5.6346868732991535e-05,-0.006774480977338452,0.009028222997403981,-0.02857456572099028,0.011870157274828616,0.01979101021289039,-0.0014901510150022094,-0.016835095662756903,-0.04234791126920735,-0.05275816310936993,-0.013306267102176448,-0.012898056621493058,0.000921912034969604,-0.014138321341768643,0.0025160952050234295,0.010863467202343043,0.06299412140651378,-0.00316965649623509,0.036654488663478535,-0.0230759365819694,0.017609688834011816,-0.05480501306698217,-0.01063311650984884,-0.018357111276665058,0.030508975601150515,-0.0048202895156005034,0.03764573825409429,0.018154364486426613,0.011472551087259222,-0.01918163687934048,0.03249641679124493
3.4911664055465805,0.6246623117563332,0.8823529411764706,23.0,108.0,121.0,116.0,78.0,66.0,37.0,49.0,27.0,6.0,20.0,0.0,134.0,110.0,122.0,124.0,115.0,124.0,99.0,127.0,110.0,108.0,123.0,106.0,0.2119815668202765,0.3486943164362519,0.4393241167434716,0.2746077032810271,0.325962910128388,0.39942938659058486,0.022338049143708117,0.0052122114668652275,0.011169024571854059,0.014147431124348473,0.01340282948622487,0.01340282948622487,0.0007446016381236039,0.010424422933730455,0.005956813104988831,0.0052122114668652275,0.04988830975428146,0.010424422933730455,0.03350707371556218,0.008190618019359643,0.0193596425912137,0.027550260610573342,0.014147431124348473,0.0014892032762472078,0.0052122114668652275,0.0029784065524944155,0.0052122114668652275,0.026061057334326135,0.0014892032762472078,0.02680565897244974,0.008190618019359643,0.012658227848101266,0.024571854058078928,0.0379746835443038,0.0052122114668652275,0.04095309009679821,0.016381236038719285,0.008935219657483246,0.09084139985107967,0.0022338049143708115,0.058078927773641105,0.03350707371556218,0.035740878629932984,0.05956813104988831,0.06031273268801191,0.008935219657483246,0.04393149664929263,0.018615040953090096,0.0037230081906180195,0.05286671630677588,0.0037230081906180195,0.016381236038719285,0.0029784065524944155,0.008935219657483246,0.00967982129560685,0.0007446016381236039,1.0,-0.030836142213231967,0.01627312291593107,0.039712719139064365,0.06515042934724209,0.011844502100645839,-0.059820871591523085,0.044630695621522234,0.023824403439773635,-0.004455192516092828,0.025138886318803646,0.03465415785204291,0.007580172811753856,0.04043308152733086,0.08077595942697215,-0.014370526694217909,0.0018383615829846854,0.01954950735223076,-0.035199278548803815,0.013303208013618449,-0.02561756418864859,0.028257142210709418,0.018865593062642797,-0.011404409589175076,-0.0014210021601939319,0.007085879579996632,0.03983193763077623,0.002321704755708283,-0.013717020801783029,0.014469117244787855,0.04436337575725032,-0.007866229279825684,0.004473403272704609,-0.04113269143376613,0.019666291924429747,-0.009267115787080702,-0.00039265476729264537,-0.029277730225610924,0.014000772885218626,0.021745687236980865,0.008126412217077108,1.0,-0.03085911996450858,0.015359734611318716,0.040819307149827164,0.06776176776012317,0.014982965221996896,-0.06348004680855183,0.03512404820435372,0.023500962597403263,-0.0009331534408518333,0.029270421979637886,0.031402526435620956,0.0011403619132168386,0.04298296166855195,0.08071767651566737,-0.01842815174164973,-0.004009013159865057,0.011044589511112425,-0.049120270618595814,0.01441670363594331,-0.01800305212074924,0.01601768899751289,0.022583425262743918,-0.009188337905198277,-0.015875523297544072,0.0027451444253535824,0.03670234347852852,0.0020528064009906533,-0.016543711132231947,0.011023830021781632,0.04046445700082088,-0.0019827717568015233,0.012779096405599386,-0.05300318446686962,0.010083421280297628,-0.008928696085104843,0.0003418410067695361,-0.02843088783254781,0.010387102079841122,0.017983347357392765,0.009141638313752998
3.469231587869369,0.630771735728344,0.8823529411764706,3.0,114.0,128.0,119.0,92.0,80.0,40.0,42.0,13.0,15.0,9.0,2.0,134.0,117.0,131.0,125.0,117.0,128.0,113.0,127.0,115.0,117.0,123.0,117.0,0.1902587519025875,0.3637747336377473,0.4459665144596651,0.2657103825136612,0.3237704918032787,0.4105191256830601,0.017870439314966492,0.008935219657483246,0.014147431124348473,0.016381236038719285,0.01340282948622487,0.010424422933730455,0.0014892032762472078,0.0052122114668652275,0.004467609828741623,0.0022338049143708115,0.04690990320178704,0.010424422933730455,0.035740878629932984,0.004467609828741623,0.02084884586746091,0.021593447505584513,0.020104244229337303,0.0037230081906180195,0.0052122114668652275,0.0052122114668652275,0.0029784065524944155,0.026061057334326135,0.0037230081906180195,0.02308265078183172,0.012658227848101266,0.008190618019359643,0.023827252419955324,0.039463886820551006,0.0022338049143708115,0.03052866716306776,0.02680565897244974,0.01340282948622487,0.10796723752792256,0.0029784065524944155,0.06329113924050633,0.022338049143708117,0.03648548026805659,0.06105733432613552,0.06775874906924795,0.008190618019359643,0.03127326880119136,0.021593447505584513,0.006701414743112435,0.049143708116157855,0.0029784065524944155,0.017870439314966492,0.0022338049143708115,0.007446016381236039,0.007446016381236039,0.0014892032762472078,1.0,0.022386056291687537,0.015242785844628,0.04574918079443602,0.022123545507178526,0.006997951323880248,-0.0019081847651421738,0.020138536420386866,-0.0039069808290716525,0.03468879127877495,0.025501037602277524,0.003331605303944047,0.011148192142153656,0.01804688935987776,0.01329824589341952,0.03631060197382579,0.023692407999910625,0.015421657652616749,0.02604188315909751,0.08932719183298046,0.02427149492359228,-0.027253530479047557,-0.017711710161486465,0.02644391682983861,-0.004590195001238837,-0.026344449724540163,-0.03867924765893775,-0.014604125615577333,-0.03847463261898039,-0.02446458654234572,0.009902428667440052,-0.008507015583030268,0.0056894803536237685,0.058576353083927404,0.015149858291340875,0.03877998874267078,-0.007936202117861592,0.011908446204921614,-0.009514226993568742,-0.02713571720802059,-0.061240843004806485,1.0,0.022402737406658973,0.01477104999629702,0.045216308302003815,0.02004038041085796,0.0048330310654690995,-0.004833409474602932,0.01836674730654711,-0.005625627592745359,0.03477965406226676,0.022864409955901797,0.001138573739787999,0.007404508679483889,0.01448848638515406,0.010634639316055126,0.035361021272342995,0.019478867395325398,0.011682207226082576,0.02082598721332511,0.0848938995991745,0.017939871978806494,-0.03396612210915689,-0.028674014200301478,0.021959076690768523,-0.006554748373186873,-0.02757562058505856,-0.04516861135911636,-0.016494540385886113,-0.043521414018250396,-0.02580271331812879,0.011895229462233961,-0.005112630027329873,0.004222174428791464,0.05768468189775277,0.010092585497943896,0.03961853649968722,-0.01249677720584187,0.010505788022934455,-0.01717070692522492,-0.02817899497080953,-0.05747945341598682
3.4796904088503915,0.615877228124777,0.8823529411764706,9.0,110.0,124.0,119.0,98.0,107.0,33.0,49.0,27.0,6.0,14.0,5.0,134.0,111.0,131.0,125.0,117.0,127.0,105.0,125.0,117.0,119.0,122.0,107.0,0.23537803138373753,0.3566333808844508,0.4079885877318117,0.26805555555555555,0.33194444444444443,0.4,0.012658227848101266,0.005956813104988831,0.011169024571854059,0.018615040953090096,0.017870439314966492,0.017870439314966492,0.0014892032762472078,0.008935219657483246,0.0022338049143708115,0.0022338049143708115,0.045420699925539834,0.005956813104988831,0.02680565897244974,0.008935219657483246,0.02308265078183172,0.026061057334326135,0.014147431124348473,0.0052122114668652275,0.008935219657483246,0.008935219657483246,0.0029784065524944155,0.02531645569620253,0.0014892032762472078,0.02680565897244974,0.012658227848101266,0.008190618019359643,0.023827252419955324,0.044676098287416234,0.004467609828741623,0.04169769173492182,0.024571854058078928,0.014147431124348473,0.11094564408041697,0.0029784065524944155,0.05584512285927029,0.021593447505584513,0.03723008190618019,0.05137751303052867,0.07371556217423679,0.006701414743112435,0.039463886820551006,0.02308265078183172,0.006701414743112435,0.03276247207743857,0.0022338049143708115,0.01340282948622487,0.0037230081906180195,0.008190618019359643,0.0052122114668652275,0.0014892032762472078,1.0,-0.027436328265168827,0.009312815499785364,-0.026057728487855213,0.06042314286924139,0.001233768975959447,-0.001084433268930653,-0.06231677978607053,0.03071597963316233,0.01898762238166892,-0.013711733858207169,0.0003247651711560407,-0.030230988171343006,0.0008819009589117412,-0.025303749899286885,0.006083504071978105,-0.044811701575063,0.008816326261609357,-0.013327370038600897,0.030900868325688075,-0.032689192814159336,-0.0006340514910332153,-0.025662060362499624,-0.019596464058745978,0.024957666456223507,-0.01650361272253201,0.0005516136825662933,0.0005171053575615275,-0.024936852799459064,-0.0032985492672832567,0.005760645194266722,-0.027216839599222217,0.04824637303132544,-0.011924422637125417,-0.005762232549671511,0.030878753516558295,0.019385662016766086,0.008773150539658135,-0.015629551809904864,-0.023486005046024452,0.00555467525962621,1.0,-0.027456772623041543,0.00857929820931635,-0.02564784425041695,0.059208675298922465,0.0048505143038009325,-0.002575907306968743,-0.060084103549868366,0.024538952135309548,0.02124649361321506,-0.015988391891245433,0.0077377370964591945,-0.0322957531665954,-0.004240564562239045,-0.027174066963206116,0.006758753657313204,-0.0398992085730125,0.003078379035796495,-0.00854510842664792,0.02509380111197976,-0.025824431451308357,-0.005261613136601324,-0.022441222008685494,-0.030248011325822843,0.029373776141374482,-0.01574716674504682,0.0021385750849284946,0.00048533371658896304,-0.0328815846898233,-0.003733062849672448,0.0009628277441497458,-0.02130275472815958,0.044895604025308435,-0.008116736650737012,-0.01153027385350015,0.033676412235896666,0.014552225862060097,0.010610910691151916,-0.019248643001596222,-0.022845210990257454,0.00032148872376749405
3.5059006692150443,0.6322192140498151,0.8801191362620998,3.0,121.0,128.0,113.0,96.0,80.0,39.0,34.0,8.0,6.0,17.0,15.0,134.0,121.0,131.0,124.0,119.0,128.0,111.0,125.0,119.0,114.0,120.0,113.0,0.17727272727272728,0.3378787878787879,0.48484848484848486,0.26525017135023987,0.32625085675119947,0.40849897189856066,0.01712583767684289,0.0052122114668652275,0.01563663440059568,0.014147431124348473,0.01563663440059568,0.011169024571854059,0.0014892032762472078,0.005956813104988831,0.004467609828741623,0.0007446016381236039,0.03127326880119136,0.00967982129560685,0.039463886820551006,0.0052122114668652275,0.02084884586746091,0.024571854058078928,0.023827252419955324,0.0037230081906180195,0.008190618019359643,0.004467609828741623,0.004467609828741623,0.026061057334326135,0.0007446016381236039,0.0379746835443038,0.017870439314966492,0.012658227848101266,0.023827252419955324,0.039463886820551006,0.0029784065524944155,0.035740878629932984,0.026061057334326135,0.01340282948622487,0.09903201787043932,0.0007446016381236039,0.044676098287416234,0.026061057334326135,0.02531645569620253,0.06329113924050633,0.06105733432613552,0.014147431124348473,0.034996276991809384,0.02308265078183172,0.0037230081906180195,0.05212211466865227,0.0052122114668652275,0.020104244229337303,0.0029784065524944155,0.008935219657483246,0.008935219657483246,0.0014892032762472078,1.0,0.013809051682128362,-0.025468624630466983,-0.03132519652781952,0.00183186557416951,0.02922683445414691,-0.004785038556282972,-0.01832897882448601,0.0195534903390852,-0.04825560887397289,0.012950074225284876,-0.020018667919916397,-0.019956960782648303,-0.024820309561086405,-0.010013832598088171,0.009601487124113567,-0.050351859425421606,-0.027003912017014638,0.0018438404450284377,-0.024249262363269606,-0.0015458807354016548,-0.0301239205501947,0.009819388901982784,0.0142424457770065,0.018698610684956277,-0.022307002962522183,0.0007783673974882216,-0.032387891250341645,0.03953024925899217,0.01204155813464851,0.02211351789189609,0.0374523471270569,-0.01112533304700069,-0.041212773949837384,0.006139417576625382,0.01109158352440028,0.002827711870741598,-0.01822934553088248,-0.027043146465818596,-0.013096349642114629,0.02946735176497703,1.0,0.01381934158651147,-0.025702491871144876,-0.03070473581679682,0.002041072689975163,0.02775750943453243,-0.006455087125420279,-0.016786814477422432,0.021685166100176175,-0.05060362530285534,0.01366013872042774,-0.02146753762651627,-0.021131178265708244,-0.026039420188167732,-0.009058012956107695,0.006937667761562985,-0.05455825745260949,-0.022608377735882118,-0.0022719285226808603,-0.02796200628025918,-0.005386779296954231,-0.030086994402845502,0.007931244430278372,0.008509381127110308,0.019660073740665987,-0.028488333212872804,0.0017681674799249736,-0.03530272475002642,0.03311078654575892,0.0069067202964093405,0.017488237174938897,0.041948423878434095,-0.015201892418192104,-0.04278077074605612,0.003936565128044265,0.009246823433770285,-0.006910487085387715,-0.015210415017336385,-0.027867583984034015,-0.014645774432077098,0.03246263687452943
3.4502810258186454,0.623529802523471,0.8793745346239762,2.0,110.0,121.0,107.0,105.0,97.0,22.0,54.0,28.0,7.0,9.0,0.0,134.0,112.0,121.0,119.0,113.0,124.0,103.0,117.0,113.0,112.0,113.0,109.0,0.2311178247734139,0.3731117824773414,0.3957703927492447,0.2697841726618705,0.32877697841726616,0.4014388489208633,0.017870439314966492,0.008190618019359643,0.011913626209977662,0.011169024571854059,0.010424422933730455,0.007446016381236039,0.0022338049143708115,0.0052122114668652275,0.0037230081906180195,0.0014892032762472078,0.04244229337304542,0.00967982129560685,0.039463886820551006,0.007446016381236039,0.020104244229337303,0.02680565897244974,0.011169024571854059,0.004467609828741623,0.010424422933730455,0.0037230081906180195,0.004467609828741623,0.02084884586746091,0.0037230081906180195,0.029784065524944156,0.010424422933730455,0.008935219657483246,0.024571854058078928,0.039463886820551006,0.005956813104988831,0.03648548026805659,0.028294862248696945,0.010424422933730455,0.12434847356664185,0.0022338049143708115,0.04690990320178704,0.022338049143708117,0.03201787043931496,0.06403574087862993,0.06105733432613552,0.00967982129560685,0.044676098287416234,0.021593447505584513,0.008935219657483246,0.049143708116157855,0.0029784065524944155,0.01340282948622487,0.0007446016381236039,0.00967982129560685,0.005956813104988831,0.0014892032762472078,1.0,0.0059503736011816515,0.03471856055905801,0.027051448210180552,0.013240046521777637,0.03779780143477828,0.0038995303412929076,0.0020768093765445683,0.008631335045342393,-0.005591762273968132,0.023740647901382056,-0.0011002044313076509,0.013226956280105966,0.017343878430798283,0.02531680353605162,0.037478988459965994,0.018554374602563543,-0.015688883619083865,0.006183308374472521,0.0005201337305529327,-0.019328916839600335,-0.019254188417690256,-0.0184975305023425,-0.0026387568503723276,0.010003940425643634,0.0009373498232630252,0.0039678657124856765,0.04655658582756795,-0.0018733555910002875,0.003146023775540973,-0.004812979024493561,0.00566828514038494,0.0489963534289735,-0.007833459936592473,0.014645926914093237,0.04241143710519575,0.00716595853520148,-0.040669924804227486,-0.03637306201736501,0.015938345526922325,0.0043597303637409,1.0,0.005954807560646029,0.03473611266449064,0.026738515359141807,0.011810377930262213,0.03603015690722433,0.0020185434830123465,-0.0011067072051204213,0.006406655439168736,-0.006817911227617628,0.022081714693968007,-0.0015027780395439093,0.011972977083422126,0.01599446126387133,0.024637436728491027,0.03453112406500922,0.01576655194956534,-0.02094295948263694,0.0012158579660797295,-0.0016262920253505132,-0.022931317031768043,-0.02069003678268043,-0.016931439736531894,-0.0012047274001997072,0.012109058518415997,0.002619426770429432,0.0037573292990883142,0.04801426706821194,-0.004619769634326272,-0.0027886934553524676,-0.008313178423607492,0.0045122819906339776,0.0494342397412228,-0.006874970978983403,0.012916939102334893,0.04528553394719612,0.008812796286777214,-0.05056237099030186,-0.04078968753841978,0.014515849086777157,0.0032505866959610013
3.4937231189725724,0.6158917937822289,0.8897989575577067,2.0,111.0,119.0,115.0,98.0,65.0,49.0,10.0,12.0,4.0,10.0,1.0,134.0,111.0,123.0,118.0,120.0,117.0,111.0,123.0,111.0,113.0,111.0,111.0,0.12919463087248323,0.38422818791946306,0.4865771812080537,0.26657163221667857,0.3292943692088382,0.40413399857448323,0.00967982129560685,0.0052122114668652275,0.011913626209977662,0.014892032762472078,0.01712583767684289,0.011913626209977662,0.0014892032762472078,0.005956813104988831,0.0022338049143708115,0.005956813104988831,0.04095309009679821,0.007446016381236039,0.03276247207743857,0.005956813104988831,0.017870439314966492,0.024571854058078928,0.020104244229337303,0.0022338049143708115,0.007446016381236039,0.0052122114668652275,0.004467609828741623,0.023827252419955324,0.004467609828741623,0.024571854058078928,0.0193596425912137,0.014892032762472078,0.03201787043931496,0.03648548026805659,0.0052122114668652275,0.03052866716306776,0.024571854058078928,0.014147431124348473,0.11020104244229337,0.0029784065524944155,0.04988830975428146,0.01712583767684289,0.04393149664929263,0.05137751303052867,0.0781831720029784,0.01340282948622487,0.0387192851824274,0.01712583767684289,0.008190618019359643,0.04095309009679821,0.0014892032762472078,0.016381236038719285,0.0007446016381236039,0.012658227848101266,0.008190618019359643,0.0029784065524944155,1.0,0.03311567211951124,0.018472516993601508,-0.043274177682049636,-0.0793544355741964,0.024096669630052314,0.021601181935042,4.982097078120599e-05,0.047025642230246155,-0.011179029482562849,0.05432070928565782,-0.034316447353587576,0.013601539613405362,-0.00496506940352269,-0.01583283165319408,-0.04140309279375574,-0.004400300255350397,-0.006072242832266266,-0.0024776907855235354,-0.0008105117296920014,-0.01591511229585128,0.0023472884648460856,-0.01943489396031869,-0.032563547341447514,0.01962401286131494,0.001026850626131783,0.0056410908632861185,-0.0193963274170818,-0.03504169831742344,-0.02030393273854219,0.008772486065637665,0.01907827020201772,-0.009943172384505806,-0.0027895888838721803,-0.022615873204129555,0.006755373028282764,-0.020071958539813622,-0.020555102885111032,-0.02699750089180274,0.02076787671531036,-0.0063491853760341025,1.0,0.03314034847727541,0.017420917749855325,-0.044613336205542246,-0.07727804845523391,0.031076724209232267,0.021426264434261842,-0.009307687170955512,0.04323138323741937,-0.007855274785821598,0.0562317737110485,-0.03645902634989754,0.020062406623072713,-0.0039383315503954295,-0.012336875015456243,-0.04783391477790825,-0.0012451220047346642,-0.003909066148195612,-0.01415101016003538,-0.0018918456392329826,-0.019110925093136832,0.009408252235866206,-0.023480945373841718,-0.027966626704058188,0.02186057310506947,0.005627951509451923,-0.002604048036876386,-0.02127146794834654,-0.026826951736946002,-0.01987804009306534,0.010847630411143918,0.013875432226361638,-0.01720946853730279,-0.0012628269134147855,-0.02259017738329501,0.012984134025005811,-0.02374276007002214,-0.021743678983494368,-0.02992985732108525,0.026585790747925855,-0.012898649966142109
3.5247573033613,0.6558870912788292,0.8905435591958303,4.0,111.0,123.0,125.0,103.0,75.0,32.0,42.0,16.0,5.0,6.0,0.0,134.0,115.0,127.0,127.0,120.0,130.0,109.0,129.0,119.0,117.0,125.0,115.0,0.18847352024922118,0.3878504672897196,0.4236760124610592,0.26789366053169733,0.3292433537832311,0.40286298568507156,0.018615040953090096,0.00967982129560685,0.00967982129560685,0.011913626209977662,0.023827252419955324,0.014892032762472078,0.0014892032762472078,0.010424422933730455,0.004467609828741623,0.005956813104988831,0.04244229337304542,0.012658227848101266,0.03201787043931496,0.004467609828741623,0.01712583767684289,0.02680565897244974,0.018615040953090096,0.0029784065524944155,0.0052122114668652275,0.0022338049143708115,0.004467609828741623,0.02308265078183172,0.005956813104988831,0.02531645569620253,0.012658227848101266,0.011169024571854059,0.027550260610573342,0.04169769173492182,0.0037230081906180195,0.0379746835443038,0.029039463886820552,0.014892032762472078,0.09084139985107967,0.004467609828741623,0.05286671630677588,0.027550260610573342,0.03276247207743857,0.06924795234549516,0.06403574087862993,0.011913626209977662,0.039463886820551006,0.011169024571854059,0.010424422933730455,0.034996276991809384,0.0014892032762472078,0.017870439314966492,0.0022338049143708115,0.0052122114668652275,0.008935219657483246,0.0014892032762472078,1.0,0.0016604873059323279,0.014403577474452691,-0.03323321916942192,0.02963809359111468,0.019301108437486433,0.016394625951093787,0.007415587352875343,0.006401846291760165,0.024030170003841077,0.007763602751914109,-0.017535737882353207,-0.012858486628076342,0.018271485626819132,0.051232566435493516,-0.0032887787450134247,0.06481383603035719,-0.038537911470463135,-0.028328931164882214,0.03637891503338062,0.006988841095360107,0.015638482598409807,0.03379375582881563,-0.00935586178081413,0.007254756038541208,0.025332711533850423,0.008274963790796503,0.015989948593261694,0.029032662868712002,0.028310198367053452,-0.011677211177464984,-0.01830965169792478,0.0469694890872271,0.021380982868257695,-0.003454646978263499,0.009503809331119922,-0.0161727709590397,-0.01495031237454519,0.019918190331143594,0.005808896210905715,0.026711435199070915,1.0,0.0016617246288130603,0.014422337816126125,-0.0333622441983649,0.029683103033239674,0.0202260918072017,0.014435963744990182,0.008817709216606778,0.006422167447778299,0.02386323368025365,0.006807945087908305,-0.019105842619683223,-0.012478788235928564,0.017662922619826972,0.04941817812592655,-0.004953287265434145,0.06654940166519208,-0.03652122725217521,-0.03455797013736066,0.040827629186589186,0.0005547242713510144,0.01258461241943967,0.037134499176511036,-0.014275093171594906,0.006595389406853315,0.027130730558806288,0.005873451981983203,0.017155909890016356,0.027353986826585255,0.021832131767613006,-0.01915865354747311,-0.014349478552394943,0.04588530968207258,0.02032227287623359,-0.005531901357471764,0.0020386573366988174,-0.01914231339403098,-0.017000865294919263,0.013529201946319963,0.008334059127752343,0.027796270558514986
3.398477666190714,0.5967792327254606,0.8830975428145942,5.0,94.0,122.0,99.0,67.0,71.0,19.0,60.0,16.0,18.0,16.0,4.0,134.0,103.0,128.0,122.0,108.0,126.0,41.0,112.0,101.0,104.0,107.0,83.0,0.23011844331641285,0.338409475465313,0.43147208121827413,0.29314420803782504,0.34278959810874704,0.3640661938534279,0.014147431124348473,0.0052122114668652275,0.007446016381236039,0.00967982129560685,0.01712583767684289,0.014147431124348473,0.0,0.007446016381236039,0.0022338049143708115,0.0014892032762472078,0.03350707371556218,0.008190618019359643,0.0387192851824274,0.0007446016381236039,0.018615040953090096,0.024571854058078928,0.020104244229337303,0.0022338049143708115,0.00967982129560685,0.0029784065524944155,0.004467609828741623,0.03648548026805659,0.0022338049143708115,0.021593447505584513,0.011169024571854059,0.012658227848101266,0.039463886820551006,0.045420699925539834,0.007446016381236039,0.03350707371556218,0.020104244229337303,0.010424422933730455,0.10722263588979895,0.0037230081906180195,0.044676098287416234,0.024571854058078928,0.040208488458674606,0.05658972449739389,0.0766939687267312,0.007446016381236039,0.049143708116157855,0.012658227848101266,0.0022338049143708115,0.05956813104988831,0.0,0.018615040953090096,0.0014892032762472078,0.008190618019359643,0.0037230081906180195,0.03648548026805659,1.0,0.053501579240437275,0.019522914654114324,-0.014797243793279943,0.0637962288326396,0.019114358903581062,0.0738641181897895,0.027187886166138774,0.007574979063168364,0.07724476728999866,0.04363211472471338,0.026338176984051075,0.004252130485382058,0.04850214179910638,0.007541304435028133,0.045619970028744294,0.03324929902108232,0.009113976399815087,0.0202098739470604,0.03531976363428107,0.07331505900821529,0.0069976129780286245,0.03608980082107033,0.058528361185882206,0.030821801166561233,0.04226651118531856,0.027473109545095898,0.007692395995606516,-0.008933751956932995,0.024430486468171315,0.03650696045590661,0.016174039003895756,0.014290294545616228,0.013595773754568814,0.0174522518120383,-0.0007156844933287683,-0.011171363655128965,-0.019124632239427876,0.0068929209685327855,0.007587765835539939,-0.009819064323635242,1.0,0.0535414462890516,0.016733314298622577,-0.016808502338218664,0.06555189193951291,0.012959473877404001,0.07039377434322247,0.02171080571774945,-0.0007564086492821201,0.07844651809244738,0.028063239702941924,0.01639049066032267,-0.0014010862355559959,0.03759041152928566,-0.0025074470439297313,0.031382964997902815,0.023395580086168745,-0.004121340200990363,0.014191391395623289,0.020164695531942316,0.06285888536876831,-0.006442685166835569,0.0235640781993789,0.0541574036575429,0.008589655198939415,0.03172535997115053,0.009396367846923338,-0.005222477092749188,-0.022040511130535435,0.0011388127821212075,0.024295454200929035,-0.0021246242597776363,0.0008038479992845962,-0.00025414231545675366,0.0071156751101589975,-0.01728943883150612,-0.026076994733479755,-0.022024971283562032,-0.00503506185853893,-0.005760106067308599,-0.023601231696661878
3.496131633052089,0.6170152142468848,0.8838421444527178,0.0,115.0,120.0,109.0,99.0,91.0,21.0,39.0,11.0,12.0,3.0,7.0,134.0,117.0,129.0,121.0,121.0,128.0,101.0,125.0,121.0,114.0,117.0,112.0,0.20733652312599682,0.3684210526315789,0.42424242424242425,0.26875,0.33125,0.4,0.01712583767684289,0.006701414743112435,0.014892032762472078,0.020104244229337303,0.01563663440059568,0.014892032762472078,0.0,0.007446016381236039,0.0037230081906180195,0.0029784065524944155,0.03425167535368578,0.00967982129560685,0.03276247207743857,0.006701414743112435,0.022338049143708117,0.024571854058078928,0.014892032762472078,0.004467609828741623,0.008935219657483246,0.004467609828741623,0.0022338049143708115,0.021593447505584513,0.004467609828741623,0.02531645569620253,0.01712583767684289,0.011913626209977662,0.01712583767684289,0.040208488458674606,0.0037230081906180195,0.04095309009679821,0.028294862248696945,0.014147431124348473,0.11020104244229337,0.0037230081906180195,0.06105733432613552,0.018615040953090096,0.039463886820551006,0.06403574087862993,0.055100521221146684,0.006701414743112435,0.027550260610573342,0.016381236038719285,0.006701414743112435,0.04690990320178704,0.0029784065524944155,0.023827252419955324,0.004467609828741623,0.00967982129560685,0.008935219657483246,0.03648548026805659,1.0,0.03720452559112454,0.019639841491525947,0.024885883822251105,0.04504217154761821,0.022580470176454488,-0.007256456171915851,0.01870790214239777,0.047469583434929886,0.017406071033510495,-0.0015260326955785053,-0.01454771619422012,-0.04331494463861672,0.0023833681396127258,-0.0036296108423206053,-0.025104323107065566,-0.006931361344479724,-0.032440044600807925,-0.0019382902253120093,0.0003455047550716424,0.016793087369514164,0.005671181382680492,0.0033424283850916675,-0.02723734169114164,0.02630574141204965,-0.022982513821142823,-0.031851374267594226,0.040103056501411036,0.0008942357697442912,-0.04516851434380533,0.015406765956700357,0.012287837439605043,0.02881712479052194,-0.013117208001139703,-0.040898651038073865,-0.0012088922495944584,-0.003900807094008388,-0.044337441863040915,0.004080851831686545,-0.028293169523949564,0.041601744074190275,1.0,0.037232248784560544,0.01830827214459728,0.023581605122017384,0.04315293406942009,0.018700184146387844,-0.010924435532062864,0.016730468732171138,0.04417912603559385,0.012455765143110906,-0.004575294948931433,-0.01822749623709295,-0.04818103122744823,0.003418647522201214,-0.001241412750660427,-0.023256761270002115,-0.0036420447148482406,-0.03194834942942759,0.0011227521913457607,0.007222942782537694,0.02452688936720069,0.008037500391997384,0.0038126086465544834,-0.029284748390643017,0.027037032433951058,-0.02251624075382162,-0.031140161137230827,0.042076258652522014,-0.004732693831471915,-0.05118361001884931,0.022235037503564623,0.012744024858865314,0.02795876331491823,-0.00885714875025421,-0.0425421481233266,-0.005744528930364706,-0.0008640051251480901,-0.04208799370771846,0.009859664304555796,-0.02476598649085438,0.038284928725691676
3.4878359092523987,0.638607362796489,0.8830975428145942,3.0,100.0,129.0,114.0,73.0,89.0,30.0,60.0,14.0,7.0,16.0,0.0,134.0,103.0,131.0,122.0,125.0,130.0,88.0,129.0,111.0,125.0,119.0,101.0,0.23937007874015748,0.32755905511811023,0.4330708661417323,0.2771509167842031,0.34062059238363895,0.382228490832158,0.0193596425912137,0.008935219657483246,0.010424422933730455,0.012658227848101266,0.011913626209977662,0.017870439314966492,0.0014892032762472078,0.008190618019359643,0.004467609828741623,0.0022338049143708115,0.03276247207743857,0.005956813104988831,0.03127326880119136,0.0037230081906180195,0.01563663440059568,0.022338049143708117,0.024571854058078928,0.0007446016381236039,0.0052122114668652275,0.0037230081906180195,0.0052122114668652275,0.027550260610573342,0.0037230081906180195,0.03201787043931496,0.00967982129560685,0.00967982129560685,0.028294862248696945,0.04765450483991065,0.0029784065524944155,0.04095309009679821,0.03276247207743857,0.010424422933730455,0.0967982129560685,0.004467609828741623,0.06105733432613552,0.02531645569620253,0.039463886820551006,0.05361131794489948,0.06329113924050633,0.011169024571854059,0.039463886820551006,0.01563663440059568,0.005956813104988831,0.04765450483991065,0.004467609828741623,0.014892032762472078,0.0037230081906180195,0.011913626209977662,0.005956813104988831,0.0007446016381236039,1.0,0.03711186401051224,-0.025334273302611243,0.03523654690677137,-0.014406648313477172,0.02072283552912251,0.012153655663515088,0.003279773436760163,0.01977889136545593,0.008609189040546418,-0.01860613230778746,0.024582116312383485,-0.02390179434481698,-0.05283802034103974,0.0014109888367301023,0.004940505453665633,-0.015120258900485432,0.007651139752567388,-0.02112420494594409,0.03178757813679136,-0.026877103389753302,-0.025665605767057474,0.04026622479666724,0.010993102968925722,0.01750003154063834,-0.003511711024787606,-0.06484305069454073,-0.04810380482054196,-0.0057025367245354276,0.013310517826634692,-0.013171757433004513,-0.0029091462911840526,-0.027272897578566394,-0.01204890845909579,0.01448872054356983,-0.0015969569773387523,-0.01306567594309151,-0.04633690408790185,-0.0024064353924913256,-0.043320467164139696,-0.000645592987006336,1.0,0.03713951815657074,-0.02678835160954199,0.03735618742083803,-0.017997755701822278,0.024115778542337256,0.008233817657087751,0.004957352463595242,0.018309081481183015,0.007387709263118704,-0.01882670979204573,0.025130794869976325,-0.02758591182280907,-0.049416831282364966,0.0008621350219416721,0.005231274182320319,-0.014029284462447465,0.008011255818360317,-0.020156152296186457,0.036521838332870024,-0.032203573139030564,-0.01633541488315795,0.037531316882448706,0.010145831145271606,0.02110836651110858,-0.00972047026042571,-0.06658047196690975,-0.04621832358586731,-0.006839782526848314,0.01736901117078543,-0.017837708261817308,9.024447907451103e-05,-0.02361844675624196,-0.012416906941728702,0.015401924452931455,0.007252092888428096,-0.013062123858033549,-0.044026875714374775,-0.000965347614279397,-0.054745310924395524,0.002720788761363777
3.5244442868970927,0.6606012973321975,0.885331347728965,5.0,110.0,121.0,120.0,74.0,82.0,29.0,46.0,17.0,14.0,7.0,1.0,134.0,111.0,126.0,121.0,111.0,130.0,107.0,115.0,111.0,111.0,112.0,110.0,0.2124600638977636,0.35942492012779553,0.4281150159744409,0.27090779127948533,0.32451751250893496,0.4045746962115797,0.012658227848101266,0.00967982129560685,0.014147431124348473,0.01712583767684289,0.012658227848101266,0.014147431124348473,0.0022338049143708115,0.010424422933730455,0.004467609828741623,0.0014892032762472078,0.034996276991809384,0.012658227848101266,0.03723008190618019,0.008190618019359643,0.0193596425912137,0.021593447505584513,0.02531645569620253,0.0029784065524944155,0.011913626209977662,0.005956813104988831,0.004467609828741623,0.026061057334326135,0.004467609828741623,0.02308265078183172,0.014147431124348473,0.011169024571854059,0.029784065524944156,0.04095309009679821,0.0029784065524944155,0.035740878629932984,0.03201787043931496,0.00967982129560685,0.09828741623231571,0.0007446016381236039,0.04244229337304542,0.02308265078183172,0.029784065524944156,0.06329113924050633,0.07148175725986597,0.010424422933730455,0.029784065524944156,0.017870439314966492,0.007446016381236039,0.04839910647803425,0.0022338049143708115,0.008935219657483246,0.0029784065524944155,0.014892032762472078,0.01340282948622487,0.0007446016381236039,1.0,0.016920397686985156,0.04418295820778685,0.023650948005021696,0.002634098246390884,0.009536408846647885,-0.03111910687814561,-0.00046243781814488377,0.003738392179864033,0.020460499059481295,0.011870877037842745,-0.016764416730969473,0.020853047271318446,-0.01780288171375584,0.010453912621558719,0.009860784373681462,0.05562762992176669,0.015740954371802673,-0.0109357543779727,0.011417718771636956,0.01950444630889401,0.00022287276287170918,-0.04308547745488572,-0.04725108330933731,0.0007277703223413758,-0.006420073679369871,0.0009376571630428398,-0.00807727084262311,-0.01566177158719475,-0.030025918429004844,-0.010367671381878189,-0.01310771458616388,0.015829198686571403,-0.012656913680436012,-0.011385506053892484,-0.024675732121219457,0.006040238862480085,-0.020693223681460166,-0.018776907634692093,-0.02865982121887147,0.03602943424820176,1.0,0.016933006031014185,0.043974735783086305,0.022292444197056185,-2.5935326313565864e-05,0.007532482979647091,-0.032250505769715124,-0.0002975181020550428,0.006170539432430237,0.022003271821851744,0.010986187181569344,-0.018867474625485294,0.01863322651996736,-0.01788538088544285,0.010178661459535599,0.01159852471191982,0.05719483962430222,0.011287365426375243,-0.016165690947929696,0.006468258628216859,0.02079553488703412,-0.0010640522779920988,-0.04297525367561454,-0.04627872284675607,0.0026724955342931163,-0.0019124896533303844,0.0025528562994918767,-0.004999824385122141,-0.01957827490527353,-0.0335015557971118,-0.007896756058323922,-0.008965525751430647,0.0189301675601012,-0.013246675266521285,-0.012264171069488574,-0.02783236704621074,0.004594967807675515,-0.016728847562155515,-0.00909302214243336,-0.02166782087965214,0.0394415995461165
3.488990704289094,0.6320427279518324,0.8838421444527178,5.0,113.0,124.0,120.0,97.0,91.0,25.0,34.0,10.0,13.0,10.0,2.0,134.0,113.0,126.0,123.0,117.0,128.0,113.0,126.0,113.0,113.0,119.0,112.0,0.20186335403726707,0.37267080745341613,0.4254658385093168,0.2700069589422408,0.3242867084203201,0.4057063326374391,0.011169024571854059,0.004467609828741623,0.01712583767684289,0.020104244229337303,0.011169024571854059,0.012658227848101266,0.0007446016381236039,0.008935219657483246,0.0029784065524944155,0.005956813104988831,0.04169769173492182,0.012658227848101266,0.03723008190618019,0.0037230081906180195,0.023827252419955324,0.024571854058078928,0.02680565897244974,0.0022338049143708115,0.011913626209977662,0.008935219657483246,0.004467609828741623,0.02308265078183172,0.0022338049143708115,0.021593447505584513,0.010424422933730455,0.014147431124348473,0.027550260610573342,0.05361131794489948,0.004467609828741623,0.028294862248696945,0.027550260610573342,0.011913626209977662,0.09158600148920328,0.0022338049143708115,0.05137751303052867,0.02084884586746091,0.03425167535368578,0.06031273268801191,0.0766939687267312,0.008935219657483246,0.039463886820551006,0.014892032762472078,0.0029784065524944155,0.04318689501116903,0.0007446016381236039,0.014147431124348473,0.0014892032762472078,0.008190618019359643,0.008190618019359643,0.0022338049143708115,1.0,-0.015943813977047284,0.03281844804561079,0.01838944396349241,-0.00204034278122537,0.0319450257923252,-0.045847622697710116,0.003300807066170286,-0.017194185457162437,0.023446695933113246,0.032097985897712684,0.04841437004525613,-0.0025575660602034224,-0.021125793351322558,0.02072705070063986,0.017066430378341376,-0.02824919280644066,-0.019642629524847834,-0.015350225377628585,0.03186738379788927,0.040794471196488845,-0.008578123636504191,0.0007247319153974219,0.042404928917609386,0.02478415723142247,-0.006140033653263762,-0.026214262593677817,-0.06730566918932225,0.00454893518313202,-0.017148882617146807,-0.04597022790643535,-0.015669680338342082,-0.04299979900263703,-0.00698596121291754,-0.054721723111534115,-0.021550454451474913,0.008671576831745421,-0.0041219410686714345,-0.012271689666589489,0.005443623253342871,-0.006852701340041006,1.0,-0.01595569461339383,0.03262111490638849,0.019484110613607185,-0.0025257039627742646,0.03079643041429095,-0.0453775578672764,-5.08487671885289e-05,-0.015516153171802723,0.02494935159443102,0.03312251178671217,0.05204215958703399,-0.006291314737236412,-0.02503399093032567,0.015546295348037729,0.019921876992527624,-0.028936427290520043,-0.01726077483421502,-0.01366074686979897,0.03150626800006865,0.04160196092890724,-0.009357625996742532,-0.005936034727124063,0.043531081262788825,0.02369728880235263,-0.010775799922267723,-0.026848997976799207,-0.06499540249513157,0.004887279664030154,-0.014139878778132317,-0.04956166614153982,-0.017555705606609087,-0.037248721139110756,-0.015583484084879832,-0.06387330611309124,-0.024626245607688457,0.020699565185571776,0.009580257040897492,-0.014111371525832592,0.005534332430394695,-0.005782451634926496
3.4931265373531093,0.629045144810233,0.889054355919583,3.0,108.0,123.0,121.0,95.0,85.0,52.0,47.0,18.0,5.0,7.0,0.0,134.0,111.0,129.0,121.0,117.0,130.0,109.0,127.0,111.0,113.0,125.0,111.0,0.2033132530120482,0.35993975903614456,0.4367469879518072,0.2719054242002782,0.32127955493741306,0.40681502086230875,0.018615040953090096,0.007446016381236039,0.011913626209977662,0.01563663440059568,0.016381236038719285,0.012658227848101266,0.0014892032762472078,0.007446016381236039,0.0014892032762472078,0.0029784065524944155,0.0387192851824274,0.011169024571854059,0.02308265078183172,0.004467609828741623,0.017870439314966492,0.02084884586746091,0.0193596425912137,0.0037230081906180195,0.011169024571854059,0.0029784065524944155,0.004467609828741623,0.02308265078183172,0.0022338049143708115,0.023827252419955324,0.01340282948622487,0.011169024571854059,0.03052866716306776,0.045420699925539834,0.004467609828741623,0.0379746835443038,0.035740878629932984,0.01563663440059568,0.09903201787043932,0.004467609828741623,0.05063291139240506,0.03127326880119136,0.029039463886820552,0.05137751303052867,0.08711839166046165,0.008190618019359643,0.03127326880119136,0.016381236038719285,0.006701414743112435,0.045420699925539834,0.0037230081906180195,0.018615040953090096,0.0037230081906180195,0.00967982129560685,0.0052122114668652275,0.0007446016381236039,1.0,-0.020271778245627876,-0.037340394829356145,0.0033476654646392053,0.016004997741301936,-0.0178933980629711,-0.005257989809145634,-0.03463295667281899,0.02676319580881577,0.01110942759855166,0.03155501960887805,0.018072772934279273,0.013746732759583744,0.04561606764043114,0.05174641973016918,0.02431000077309087,0.019076299341807944,0.037875881353157066,0.0037181188983043414,-0.03185928428285481,0.023241967841191095,0.0129486735480723,0.012716986582764211,-0.026399015504653737,0.028834055302409338,0.01850259911619267,-0.022837637337644476,0.009530617775164044,-0.008576435473393415,-0.02763537018655953,0.06287982893374669,-0.03014356267683628,0.021011194507882365,0.02812235300790084,-0.006340164651280808,-0.03746413286763006,-0.029659937916194958,-0.009145791771289163,-0.022033127783062694,-0.017060890007235784,0.03094536152186896,1.0,-0.020286883892606734,-0.037823209291466584,0.0018038224195238814,0.014774050386730637,-0.0171546648289791,-0.004882869042707218,-0.03649396704105137,0.025002754802565724,0.010201303703549502,0.03434380699610327,0.02122105344135983,0.015099533592245038,0.048511427526144735,0.05421813799579169,0.03366470789270216,0.025834688961733483,0.04347427981617323,0.008019225566780095,-0.027854140970876465,0.024939719917719743,0.011784372640924884,0.014160385697986113,-0.02922963974493953,0.022720271126187342,0.01035502238026554,-0.030626479532379906,0.004336436002075493,-0.020873331043484048,-0.034034884518935334,0.05291000377511969,-0.03659133480026245,0.02284260455465458,0.02429072074868551,-0.009783520031063114,-0.039683652048867125,-0.03448183389583133,-0.010829241710332933,-0.034180282288482966,-0.014650163572573396,0.030093939908195633
3.4857736247756055,0.6147247066849622,0.8860759493670886,7.0,107.0,123.0,111.0,83.0,103.0,43.0,44.0,15.0,21.0,9.0,7.0,133.0,111.0,128.0,117.0,114.0,126.0,103.0,125.0,113.0,114.0,115.0,107.0,0.2288261515601783,0.34175334323922735,0.4294205052005943,0.27311522048364156,0.32574679943101,0.4011379800853485,0.02308265078183172,0.0037230081906180195,0.014892032762472078,0.017870439314966492,0.021593447505584513,0.01340282948622487,0.0014892032762472078,0.004467609828741623,0.007446016381236039,0.0029784065524944155,0.0387192851824274,0.011169024571854059,0.03723008190618019,0.0029784065524944155,0.014892032762472078,0.018615040953090096,0.020104244229337303,0.0007446016381236039,0.007446016381236039,0.0037230081906180195,0.0029784065524944155,0.03201787043931496,0.0022338049143708115,0.02680565897244974,0.01340282948622487,0.011913626209977662,0.027550260610573342,0.03350707371556218,0.007446016381236039,0.035740878629932984,0.02680565897244974,0.010424422933730455,0.10722263588979895,0.0037230081906180195,0.04839910647803425,0.018615040953090096,0.040208488458674606,0.058823529411764705,0.07446016381236038,0.01340282948622487,0.03648548026805659,0.018615040953090096,0.005956813104988831,0.0387192851824274,0.0022338049143708115,0.01712583767684289,0.0052122114668652275,0.005956813104988831,0.006701414743112435,0.0007446016381236039,1.0,0.038082869055612804,-0.0023479660376921553,0.0023231224644099037,-0.01278885457256948,0.05367238741070782,0.012300773681756883,-0.02136394467174154,0.02719461187669465,-0.01183411916091725,-0.05191541065544861,0.005133033355759741,0.013742836256067259,-0.010450851864082445,0.005041422660483439,-0.022464611577893562,-0.03163757887468691,0.026628373241331008,0.0338171912497063,0.02790414285914424,0.07539357205553793,-0.018961392970950303,-0.010143101667910817,-0.02481764573669157,0.00860917563386901,-0.017948056190503086,0.01572879488477165,0.004438274289763668,-0.015603034956677655,0.026843500032336383,-0.0150782315578689,0.02710573170394754,-0.018535902588322953,0.013912199590884912,-0.040355639839859396,-0.029646425862955822,0.008935440843568194,0.008601685332105114,-0.003631010341815926,-0.019870511449279236,0.00010183294176688659,1.0,0.038111246752375566,-0.003809468107546044,0.0025672318514791998,-0.013042402567769734,0.05496805295549984,0.00810067768295941,-0.02194366502321148,0.028753784971304798,-0.012836368056476396,-0.054067717500300726,0.007489417595082422,0.01643642307466973,-0.014699046673103728,0.004926069174753602,-0.015700274925820247,-0.031324338633026985,0.025806764979713563,0.03702247132261148,0.024065344997478536,0.07257819616553832,-0.018608805191801404,-0.010438286960738837,-0.030536044451354296,0.01228374620620859,-0.031444860119294704,0.015400135002924855,0.01069527461675004,-0.01423027785128735,0.031064418192985152,-0.009043107767470034,0.025768078289238494,-0.027928788044688787,0.024162316544251883,-0.045951890603952196,-0.025821715341998567,0.01277531430693285,0.0023101043435918597,-0.01366550872126919,-0.018613275720702115,0.004975616395005636
3.4473282832025878,0.6256472657656693,0.8830975428145942,7.0,94.0,121.0,112.0,78.0,65.0,13.0,47.0,21.0,25.0,19.0,0.0,134.0,106.0,128.0,123.0,107.0,126.0,53.0,125.0,107.0,122.0,121.0,89.0,0.19767441860465115,0.3920265780730897,0.41029900332225916,0.2870991797166294,0.3422818791946309,0.3706189410887398,0.007446016381236039,0.0037230081906180195,0.010424422933730455,0.017870439314966492,0.01712583767684289,0.0052122114668652275,0.0014892032762472078,0.00967982129560685,0.004467609828741623,0.0022338049143708115,0.03201787043931496,0.008935219657483246,0.04169769173492182,0.006701414743112435,0.02308265078183172,0.029039463886820552,0.010424422933730455,0.004467609828741623,0.01340282948622487,0.004467609828741623,0.004467609828741623,0.021593447505584513,0.0029784065524944155,0.024571854058078928,0.005956813104988831,0.014147431124348473,0.035740878629932984,0.05286671630677588,0.007446016381236039,0.04690990320178704,0.011913626209977662,0.008935219657483246,0.10796723752792256,0.0022338049143708115,0.05137751303052867,0.018615040953090096,0.04839910647803425,0.06403574087862993,0.058823529411764705,0.008935219657483246,0.0379746835443038,0.02308265078183172,0.008190618019359643,0.044676098287416234,0.0037230081906180195,0.018615040953090096,0.0014892032762472078,0.005956813104988831,0.0029784065524944155,0.0014892032762472078,1.0,0.014915078162261133,0.0057695287847487516,-0.030405646805823933,-0.0008389765140766048,0.034228283127116454,0.01020010583209164,-0.01669998009281573,0.0029291082126601873,-0.024521516116367655,0.00485990950110904,-0.0002701003165617088,-0.011902073650880616,-0.055569222947166534,0.028031227765339034,0.02847520321606167,0.02078827531346823,-0.012919885127377042,0.03316705829104512,-0.044347331823461934,0.0025641342631849673,-0.04166437846440031,0.02793004149204067,0.01801871838706773,0.025814947793795562,-0.0008765575375948385,-0.0446379706710391,-0.015676243253644997,-0.036500422826039935,0.02276742071725058,0.018934731582445956,-0.0077831330516165515,0.017177320574904842,-0.012032528412438607,-0.026698075946475823,-0.010446152935628875,-0.024466428289441726,-0.0013395154003566934,0.0012174238557866564,-0.029275115267671077,0.0372689802876154,1.0,0.014926192229446134,0.005556580343049361,-0.030650198765360268,3.88380078516354e-05,0.034770012989655395,0.00829934927185871,-0.01759139237023329,0.00545620079992977,-0.024008021213960926,0.0033467942493240668,-0.0004576549416274133,-0.012474939052717186,-0.05570172166626715,0.031664318569285366,0.028466893978789293,0.015485102145714998,-0.011335277713299735,0.039287865077388975,-0.0465209156281148,-0.001442387860615844,-0.04079395909037789,0.02611525315623478,0.017635661287253416,0.02674182663278631,0.0006028202615833258,-0.047297384859656795,-0.00819229263278534,-0.03949628221573899,0.021841589750275784,0.01410558633152238,-0.0022720160976047593,0.014254719436826895,-0.009231643319456483,-0.032528506956646774,-0.005791311648901391,-0.023714560430121313,0.0009551873025228281,-0.005045111108193706,-0.031756331304341946,0.03459341456953648
3.4667001239808544,0.6223281291208801,0.8883097542814594,2.0,103.0,125.0,121.0,86.0,82.0,23.0,16.0,4.0,16.0,1.0,0.0,134.0,103.0,129.0,127.0,111.0,130.0,103.0,124.0,105.0,105.0,120.0,103.0,0.17271157167530224,0.3920552677029361,0.43523316062176165,0.2783357245337159,0.321377331420373,0.40028694404591103,0.01712583767684289,0.004467609828741623,0.01340282948622487,0.01712583767684289,0.017870439314966492,0.014892032762472078,0.0022338049143708115,0.008935219657483246,0.005956813104988831,0.0022338049143708115,0.03201787043931496,0.014147431124348473,0.03648548026805659,0.0052122114668652275,0.017870439314966492,0.02084884586746091,0.016381236038719285,0.0014892032762472078,0.006701414743112435,0.0052122114668652275,0.0014892032762472078,0.02531645569620253,0.0052122114668652275,0.03648548026805659,0.014147431124348473,0.008190618019359643,0.029784065524944156,0.045420699925539834,0.004467609828741623,0.027550260610573342,0.02680565897244974,0.0052122114668652275,0.10647803425167536,0.0029784065524944155,0.049143708116157855,0.021593447505584513,0.035740878629932984,0.06478034251675353,0.06924795234549516,0.007446016381236039,0.04169769173492182,0.016381236038719285,0.0052122114668652275,0.054355919583023084,0.0037230081906180195,0.010424422933730455,0.0022338049143708115,0.010424422933730455,0.006701414743112435,0.0007446016381236039,1.0,0.04923891994870181,0.03483322861760967,0.034339227086599595,0.0029682339382797926,0.00034450941786364674,0.061955490746709564,0.07020498443766643,0.06261223410561918,0.05320918501775613,0.012817106327082136,0.04774175985975738,0.0742823870746888,0.023295960216191784,0.02607232973765416,0.05039570623103055,0.021217577968443185,0.030856557744202855,0.024303327722147234,0.0382139523192746,0.06283596643181372,0.04573471599781818,0.029924007126964778,0.025003457987779483,0.08073821716249052,-0.009076864866039225,0.01875995306034749,0.015705915701828558,-0.009094048560028992,0.012109878306731818,0.0516140537626793,-0.0010869325625239093,0.04016093976065832,0.010993081868916057,0.016159701724669098,-0.005970629677618324,0.025936087083393806,0.03223770289157799,-0.0021120829037013416,-0.001954654985419847,0.05706035754840897,1.0,0.049275610649110686,0.03253609436560469,0.031258719581387595,-0.001257534851778774,-0.0019020701392747866,0.061453565322602564,0.06534294069169487,0.05365581157564033,0.04108207914717899,0.001514815815809882,0.04259158001567922,0.0668322528579966,0.008865638731877588,0.008870858735557475,0.033618385308996426,0.008721842630385909,0.018469670284987024,0.004868692329328913,0.021440273129779513,0.04701977797751307,0.02768844635195205,0.01334787621129978,0.0051948188019736215,0.06725700442407523,-0.025364573344639704,3.2408486877920425e-05,-0.007228901167466716,-0.02696147890612785,-0.0026723005389699336,0.033370139925779606,-0.023814691892639767,0.020560490846101225,-0.007302255329363019,0.010248312584777874,-0.021018392469890887,0.010862064405187352,0.02582155154994172,-0.01786665326662554,-0.018327735913290944,0.05363485385087057
3.4520422913899815,0.6258359683367478,0.8845867460908414,0.0,108.0,124.0,116.0,96.0,76.0,30.0,44.0,22.0,4.0,10.0,0.0,134.0,109.0,131.0,123.0,125.0,125.0,109.0,125.0,110.0,111.0,113.0,109.0,0.19047619047619047,0.37777777777777777,0.43174603174603177,0.2696629213483146,0.32935393258426965,0.40098314606741575,0.017870439314966492,0.00967982129560685,0.011169024571854059,0.0193596425912137,0.011169024571854059,0.014892032762472078,0.0,0.0014892032762472078,0.005956813104988831,0.0029784065524944155,0.034996276991809384,0.011169024571854059,0.03350707371556218,0.0029784065524944155,0.02680565897244974,0.026061057334326135,0.014892032762472078,0.0014892032762472078,0.008935219657483246,0.0014892032762472078,0.0029784065524944155,0.022338049143708117,0.0022338049143708115,0.03425167535368578,0.01340282948622487,0.008190618019359643,0.029039463886820552,0.03201787043931496,0.0037230081906180195,0.029039463886820552,0.02531645569620253,0.008190618019359643,0.11243484735666419,0.0022338049143708115,0.04988830975428146,0.027550260610573342,0.040208488458674606,0.05658972449739389,0.08265078183172003,0.00967982129560685,0.03723008190618019,0.016381236038719285,0.011913626209977662,0.04393149664929263,0.0052122114668652275,0.016381236038719285,0.0037230081906180195,0.011169024571854059,0.004467609828741623,0.0007446016381236039,1.0,-0.008245144181140628,0.021549017478935575,-0.05717399596565936,-0.006654269362808801,-0.01736802775197042,0.033527497354932566,0.018928834645535342,0.014181618519966521,-0.024608591841189964,-0.018574477167406702,0.03070440839265032,0.028739225194518637,0.014576684753172905,-0.00981323112894707,-0.008031349303944824,-0.008358061808147323,0.04280160566189067,0.06641257558693285,-0.010011255748004209,-0.021661421922492378,0.02471568676468612,0.010053876966120869,-0.01673470694643354,0.03045483503672527,-0.034822787012197515,0.004896236573798249,-0.004310479426231837,-0.004021393011622724,0.007090218679227151,-0.04635633183187961,0.016641973568924696,0.020011618812313087,-0.018013660032254155,0.05279923615304498,-0.0009018313450435155,0.0003089122399746001,0.03603150571771081,0.015243222505581024,0.0062473700860634675,-0.0405045402249516,1.0,-0.008251288103779337,0.021514537242583932,-0.056980486120525496,-0.008021374748665386,-0.015159051378185722,0.03060952982043403,0.01942510231514718,0.01137925179576299,-0.022146368554814857,-0.017354298175300032,0.03460395707325706,0.027688604476640778,0.010727505451712492,-0.009696964617506293,-0.004989682921214892,-0.0034163060430510124,0.04332007718277644,0.06552578276953201,-0.0157348797943851,-0.020866460215180665,0.03608524745530067,0.014828577272943488,-0.02244086168518357,0.02527065207997859,-0.0374175318493251,0.004278189348540394,0.005983855689699531,-0.010108501186064236,-0.0004677728059368907,-0.05424226138483777,0.02019735544179229,0.02525187400649772,-0.024495633699611025,0.05308101161645067,-0.006637111256714628,-0.0026196291826665673,0.050817817673957856,0.017030481528820404,-0.0020480972036708506,-0.04281781744828148
3.387054790368823,0.5998822010363101,0.8912881608339538,17.0,92.0,121.0,112.0,85.0,96.0,0.0,65.0,22.0,21.0,30.0,3.0,134.0,105.0,127.0,123.0,122.0,130.0,6.0,129.0,119.0,122.0,125.0,78.0,0.2680722891566265,0.3614457831325301,0.3704819277108434,0.29772727272727273,0.36818181818181817,0.3340909090909091,0.011913626209977662,0.007446016381236039,0.011913626209977662,0.005956813104988831,0.01340282948622487,0.008935219657483246,0.0014892032762472078,0.00967982129560685,0.0037230081906180195,0.0029784065524944155,0.0379746835443038,0.007446016381236039,0.04690990320178704,0.0029784065524944155,0.01563663440059568,0.022338049143708117,0.008935219657483246,0.0014892032762472078,0.004467609828741623,0.0029784065524944155,0.0022338049143708115,0.04393149664929263,0.0007446016381236039,0.03127326880119136,0.0052122114668652275,0.022338049143708117,0.0387192851824274,0.04318689501116903,0.004467609828741623,0.040208488458674606,0.022338049143708117,0.011913626209977662,0.10424422933730454,0.0022338049143708115,0.058823529411764705,0.014892032762472078,0.05212211466865227,0.06775874906924795,0.06924795234549516,0.008190618019359643,0.035740878629932984,0.012658227848101266,0.005956813104988831,0.044676098287416234,0.0029784065524944155,0.012658227848101266,0.004467609828741623,0.0022338049143708115,0.004467609828741623,0.0014892032762472078,1.0,0.0021271211150125486,-0.0034142209920313754,-0.02470634516365546,-0.04320935458220442,-0.04261949116888189,0.03688420983341211,-0.0032027840794837436,0.03717754023577516,0.028665923296417074,-0.047533359901006475,0.024089921600666222,0.018936016640134522,0.04733328626151922,-0.02400047126154903,0.05663092841574846,0.013259839300394727,-0.006511267009447269,-0.03402261433501027,-0.03160955507290992,0.0457177335626094,0.02929835915732295,-0.0038794550393519956,-0.009054521822911082,-0.007548581345341607,0.010997156516358806,0.052772673738942684,-0.04140252340955939,0.01926134742873694,0.014859981910631894,-0.013543522182094692,-0.008152473825675606,0.008710368369532102,-0.012319633157117258,-0.0004115782875487621,0.02168906864315028,-0.013981297301720447,-0.009255649679712638,0.012522975829298897,0.023828310878605208,-0.04591344878298358,1.0,0.0021287061531012263,-0.0034238599489499455,-0.02474746810010876,-0.043273693173385926,-0.042922864740238924,0.03630061419163974,-0.00573226157984479,0.03388438649705118,0.027030157660967835,-0.04688797851898458,0.02931685585118717,0.021470504019538407,0.05182595664937566,-0.027443091981206362,0.05587375901550011,0.021996898679954337,-0.0060854010711628185,-0.028480469575034032,-0.03192292274304415,0.050503461658818034,0.02235921590660988,-0.008866077118963292,-0.011207392397338973,-0.013197292788556168,0.023950989745576096,0.051832394369084524,-0.04385628172404623,0.00864777330109167,0.014865536112607484,-0.003921838407191718,-0.005488636364423362,0.001938830122816363,-0.012109211796668861,-0.001566895685990989,0.021421710589857406,-0.015283628318590946,-0.0210784862555264,0.015566216184325734,0.03311214517130769,-0.046866830819376655
3.4189408456059347,0.5708479554237023,0.8823529411764706,16.0,72.0,118.0,114.0,70.0,88.0,4.0,74.0,24.0,29.0,10.0,0.0,134.0,82.0,125.0,124.0,115.0,127.0,23.0,127.0,121.0,124.0,117.0,83.0,0.2875605815831987,0.38287560581583197,0.3295638126009693,0.2980030721966206,0.3717357910906298,0.3302611367127496,0.014147431124348473,0.008935219657483246,0.008935219657483246,0.012658227848101266,0.01340282948622487,0.008935219657483246,0.0022338049143708115,0.011169024571854059,0.0022338049143708115,0.0022338049143708115,0.0379746835443038,0.006701414743112435,0.04169769173492182,0.004467609828741623,0.017870439314966492,0.024571854058078928,0.00967982129560685,0.0007446016381236039,0.014147431124348473,0.004467609828741623,0.0029784065524944155,0.03425167535368578,0.0029784065524944155,0.03350707371556218,0.006701414743112435,0.01563663440059568,0.0387192851824274,0.05956813104988831,0.0007446016381236039,0.04318689501116903,0.0193596425912137,0.008190618019359643,0.0975428145941921,0.0037230081906180195,0.05361131794489948,0.02308265078183172,0.04765450483991065,0.06552494415487714,0.06478034251675353,0.008935219657483246,0.03127326880119136,0.012658227848101266,0.006701414743112435,0.04765450483991065,0.0007446016381236039,0.008935219657483246,0.0014892032762472078,0.0052122114668652275,0.0052122114668652275,0.0022338049143708115,1.0,0.01260659788388041,0.029568002298082183,-0.0159350639944582,-0.03178683226724887,-0.042383445969179694,-0.044161087227785875,-0.003963665716726098,-0.024013137402329254,0.011057172396296219,0.006189319793385015,0.03422018498667964,0.013876342420701451,0.011224573176383187,0.0018187554249437534,0.026137226823200712,0.029400882299044823,-0.03133793151119816,-0.003323044523775542,-0.0248644067219334,-0.018418271110882647,0.06374054859501702,0.006947502535854824,0.048785327951473396,0.013587687746408573,-0.03085928660518538,-0.02750608077264156,0.014800256575320147,-0.010626083787788392,0.009756414121112793,0.0003932290532708697,0.06282728765506948,-0.034639392191631216,0.02670960636044953,0.010204571362062946,0.0026795974255008357,0.00796683096723537,0.030301918291015844,0.037300004650779,-0.013429445568803924,-0.010314366015532688,1.0,0.012615991772020408,0.029457626058575773,-0.01672212763464405,-0.03238807248493343,-0.04086857121633144,-0.04189067083359786,-0.0016342059277807016,-0.024023888556286732,0.007821126727120787,0.0029303585507778375,0.02956986601638807,0.009971403985034941,0.00792097453827528,0.00102891685577523,0.02948092450583358,0.03293417362299613,-0.02931962946806446,-0.0015935161433314985,-0.01860701874167286,-0.015021309240607149,0.06974407828264224,0.004925389840965382,0.04237355214532217,0.012105660567254078,-0.03632758535158759,-0.024486988758509548,0.023384772050484472,-0.0054424335983619876,0.015420684212401878,-0.001531027843224133,0.06173782712356394,-0.041464987745521716,0.025007808757538372,0.009934406830218335,0.006899345968675149,0.007961448480210747,0.03267046071935162,0.03781757546833334,-0.01388499034385547,-0.007618910955841145
3.5103282448022592,0.625440265920397,0.8920327624720774,3.0,116.0,129.0,119.0,102.0,93.0,38.0,56.0,27.0,22.0,2.0,7.0,134.0,121.0,131.0,127.0,126.0,130.0,107.0,129.0,123.0,121.0,121.0,115.0,0.21288515406162464,0.37815126050420167,0.40896358543417366,0.26464646464646463,0.3346801346801347,0.4006734006734007,0.018615040953090096,0.007446016381236039,0.016381236038719285,0.016381236038719285,0.014147431124348473,0.010424422933730455,0.0022338049143708115,0.005956813104988831,0.0037230081906180195,0.0052122114668652275,0.049143708116157855,0.014892032762472078,0.03425167535368578,0.006701414743112435,0.021593447505584513,0.016381236038719285,0.01563663440059568,0.004467609828741623,0.007446016381236039,0.004467609828741623,0.0029784065524944155,0.02531645569620253,0.0029784065524944155,0.02531645569620253,0.01340282948622487,0.011169024571854059,0.027550260610573342,0.04169769173492182,0.0007446016381236039,0.03648548026805659,0.01712583767684289,0.021593447505584513,0.09977661950856292,0.0007446016381236039,0.054355919583023084,0.020104244229337303,0.045420699925539834,0.054355919583023084,0.06105733432613552,0.008935219657483246,0.03425167535368578,0.018615040953090096,0.008935219657483246,0.04839910647803425,0.0029784065524944155,0.016381236038719285,0.004467609828741623,0.007446016381236039,0.00967982129560685,0.0022338049143708115,1.0,0.0337420905378873,0.0176730324631119,-0.017736960570685377,-0.017426897226940435,-0.01335098112998754,0.017049646259620778,-0.03655904530624149,-0.01861012802226355,0.004017706740176133,0.022365458943170057,-0.026741991538030002,0.0023004210192029413,-0.0283868379267817,-0.01920912704410538,-0.02701669735988696,0.003743213647741179,-0.01682458693294177,0.07119949297449353,0.005243605651618217,0.0028732543136229184,0.0038780569140938665,-0.0067682562152005825,0.026512066093939492,0.03434947815460135,-0.05598600262949906,0.010507738385465279,0.004334024166298781,0.007857165448605328,0.014106945119613317,-0.007293994254031942,-0.007201616010804489,-0.035444124279214013,-0.01678736592336984,0.014543358837053233,-0.028578120163279208,0.025158772530338398,0.0011656634738073678,-0.009516421641707962,-0.007350368830187163,-0.008639089999347727,1.0,0.03376723367539691,0.016578067127604353,-0.018951027937487673,-0.016577087904714023,-0.011647983078964027,0.018266959334785664,-0.038185789302564374,-0.017648334119215923,0.006829393542708263,0.022037816153808953,-0.030281678916236274,0.0017057806401907215,-0.025973129510393836,-0.018523669507130407,-0.027233419955441533,0.0039214080639569425,-0.015159684534072172,0.06990723371180815,-0.0004056678649522846,-0.0021989810903805377,0.005596198806304585,-0.008410263061666926,0.030668153515628037,0.02988046360863378,-0.05643842078009014,0.015462905693884761,0.006944738233210495,0.001745366728092348,0.015024528025438409,-0.010617814452294136,0.0019721637530389375,-0.03634575495836636,-0.014398849413464396,0.0186772487169327,-0.025665256101332794,0.019977228436450778,0.00236915387103557,-0.011421690841573755,-0.009877286036722374,-0.010217843685607944
3.4861874426918686,0.6263119464886495,0.8816083395383469,1.0,105.0,123.0,108.0,94.0,73.0,26.0,44.0,29.0,3.0,9.0,0.0,134.0,106.0,129.0,117.0,116.0,120.0,103.0,115.0,107.0,108.0,109.0,103.0,0.191869918699187,0.3804878048780488,0.4276422764227642,0.26993416239941476,0.32772494513533285,0.4023408924652524,0.02084884586746091,0.005956813104988831,0.012658227848101266,0.020104244229337303,0.006701414743112435,0.01340282948622487,0.0007446016381236039,0.0037230081906180195,0.0029784065524944155,0.0022338049143708115,0.0379746835443038,0.008190618019359643,0.03648548026805659,0.0029784065524944155,0.0193596425912137,0.022338049143708117,0.014147431124348473,0.0029784065524944155,0.0052122114668652275,0.006701414743112435,0.0037230081906180195,0.024571854058078928,0.004467609828741623,0.018615040953090096,0.0193596425912137,0.01340282948622487,0.03276247207743857,0.044676098287416234,0.0029784065524944155,0.03276247207743857,0.03127326880119136,0.014892032762472078,0.10126582278481013,0.0022338049143708115,0.05063291139240506,0.02680565897244974,0.0387192851824274,0.054355919583023084,0.0759493670886076,0.00967982129560685,0.0387192851824274,0.017870439314966492,0.00967982129560685,0.04169769173492182,0.006701414743112435,0.01712583767684289,0.0022338049143708115,0.00967982129560685,0.005956813104988831,0.0014892032762472078,1.0,0.010691273705911171,0.019713189745292087,0.013873905966918109,0.019674219784695458,0.05342792171755768,0.005234932298726763,0.011530787567686376,0.002606298584757133,0.011561184744702744,0.014866792787890156,0.03186007430231848,-0.005087844259754144,0.012083273309987772,-0.01147427041079568,-0.004079028089318817,0.05998301434019675,-0.02049368319304535,0.03500573762123809,0.013622924148517672,-0.035387623534864285,0.04045350747624803,0.022218288134922538,-0.04150183965850217,0.013406325015596542,0.019040421941429308,-0.018164277690096996,0.04190020805907702,-0.018234236154678736,0.003790850988721644,0.028410489989412337,0.027837378420465,0.03435012270481157,0.013607031441328608,0.024013718028473754,-0.03726410312180414,0.08357073987148496,-0.02072083351063041,0.0004966027798416047,-0.025849851377086425,0.022181611538112617,1.0,0.010699240377823178,0.019630363892311518,0.013494597123977109,0.019074687365351676,0.05275357394209367,0.0033256835394272492,0.009020053357802814,0.0005264213021102922,0.009130768003660552,0.011542056063703334,0.030769762665288674,-0.007596761575511338,0.010296748324661513,-0.014087562971698147,-0.006808465003000485,0.05793488337839317,-0.021706451920601735,0.0328120844578415,0.013853096514281432,-0.03984752021472799,0.035381763030299704,0.022700829853849903,-0.048603996942900525,0.01353525718035588,0.022127487108196196,-0.025311598643294093,0.04000392457660887,-0.015540061480009094,-0.0031043526650381408,0.03185888744881371,0.02848262814250681,0.024320671549691954,0.0189598263835876,0.01629403222996405,-0.04593263104510361,0.0891719176397012,-0.0362929707213501,-0.005456793816072111,-0.02033348281500607,0.01335866686059642
3.4089609327301775,0.5792037667062643,0.877885331347729,10.0,88.0,120.0,118.0,67.0,78.0,18.0,51.0,8.0,11.0,13.0,0.0,134.0,101.0,125.0,124.0,121.0,124.0,35.0,127.0,106.0,105.0,117.0,79.0,0.23883161512027493,0.35051546391752575,0.4106529209621993,0.2966101694915254,0.35130970724191063,0.35208012326656396,0.006701414743112435,0.004467609828741623,0.005956813104988831,0.008935219657483246,0.016381236038719285,0.011169024571854059,0.0014892032762472078,0.014147431124348473,0.0052122114668652275,0.004467609828741623,0.04393149664929263,0.01340282948622487,0.044676098287416234,0.004467609828741623,0.017870439314966492,0.02084884586746091,0.02084884586746091,0.0029784065524944155,0.01563663440059568,0.004467609828741623,0.0022338049143708115,0.028294862248696945,0.0007446016381236039,0.028294862248696945,0.010424422933730455,0.007446016381236039,0.03201787043931496,0.0379746835443038,0.0007446016381236039,0.039463886820551006,0.02084884586746091,0.006701414743112435,0.11988086373790022,0.0007446016381236039,0.04393149664929263,0.023827252419955324,0.03648548026805659,0.06105733432613552,0.07222635889798958,0.005956813104988831,0.04393149664929263,0.018615040953090096,0.007446016381236039,0.05137751303052867,0.0014892032762472078,0.012658227848101266,0.0022338049143708115,0.006701414743112435,0.0052122114668652275,0.0029784065524944155,1.0,0.04213662774515031,0.0535940771405794,0.04987718204608437,0.05751938937791994,-0.009236407996265406,0.035625383427866225,0.03633934892673479,0.04899231796919422,-0.0041780303379438735,0.044593264965387985,0.0005275252891573055,0.017984308760160085,-0.022486123404128006,-0.008756847712573937,0.018385517287232256,0.01937589565769554,-0.005526729077938902,-0.01080991535431354,0.02806553894857955,0.011195609849713198,0.0006674745655620866,-0.00327602788351748,0.05498908092120293,-0.0253152697944716,0.05978143463852015,0.00026168351980443454,0.0014092133401028574,0.01541810756039395,0.031052860722473402,0.014746542966506872,0.03988264114871901,0.04242187166794753,0.01786502854577424,0.01888903887606461,0.01019704137486681,-0.010487087061251702,-0.01784157335072014,-0.0398133203186748,0.04693306434920996,0.005299585554199877,1.0,0.042168026126480525,0.05198830884038496,0.045856200447788854,0.05152484463317057,-0.01838060040258726,0.029345236691856798,0.03073029287422526,0.04253291360670348,-0.012212934591279787,0.03495817391772753,-0.008202419899798056,0.011009612229221317,-0.0269491900779523,-0.01634396373754043,0.020124177586610545,0.016536186110206606,-0.006139874949209182,-0.017962659006358433,0.028232481081597816,0.009708427930587616,0.0024104834580028892,-0.008619821663578556,0.05250560369916975,-0.02912046790243151,0.059221442835307156,-0.009061525010054148,-0.010594576049253466,0.017372183573054836,0.021874866252874787,0.013015485600539679,0.028146736719898244,0.03786721576544442,0.0014613254500591,0.01612114961440367,-0.008945495460576582,-0.015558549303112469,-0.024188717557038966,-0.04602470885490422,0.04855645582426693,0.002486560548150202
3.50294507102858,0.6452450340168826,0.8912881608339538,0.0,116.0,127.0,120.0,99.0,80.0,51.0,23.0,23.0,24.0,5.0,3.0,134.0,119.0,131.0,127.0,121.0,130.0,111.0,127.0,121.0,117.0,123.0,111.0,0.15350223546944858,0.39642324888226527,0.45007451564828616,0.265625,0.33016304347826086,0.40421195652173914,0.02084884586746091,0.005956813104988831,0.017870439314966492,0.00967982129560685,0.014147431124348473,0.01340282948622487,0.0,0.005956813104988831,0.006701414743112435,0.004467609828741623,0.035740878629932984,0.007446016381236039,0.03350707371556218,0.004467609828741623,0.018615040953090096,0.027550260610573342,0.01340282948622487,0.005956813104988831,0.006701414743112435,0.006701414743112435,0.0029784065524944155,0.014147431124348473,0.0037230081906180195,0.026061057334326135,0.012658227848101266,0.016381236038719285,0.027550260610573342,0.039463886820551006,0.005956813104988831,0.03723008190618019,0.026061057334326135,0.020104244229337303,0.10871183916604617,0.0037230081906180195,0.05212211466865227,0.03127326880119136,0.03127326880119136,0.05286671630677588,0.07222635889798958,0.012658227848101266,0.040208488458674606,0.01712583767684289,0.004467609828741623,0.04169769173492182,0.0007446016381236039,0.012658227848101266,0.0052122114668652275,0.011169024571854059,0.00967982129560685,0.0007446016381236039,1.0,0.03082980230409386,0.01236122159216627,-0.01849824711849644,0.01684576449197074,0.019421400720053432,0.00597595547773963,0.004594753386743228,-0.011833012458714737,0.014034057099427368,0.03713425265591349,-0.035768220136685555,-0.0019183838537600788,-0.013835262031624749,0.07156421072604242,-0.04461655805973021,0.006302873301119404,0.014114536493550298,-0.030846361983308947,-0.0043425087199615775,0.005562962253014651,-0.030261283289002936,0.0022972531426399935,0.025384724267491755,0.045454001090374695,-0.0061848221941897576,0.028385809704009037,-0.007022771071285187,-0.018203420789083106,-0.022864664522187318,-0.01257066401621409,0.0005920570466252511,0.02388373230324818,-0.023817518167161544,0.06835022797302853,0.04376860545454642,0.04483596216580594,-0.015016200677013208,-0.00808804229794355,-0.012292330739181505,-6.661842512988898e-05,1.0,0.03085277533114609,0.011438652054267539,-0.01929103780730588,0.017938015830941612,0.018913836084808743,0.00403613481429195,0.004509610270590495,-0.011886210750409203,0.014316135495418662,0.036568937088811954,-0.03964263865029353,0.00023477948582779491,-0.011608733092097064,0.07036405784303491,-0.0500347548345393,0.008124575984624,0.01864438350584181,-0.03532737141381374,-0.00527400689093746,0.008008268891108323,-0.03120762844111775,0.005943036965471918,0.025847005403088184,0.03905784455974714,0.00012200320244903156,0.02526702118903964,-0.006209540367768651,-0.024015316537540552,-0.0186882363967636,-0.015722711572362092,0.000540319770145738,0.029389027717857313,-0.03150654868090287,0.07208439391616647,0.052798771722403486,0.03404101817639317,-0.017150362900689647,-0.009038768049385986,-0.012179517280958143,-0.01043033602502224
3.4175105467054308,0.6203444473888562,0.8823529411764706,17.0,73.0,121.0,107.0,76.0,83.0,3.0,33.0,13.0,17.0,27.0,5.0,134.0,79.0,129.0,124.0,107.0,127.0,41.0,126.0,101.0,105.0,119.0,72.0,0.23130434782608697,0.37043478260869567,0.3982608695652174,0.3061708860759494,0.34572784810126583,0.34810126582278483,0.01340282948622487,0.0052122114668652275,0.01563663440059568,0.011169024571854059,0.011913626209977662,0.011913626209977662,0.0029784065524944155,0.005956813104988831,0.0052122114668652275,0.0007446016381236039,0.045420699925539834,0.0037230081906180195,0.03052866716306776,0.004467609828741623,0.016381236038719285,0.01712583767684289,0.016381236038719285,0.0014892032762472078,0.008935219657483246,0.0022338049143708115,0.0022338049143708115,0.029039463886820552,0.0022338049143708115,0.03201787043931496,0.012658227848101266,0.006701414743112435,0.029784065524944156,0.04839910647803425,0.004467609828741623,0.03723008190618019,0.03052866716306776,0.00967982129560685,0.10573343261355175,0.0037230081906180195,0.04690990320178704,0.018615040953090096,0.029039463886820552,0.06478034251675353,0.06701414743112435,0.005956813104988831,0.04839910647803425,0.017870439314966492,0.005956813104988831,0.07297096053611318,0.0029784065524944155,0.01340282948622487,0.004467609828741623,0.008935219657483246,0.0029784065524944155,0.004467609828741623,1.0,-0.01524596187257531,0.010615918006928194,-0.005138257943294164,0.03619419220880315,-0.017714775715187255,0.06621514934429307,0.004321713752164865,0.06029000933079462,0.023425895545169034,0.05735839020898496,0.044463758818298026,0.03558511166780076,0.050941603848537444,0.06869083016722799,0.005886842545395549,0.01884161285948587,0.025408202421596825,0.023753024732160663,0.02777932463944911,-0.005227182255438243,0.01993032117830652,0.01809246736102008,0.01835189894976775,0.025697861837492116,0.04814947338474614,0.04110737456374769,-0.008751789731426032,0.007692970471175188,0.03237744240122382,0.0063985493159837625,0.07539558157240472,-0.02296485216431671,-0.05211311704803083,-0.012609426480195212,0.028730381774502795,0.0063829462329115984,0.02148479849328902,0.00743362518304853,0.013059870919830725,-0.026641251493407177,1.0,-0.015257322499902108,0.010401386251207295,-0.004832186912101112,0.03605441860505293,-0.01662169141743695,0.0653708973881415,0.006883570978168538,0.05854536764474457,0.027190878535738858,0.053456330246428596,0.04934713365984122,0.029813978592220396,0.05369057967767251,0.06306134433289101,0.0050929868870991865,0.010043968088260562,0.01715684939231234,0.012576383399619305,0.017489954688358483,-0.022115695448130916,0.005947225359684307,0.0017914574131897227,0.003233146681161484,0.011749082271815692,0.0337923131378182,0.03495395090992249,-0.02217675044356996,-0.002112916940345155,0.024219935275351434,-0.0018759429432668453,0.0694825149618131,-0.03413001845187306,-0.06570568564051539,-0.02419476466877673,0.010024117093249615,-0.0011364559762166674,0.00355594139884473,-0.0005033605040412521,-0.001356997620146867,-0.03374375041732911
3.499970892150793,0.6445064347927711,0.892777364110201,0.0,115.0,126.0,114.0,96.0,71.0,23.0,54.0,23.0,9.0,6.0,1.0,134.0,119.0,128.0,127.0,121.0,129.0,115.0,124.0,125.0,121.0,121.0,115.0,0.19592476489028213,0.3793103448275862,0.42476489028213166,0.2616632860040568,0.33400946585530766,0.4043272481406356,0.01563663440059568,0.005956813104988831,0.011913626209977662,0.0193596425912137,0.01563663440059568,0.02308265078183172,0.0022338049143708115,0.006701414743112435,0.0052122114668652275,0.0037230081906180195,0.03052866716306776,0.00967982129560685,0.03350707371556218,0.004467609828741623,0.0193596425912137,0.027550260610573342,0.021593447505584513,0.004467609828741623,0.005956813104988831,0.0014892032762472078,0.0014892032762472078,0.01563663440059568,0.004467609828741623,0.02531645569620253,0.00967982129560685,0.008935219657483246,0.02531645569620253,0.04988830975428146,0.0052122114668652275,0.02680565897244974,0.029784065524944156,0.014892032762472078,0.1169024571854058,0.004467609828741623,0.054355919583023084,0.040208488458674606,0.029784065524944156,0.040208488458674606,0.06403574087862993,0.012658227848101266,0.040208488458674606,0.021593447505584513,0.006701414743112435,0.03723008190618019,0.004467609828741623,0.01712583767684289,0.0014892032762472078,0.016381236038719285,0.005956813104988831,0.0007446016381236039,1.0,-0.006586606144653675,0.009585485545412246,0.0001053596594943988,-0.003066551476717271,-0.008709157201097148,-0.005540191850485416,0.010945495480259438,0.021065648905016547,-0.04311562979632037,-0.0354269027175392,-0.026145772494551293,-0.06371612232262833,-0.047086295470688946,0.012095524414339174,-0.034290960715620995,-0.05331803378910195,0.021288012622644313,0.02569570503174047,0.0014230551576026869,0.029542927407149606,0.03584397060166033,-0.015928478826110766,-0.017342303322019356,-0.01677620974530039,0.007256519447609493,0.027824300052047588,0.010859448273438911,-0.007363864738724762,-0.04184502456475758,0.010738977284396324,0.04909839093172539,0.010712704208938929,0.029830664468233542,-0.05681269617515434,0.003187494594219038,-0.03388320334223434,-0.004311241876535985,0.012633378321011315,0.0058916473173256075,-0.052332670825293894,1.0,-0.006591514196922409,0.009556748734358437,0.00023129253006748255,-0.0031656820358709472,-0.00878696084596083,-0.005621141606409846,0.011101470321870232,0.021446312033753922,-0.043424473364161734,-0.03687468770875922,-0.026122461596253196,-0.06390849650367776,-0.04835259142232872,0.011492299334529608,-0.03596313129683565,-0.05666844525877048,0.02185865079318839,0.02614475162383436,-0.000184222698532339,0.029513824226778583,0.031267266446821776,-0.025599618618911316,-0.021085345965453927,-0.023249352081806188,-0.006956517874715815,0.023417468179427095,0.008592746782078596,-0.018472673473961105,-0.043268743775534003,0.02260874540203885,0.05487958082431558,0.01388457847518296,0.03745081032503869,-0.06074403807782054,-0.002800457699547221,-0.027933465759115515,-0.0021501038669840267,0.005239013159506154,-6.427779170487989e-05,-0.05785989807999026
3.4617819110661507,0.6162074465090406,0.8830975428145942,16.0,103.0,116.0,113.0,85.0,67.0,25.0,46.0,17.0,12.0,14.0,1.0,134.0,106.0,125.0,126.0,121.0,128.0,75.0,125.0,107.0,119.0,115.0,99.0,0.2097560975609756,0.36910569105691055,0.4211382113821138,0.28043478260869564,0.3427536231884058,0.37681159420289856,0.00967982129560685,0.005956813104988831,0.011913626209977662,0.011913626209977662,0.01563663440059568,0.008935219657483246,0.0007446016381236039,0.006701414743112435,0.0037230081906180195,0.0022338049143708115,0.0387192851824274,0.010424422933730455,0.04765450483991065,0.006701414743112435,0.01712583767684289,0.029784065524944156,0.01712583767684289,0.0052122114668652275,0.008190618019359643,0.0022338049143708115,0.0037230081906180195,0.020104244229337303,0.0022338049143708115,0.028294862248696945,0.014892032762472078,0.012658227848101266,0.029039463886820552,0.05137751303052867,0.008190618019359643,0.029784065524944156,0.026061057334326135,0.014147431124348473,0.10052122114668652,0.0022338049143708115,0.05286671630677588,0.01712583767684289,0.029039463886820552,0.06329113924050633,0.07297096053611318,0.007446016381236039,0.039463886820551006,0.018615040953090096,0.006701414743112435,0.049143708116157855,0.0022338049143708115,0.018615040953090096,0.0029784065524944155,0.011169024571854059,0.004467609828741623,0.0,1.0,0.002637283378227959,0.06160485606273511,-0.007176135786500327,0.01456290140098003,-0.027406868210418427,-0.057210058586959975,0.00856778337391298,-0.033921709751816735,0.003197490103325829,-0.005065767703214926,-0.017543835608288896,-0.0321949955588265,-0.021286938938635085,-0.04731188013287943,-0.03769243869858604,0.022375941834070233,-0.016024868074338245,0.021655943572340415,0.040095794727278825,0.02594373695424362,-0.006431253128962277,-0.04993316021718016,0.029209577115378076,0.00522250250598342,0.012510182164213356,0.030629671547229037,0.035443705391021,0.004356947562197433,-0.010764161135077149,0.019806656623758162,-0.024036663975576078,-0.031190429933314164,-0.023657050654552897,0.027393966769458496,-0.008280041615956052,0.05758624170142695,-0.010129754308185334,-0.03938693814363633,-0.0108038134469244,-0.021089579436284412,1.0,0.002639248567034394,0.06169019912098254,-0.007536539308853542,0.01088232143941921,-0.026783008254699606,-0.059190867683832804,0.012498871145884615,-0.027794095733529832,0.0021014327104389636,-0.000253214356239839,-0.022117832678702362,-0.03414103788054976,-0.019772772881866213,-0.04800499750394627,-0.035029461021290106,0.02698892082382218,-0.01628357708786835,0.015417777670013132,0.03900086226187571,0.013958027990274633,-0.013713571713459162,-0.054690200649476675,0.025599067887146162,0.015496252878943925,0.010345076146487516,0.030506685314357913,0.02958698419979148,-0.005418979541369781,-0.014123188538761362,0.02118722376049877,-0.015925472898821468,-0.027142583256693664,-0.013157577402155679,0.0334681933440521,-0.004794326556219736,0.05508912191843561,-0.01290327049021195,-0.046814464326339573,-0.010475202692251018,-0.010505229191671938
3.449033600894498,0.5980025631663701,0.8808637379002234,7.0,108.0,120.0,114.0,82.0,84.0,17.0,55.0,19.0,24.0,5.0,8.0,134.0,117.0,127.0,127.0,119.0,130.0,41.0,126.0,115.0,111.0,113.0,105.0,0.22706065318818042,0.37169517884914466,0.401244167962675,0.2857142857142857,0.3457875457875458,0.3684981684981685,0.012658227848101266,0.00967982129560685,0.01340282948622487,0.010424422933730455,0.0193596425912137,0.011913626209977662,0.0014892032762472078,0.007446016381236039,0.008190618019359643,0.0014892032762472078,0.054355919583023084,0.008935219657483246,0.04393149664929263,0.0052122114668652275,0.018615040953090096,0.026061057334326135,0.01712583767684289,0.004467609828741623,0.01340282948622487,0.004467609828741623,0.0037230081906180195,0.02680565897244974,0.0029784065524944155,0.03127326880119136,0.014147431124348473,0.00967982129560685,0.0379746835443038,0.04616530156366344,0.004467609828741623,0.03723008190618019,0.017870439314966492,0.006701414743112435,0.10126582278481013,0.0007446016381236039,0.06254653760238273,0.014147431124348473,0.03648548026805659,0.05361131794489948,0.06180193596425912,0.0052122114668652275,0.04393149664929263,0.00967982129560685,0.0052122114668652275,0.04616530156366344,0.0014892032762472078,0.008935219657483246,0.004467609828741623,0.008190618019359643,0.0029784065524944155,0.0014892032762472078,1.0,0.0024038458069969735,-0.013382042596299491,-0.01226968776245277,0.02138790409679809,0.03477446780102791,0.002781860103708663,-0.004290486255998734,-0.014572894934395543,0.03205266335264197,0.013187699673438361,0.043461399322015766,-0.04424136853237634,-0.012447969387396592,-0.03210604239510275,-0.00026921084830771675,0.018247019756689787,-0.0023283880008319164,-0.014601184042099155,0.004018601175566813,0.05015580629024813,-0.03806650328532679,0.03459133412562653,0.020824727241124063,0.019728864138204488,-0.01873850817582735,-0.008283382401787482,-0.018892922885264746,0.049916588568539734,0.04512758859771712,-0.03461795420400258,-0.0073822526010400005,0.014721934431108433,-0.0018603119179268419,0.0025819849845959424,-0.001103645997541395,0.018680523865376265,0.015318450905466408,0.012519595183034448,-0.017994876477134335,0.014047563063084892,1.0,0.0024056370482838604,-0.013407865582075636,-0.012234500326381292,0.021337049906702973,0.03450035782599733,0.0030656975111277114,-0.002909274986600998,-0.01422050293092869,0.030881369048859388,0.011426069657375687,0.04432855363396822,-0.04311558443058509,-0.011343923554326722,-0.03543288416843916,-0.004260398728260419,0.016255366486345516,0.0011381129674352983,-0.01247368080047804,0.007039415302336104,0.04623192178940227,-0.039278903557476166,0.036809589466079796,0.028085782300201652,0.018599765519134358,-0.01916300733561215,-0.010059255304715074,-0.024345256911423644,0.05003739238540797,0.04261902128086976,-0.03214993491145806,-0.00859984084220107,0.019153619260279062,-0.015512074924554397,0.0056058906912802185,0.0014732092749356698,0.026566880179881538,0.016640254202812677,0.01096309069489931,-0.028545421488318522,0.014235953231865094
3.4784057957752688,0.5887822459039823,0.8808637379002234,0.0,113.0,127.0,120.0,93.0,68.0,45.0,45.0,21.0,5.0,4.0,3.0,134.0,113.0,129.0,123.0,119.0,128.0,113.0,125.0,119.0,119.0,123.0,115.0,0.17546583850931677,0.37111801242236025,0.453416149068323,0.2650684931506849,0.3287671232876712,0.40616438356164386,0.01712583767684289,0.007446016381236039,0.00967982129560685,0.014147431124348473,0.02084884586746091,0.008190618019359643,0.0022338049143708115,0.005956813104988831,0.004467609828741623,0.0052122114668652275,0.029039463886820552,0.008190618019359643,0.03425167535368578,0.010424422933730455,0.020104244229337303,0.029039463886820552,0.02084884586746091,0.0029784065524944155,0.00967982129560685,0.0022338049143708115,0.0029784065524944155,0.018615040953090096,0.0037230081906180195,0.02531645569620253,0.008935219657483246,0.011913626209977662,0.024571854058078928,0.04690990320178704,0.0029784065524944155,0.03648548026805659,0.029039463886820552,0.007446016381236039,0.09977661950856292,0.005956813104988831,0.04169769173492182,0.02680565897244974,0.05063291139240506,0.06775874906924795,0.06775874906924795,0.010424422933730455,0.0387192851824274,0.01563663440059568,0.006701414743112435,0.04988830975428146,0.0014892032762472078,0.020104244229337303,0.0029784065524944155,0.0037230081906180195,0.008935219657483246,0.0,1.0,-0.015380647924477643,0.011472101938306157,-0.003561851876029492,-0.032165974846214015,0.03242057415172683,-0.02262804320798632,0.0027388795242261265,0.022018742591788848,0.06435370023875181,0.023950014704049335,-0.028143033393642426,-0.02392158892412454,-0.03463062371636815,-0.04626630805319805,-0.01106364664333913,0.0273910591869068,0.027158877322058055,0.044318389032530395,0.021008528630277534,0.0104209463573476,0.022525011749344764,-0.005935712193949703,-0.026537024481283426,-0.02676307164463675,-0.007363644125217141,0.015264488022507218,-0.005309629415396793,0.03142831313629684,0.005465050152062569,0.014208030674826521,-0.014683697786346253,-0.01187089734253885,-0.05062157374787664,-0.0036756153979029954,0.03795152943624444,0.012223591901506353,0.0225137708536216,0.007703902112910044,-0.009701540314093112,0.010448837199216392,1.0,-0.015392108913989172,0.011254961185034502,-0.003222907472212991,-0.032506773794412996,0.031677486497794026,-0.02109894320001399,0.001156129883354664,0.02198223739153316,0.06744587079332864,0.023301969181338773,-0.027653753413087852,-0.024459370755298016,-0.03233230367387491,-0.04981312408152192,-0.0129583495017552,0.02927615211056721,0.024410081058468765,0.038819866822006346,0.0222939942974034,0.015694467228961787,0.028482752979853313,0.0032785903792554305,-0.02191828859340917,-0.0281626453737741,-0.016209819756890412,0.0032596846807798523,-0.015228175902318609,0.026856524992613803,0.009059624151910778,0.019349797607756226,-0.00788441903731828,0.0016666937295254163,-0.046575555490121434,-0.0038780290201716125,0.034312237344810585,0.0081067915912161,0.008704732760326182,0.0027324313253801777,-0.012353313421807656,0.012856652254417521
3.4168925262187333,0.6166282715584239,0.8801191362620998,3.0,106.0,118.0,108.0,79.0,83.0,20.0,35.0,21.0,19.0,7.0,5.0,134.0,109.0,123.0,114.0,113.0,122.0,91.0,115.0,111.0,111.0,115.0,107.0,0.20033112582781457,0.3758278145695364,0.423841059602649,0.2717948717948718,0.32893772893772893,0.3992673992673993,0.014892032762472078,0.0007446016381236039,0.012658227848101266,0.011913626209977662,0.012658227848101266,0.012658227848101266,0.0007446016381236039,0.011169024571854059,0.0052122114668652275,0.0029784065524944155,0.04318689501116903,0.007446016381236039,0.03723008190618019,0.004467609828741623,0.010424422933730455,0.03127326880119136,0.01563663440059568,0.0022338049143708115,0.011169024571854059,0.006701414743112435,0.004467609828741623,0.027550260610573342,0.0037230081906180195,0.024571854058078928,0.014892032762472078,0.014147431124348473,0.029039463886820552,0.049143708116157855,0.0022338049143708115,0.03425167535368578,0.023827252419955324,0.008190618019359643,0.11913626209977662,0.0037230081906180195,0.0387192851824274,0.029784065524944156,0.03723008190618019,0.06105733432613552,0.0759493670886076,0.007446016381236039,0.035740878629932984,0.01340282948622487,0.0037230081906180195,0.05212211466865227,0.0014892032762472078,0.018615040953090096,0.0022338049143708115,0.004467609828741623,0.0029784065524944155,0.0007446016381236039,1.0,0.010244719585550496,0.06664512058363813,-0.04998650134665684,-0.003045582875393293,0.0027664308701479015,-0.037322271669723836,0.044265713954115556,-0.001100781259884668,0.018446489404702997,0.0031833142234926233,0.02166164452172667,0.008284619879773933,0.026988358158891206,-0.0019287352344185798,0.05385928409348706,-0.025683855575455196,0.03347451866642813,0.035343555457177954,-0.0007075232722324226,-0.030011448159954154,-0.013517557384770796,-0.013968834134780516,-0.0005552110094130444,-0.025379654402774853,0.005567719664641803,0.03178598265053108,-0.03465514886918346,-0.019931910836460842,0.012553704894358857,-0.034703707619308514,-0.02519274273492297,-0.027952857251987692,0.022889181170118816,0.048439192822124714,-0.02334385480225758,0.023558005318965757,-0.05962682619327128,0.013735821874934327,-0.010954218265091185,0.016465433160794584,1.0,0.010252353504764772,0.06664641123867637,-0.051655221687893486,-0.006400601838663265,0.009779275940576326,-0.039891484981670916,0.04456473465781197,0.003547688236051387,0.008626342997196666,0.007167762336119414,0.020798644188073222,0.006600978443936555,0.02855111406541227,-0.003567014901516945,0.0532456625051414,-0.025571028281733528,0.028927380699150296,0.04290385445721185,-0.0073647059064646464,-0.03650738478869583,-0.003615007646381665,-0.01865103320277707,0.0014772269822984634,-0.027686800907294678,0.0009778756054728422,0.03070953657749955,-0.039392822520932666,-0.027942929370758735,0.02475135843380108,-0.044944190133662666,-0.024935267385017338,-0.02129262677569093,0.018815005127568635,0.054811053586317465,-0.02674116487239465,0.015317733622658994,-0.04705418923633087,0.012880787077116224,0.007142015169311454,0.013243840670946992
3.487047481841182,0.6319416436669194,0.8830975428145942,3.0,107.0,121.0,115.0,96.0,86.0,25.0,43.0,18.0,25.0,5.0,0.0,134.0,107.0,128.0,124.0,118.0,126.0,107.0,121.0,110.0,115.0,115.0,107.0,0.20496894409937888,0.3944099378881988,0.40062111801242234,0.2698300283286119,0.3307365439093484,0.39943342776203966,0.00967982129560685,0.004467609828741623,0.01712583767684289,0.01712583767684289,0.008190618019359643,0.00967982129560685,0.0014892032762472078,0.0052122114668652275,0.006701414743112435,0.004467609828741623,0.03276247207743857,0.011913626209977662,0.03201787043931496,0.008935219657483246,0.02308265078183172,0.02531645569620253,0.021593447505584513,0.0007446016381236039,0.005956813104988831,0.0052122114668652275,0.0,0.02084884586746091,0.0037230081906180195,0.02680565897244974,0.0193596425912137,0.01563663440059568,0.02680565897244974,0.05063291139240506,0.007446016381236039,0.035740878629932984,0.023827252419955324,0.01712583767684289,0.10275502606105734,0.0037230081906180195,0.05956813104988831,0.03201787043931496,0.024571854058078928,0.058078927773641105,0.06552494415487714,0.004467609828741623,0.035740878629932984,0.017870439314966492,0.007446016381236039,0.05063291139240506,0.0037230081906180195,0.014892032762472078,0.0022338049143708115,0.008190618019359643,0.006701414743112435,0.0022338049143708115,1.0,-0.025706323687798373,0.016189675436929275,0.00984451745539612,-0.0024291164795915273,0.007352001594961981,0.009383734752381787,-0.007499724687703999,0.00995142095148645,0.01528852728622252,0.017902636925064115,0.037255063031900064,-0.017007484199221816,0.02378866765671712,0.03387225640708087,-0.03894089596822294,-0.02479715180928799,-0.011679221861860404,-0.014153870759638818,-0.028204805145112557,0.007388242596008228,0.0038467063522033447,0.037302936946862396,-0.008055360381110972,0.02239898186351168,-0.005966700515463368,-0.032157281529999034,0.03545278164447882,-0.07810365248441459,-0.015626463435484635,0.01350796067144463,-0.02490263847611931,0.02273016197430714,0.021659098710464644,-0.029690298424211455,-0.02291335054050099,0.024899208257913287,0.008376026127405331,0.028621666141097585,0.004697967199000741,-0.03434191293545428,1.0,-0.02572547892154486,0.015562319994215309,0.010687182045815855,-0.002168848042050077,0.00693978806857648,0.009769632149935698,-0.007242260983173131,0.009185245728043651,0.015977620562550674,0.01869349706586894,0.037706271637651674,-0.016086348859266856,0.021750672092219057,0.03495358527986635,-0.038414239900987385,-0.029584510409729925,-0.013070542266681143,-0.01343803457459006,-0.0313337865578952,0.005505799510433369,0.005780377908248109,0.03677487356257124,-0.006573156894116239,0.020408060309328832,-0.004129572155215116,-0.029210191122634736,0.034593730426823635,-0.07630553070741447,-0.01500638629636576,0.016105931848998375,-0.02593189711674922,0.02113048899174684,0.02161464829230064,-0.030026484834324962,-0.03200069525842379,0.025688380702845223,0.016999875388560046,0.02836229502409974,0.017960701090050307,-0.03464266712051259
3.4346155138439602,0.6094109543026791,0.8808637379002234,12.0,95.0,112.0,105.0,75.0,91.0,10.0,55.0,22.0,10.0,6.0,1.0,134.0,105.0,120.0,127.0,116.0,128.0,37.0,126.0,113.0,114.0,108.0,75.0,0.265993265993266,0.3569023569023569,0.3771043771043771,0.2977743668457406,0.3607060629316961,0.3415195702225633,0.01563663440059568,0.008935219657483246,0.014892032762472078,0.008935219657483246,0.014147431124348473,0.006701414743112435,0.0014892032762472078,0.008190618019359643,0.005956813104988831,0.0014892032762472078,0.0379746835443038,0.010424422933730455,0.05137751303052867,0.0029784065524944155,0.02308265078183172,0.027550260610573342,0.008935219657483246,0.0029784065524944155,0.011169024571854059,0.0029784065524944155,0.0014892032762472078,0.03201787043931496,0.0014892032762472078,0.03648548026805659,0.008190618019359643,0.012658227848101266,0.029039463886820552,0.04393149664929263,0.004467609828741623,0.04169769173492182,0.018615040953090096,0.007446016381236039,0.10647803425167536,0.0007446016381236039,0.045420699925539834,0.0193596425912137,0.04095309009679821,0.06701414743112435,0.06031273268801191,0.0052122114668652275,0.03723008190618019,0.018615040953090096,0.008190618019359643,0.04690990320178704,0.0014892032762472078,0.02084884586746091,0.0037230081906180195,0.006701414743112435,0.006701414743112435,0.0007446016381236039,1.0,0.030629925006350804,0.04226055964283866,-0.0023176617088391488,0.04245287679973798,-0.007657295296677253,0.016986784036261707,0.02000301753495593,0.042068784178683885,0.010855728247988828,0.05115326624665338,0.0040688514148648275,-0.009664504796813078,0.023284851621851396,-0.009247140291430365,0.031139579926275543,0.004754208741380458,0.004846025501858281,-0.008224849003949477,-0.017886270632676036,-0.024657188559706125,0.007332105799257721,0.02904369632454842,-0.018601348526630417,0.017043494899333947,0.0477533890729962,0.03355613988509273,-0.022818131519744204,-0.01685816977711027,-0.01349542451840278,0.028491567490414413,-0.012000927084292245,0.009394285784133706,-0.030249600924373232,0.000749597678183689,0.00013449223293403038,-0.020743141372899745,0.012459154086853386,0.06503522247719401,0.038217933203996184,0.009108574795303599,1.0,0.030652749093538857,0.041422917643591614,-0.004849040320107457,0.04114802014722676,-0.00990931440838226,0.014200542180968216,0.020321665966807168,0.03821971759856688,0.007873663525378159,0.04693054418158553,-0.0004517202447340343,-0.016805140570804903,0.0243157868154834,-0.015108104486091064,0.02954010836871293,0.002165769047874446,-0.002562079508088447,-0.010586728959550158,-0.0216001146143315,-0.025042204402321574,0.008292952951802292,0.032626723963934394,-0.025172182572523214,0.018764498512531112,0.04735240652544484,0.02857651799851164,-0.02271682239335775,-0.019225605340678187,-0.01243523920741539,0.02928335665292924,-0.012343433443458155,0.002026852033057223,-0.03073948843015302,-0.003204747793476765,0.0015806613021798074,-0.02253875635618533,0.017366976888941097,0.06802357236929785,0.03492960721760296,0.0006610136571661839
3.466561197146549,0.58387609784265,0.8823529411764706,10.0,104.0,125.0,109.0,89.0,83.0,20.0,49.0,4.0,15.0,7.0,1.0,134.0,109.0,128.0,118.0,114.0,128.0,53.0,122.0,113.0,115.0,117.0,92.0,0.2305194805194805,0.3522727272727273,0.4172077922077922,0.2859270290394639,0.3425167535368578,0.37155621742367834,0.01340282948622487,0.007446016381236039,0.010424422933730455,0.011913626209977662,0.011913626209977662,0.010424422933730455,0.0,0.010424422933730455,0.0037230081906180195,0.0022338049143708115,0.0379746835443038,0.006701414743112435,0.029784065524944156,0.008190618019359643,0.018615040953090096,0.026061057334326135,0.020104244229337303,0.0007446016381236039,0.01563663440059568,0.004467609828741623,0.0037230081906180195,0.02680565897244974,0.0037230081906180195,0.0379746835443038,0.012658227848101266,0.012658227848101266,0.03052866716306776,0.05212211466865227,0.0052122114668652275,0.03648548026805659,0.02084884586746091,0.01340282948622487,0.10573343261355175,0.0007446016381236039,0.04393149664929263,0.016381236038719285,0.03723008190618019,0.05658972449739389,0.07446016381236038,0.008935219657483246,0.035740878629932984,0.016381236038719285,0.008190618019359643,0.04988830975428146,0.0022338049143708115,0.0193596425912137,0.0022338049143708115,0.00967982129560685,0.0052122114668652275,0.0007446016381236039,1.0,0.02861005708738324,-0.01581735781805037,0.004883099454568232,0.05679082207605606,0.019410338169891298,0.018687101993511965,-0.004302831646814507,0.001212052816758161,0.03536443664860312,0.04777602650870456,0.00031155157679770473,-0.021444770308913168,-0.023110373882318427,0.02623676394277545,0.06852606370141313,-0.005483806793795207,0.00769725420064704,-0.025157233105455833,0.0024841609290971426,-0.0033294708707971056,0.01648750754372443,-0.032988647612451225,0.013222637821139537,0.0279914470019659,0.0034519880298251172,0.01916114680024773,0.012254934832431195,-0.05507764196252654,0.018852328291513405,0.013942282848872146,0.007914670430566796,-0.014800960093880699,-0.0012180795362955943,-0.050965073210537774,-0.05841010712925303,0.0032900638200200477,-7.75875879708484e-05,-0.035192760254268755,-0.015653536721594908,0.03617319130214407,1.0,0.028631376056896942,-0.016674372817010858,0.0058389614065616595,0.056447406858606344,0.01643696085147203,0.019619854285452775,-0.005372348158712778,-0.001257046246454263,0.033431198005110935,0.04404895075627829,-0.0011801745765327252,-0.020742603969627585,-0.026495314882589903,0.021058561994680904,0.06544279023314262,-0.007094873869374237,0.013779204575927758,-0.02979891883879852,-0.0063270173471817095,-0.008376200446238092,0.016179305825949217,-0.02783173027982428,0.0168505832727682,0.0213530607962201,-0.005343503284618842,0.02420249763496985,0.014498249730083092,-0.0541850844785844,0.01883919828184293,0.003269738910613316,0.006677180049397577,-0.009338393809385292,-0.0004126457346749345,-0.05625705510118137,-0.06147748998402182,0.003777816684251944,0.00667530045265304,-0.029510181086800594,-0.009117531233150379,0.03533225568012733
3.4867059851274993,0.6222104374053277,0.8823529411764706,5.0,83.0,119.0,109.0,90.0,102.0,22.0,27.0,30.0,5.0,9.0,4.0,134.0,104.0,127.0,121.0,114.0,127.0,67.0,127.0,114.0,112.0,124.0,88.0,0.22148760330578512,0.3867768595041322,0.39173553719008264,0.28550404709345106,0.33922001471670343,0.37527593818984545,0.008935219657483246,0.0022338049143708115,0.01340282948622487,0.014147431124348473,0.01563663440059568,0.01340282948622487,0.0022338049143708115,0.011169024571854059,0.008190618019359643,0.0029784065524944155,0.0379746835443038,0.012658227848101266,0.04318689501116903,0.0037230081906180195,0.02531645569620253,0.021593447505584513,0.014147431124348473,0.0014892032762472078,0.017870439314966492,0.004467609828741623,0.0014892032762472078,0.03052866716306776,0.0014892032762472078,0.026061057334326135,0.012658227848101266,0.008190618019359643,0.02680565897244974,0.055100521221146684,0.004467609828741623,0.04616530156366344,0.022338049143708117,0.011913626209977662,0.09977661950856292,0.0037230081906180195,0.045420699925539834,0.02308265078183172,0.04244229337304542,0.058823529411764705,0.06329113924050633,0.008190618019359643,0.02680565897244974,0.005956813104988831,0.011169024571854059,0.04318689501116903,0.004467609828741623,0.02084884586746091,0.0029784065524944155,0.00967982129560685,0.007446016381236039,0.0007446016381236039,1.0,-0.0015927952266212538,-0.012960357233212653,-0.003081309122967994,-0.015353342934128641,-0.011629925331321055,0.025094573207422484,0.019780106562636186,0.01788172817743861,0.0058698545242094995,0.048892159753731596,0.04187568920518432,0.02264325202926309,0.020678939857740157,-0.005455542614160094,-0.005678009494657636,-0.01446328487120846,-0.0012430573216665707,-0.029626391546441352,-0.03944406817927404,-0.0006888359436812702,0.017212746783272545,0.028741247735126294,-0.0335089686356006,-0.004556952816770561,-0.056093673959535836,-0.02298362852248015,-0.0021185784850230164,0.03436357848432586,-0.016078579822295127,-0.009817187276154537,-0.051580688087076325,0.0019755334295397647,-0.023758415847081365,-0.026309448559600167,-0.0366759076669357,0.016817817310405932,-0.019751715204180054,0.02412387877956376,0.01890964639099013,0.023283048037207855,1.0,-0.001593982108310228,-0.012982260389075058,-0.003130394596431973,-0.015580699256606148,-0.011811164251785961,0.024763858189452363,0.01958697484831522,0.01842591730241803,0.006304348044831594,0.05060439083344444,0.04413734216081784,0.025130757331686238,0.022490149340452174,-0.0037994419579367245,-0.0034113627861264294,-0.016081571236278548,-0.004862907324027039,-0.03544302820779662,-0.04580394072213062,-0.007873935588946942,0.01013839345231927,0.0245088154429267,-0.03904280996527036,-0.004740651857009351,-0.054510684772807634,-0.018627570673499322,-0.0012119636887838916,0.03676106517648558,-0.009920050325873788,-0.004982403317603427,-0.04786757227979893,0.003922445905391879,-0.022583988567377686,-0.028245566015754533,-0.03676657643898052,0.022125147734964115,-0.017293664939007018,0.02535659784293103,0.0194308140145687,0.031165921822411
3.487245705947568,0.6382546995013318,0.8838421444527178,6.0,106.0,118.0,100.0,70.0,71.0,14.0,33.0,28.0,11.0,24.0,1.0,132.0,106.0,124.0,116.0,113.0,123.0,94.0,117.0,111.0,113.0,115.0,106.0,0.18900343642611683,0.359106529209622,0.4518900343642612,0.27153284671532846,0.33065693430656934,0.3978102189781022,0.01340282948622487,0.005956813104988831,0.017870439314966492,0.014892032762472078,0.016381236038719285,0.011169024571854059,0.0022338049143708115,0.006701414743112435,0.0022338049143708115,0.0029784065524944155,0.03723008190618019,0.011169024571854059,0.0387192851824274,0.007446016381236039,0.027550260610573342,0.028294862248696945,0.014892032762472078,0.004467609828741623,0.00967982129560685,0.0022338049143708115,0.0029784065524944155,0.029039463886820552,0.0022338049143708115,0.02680565897244974,0.016381236038719285,0.012658227848101266,0.03052866716306776,0.039463886820551006,0.0022338049143708115,0.03648548026805659,0.022338049143708117,0.011169024571854059,0.10498883097542815,0.0029784065524944155,0.04988830975428146,0.017870439314966492,0.034996276991809384,0.05658972449739389,0.07073715562174236,0.006701414743112435,0.03052866716306776,0.01563663440059568,0.010424422933730455,0.05361131794489948,0.0007446016381236039,0.01340282948622487,0.0029784065524944155,0.00967982129560685,0.007446016381236039,0.0029784065524944155,1.0,0.02926574927530827,0.023285317913898877,0.018578426425537583,0.08359009359852629,0.05336477064646476,0.04153797371437262,-0.0059884865615795055,-0.00659714804428304,0.01865264571200526,0.027785082907975354,0.024828074286601616,-0.03525743775011264,-0.02455926373473393,-0.019183819447393682,0.03461091669827231,-0.04379862815029274,-0.04353753670736757,-0.009164702651834859,-0.020938510946142172,0.02732197700419751,0.008220239402796658,0.018482599523408257,0.02749013577790182,-0.0036553389334759608,0.021084844860777555,0.045111687437341265,0.0023593663708766323,0.005612841469908287,0.058219252086965156,-0.028359923233103188,-0.003234514237406072,-0.019049381054480712,0.0008688367013542652,-0.0054017357825445885,-0.008649935687519405,-0.0008150971403467572,0.011972820356686389,-0.009194601950619554,0.003050094495693225,0.005933049615400826,1.0,0.02928755683810657,0.022481569030369554,0.01731755660408667,0.08243109863794443,0.048587215463144214,0.03568156132594107,-0.012728422194148336,-0.016317725983095666,0.01017562546057682,0.01940358643192809,0.021773316402559386,-0.037001838311452054,-0.025660596341225743,-0.02249023116308479,0.031102701870655138,-0.04273500387281923,-0.036809945144210335,0.0022639244616997722,-0.02076462707214048,0.03372377468172911,0.015424331055694759,0.028121817303656586,0.036403731652972116,-0.010658828554660636,0.015292530575390368,0.03746143487254877,-0.0023504674991557902,0.0016704397517708866,0.05195692330875929,-0.04562652143016347,-0.012311860514082227,-0.024969233452862054,-0.01042421163271575,-0.0023302083175612,-0.01067792039498869,0.006809948730611524,0.01864587903504255,-0.006234529831898349,0.012742971321122478,0.00892572116860805
3.466341844133988,0.6258210546261557,0.8816083395383469,1.0,107.0,123.0,120.0,104.0,76.0,49.0,22.0,12.0,1.0,7.0,0.0,134.0,107.0,129.0,124.0,121.0,124.0,107.0,123.0,109.0,111.0,112.0,105.0,0.15916398713826366,0.38102893890675243,0.45980707395498394,0.2709815078236131,0.3307254623044097,0.39829302987197723,0.016381236038719285,0.008935219657483246,0.014892032762472078,0.01712583767684289,0.014147431124348473,0.014892032762472078,0.0007446016381236039,0.0052122114668652275,0.0022338049143708115,0.0037230081906180195,0.03276247207743857,0.011169024571854059,0.03648548026805659,0.0037230081906180195,0.012658227848101266,0.028294862248696945,0.0193596425912137,0.0007446016381236039,0.0052122114668652275,0.0037230081906180195,0.0007446016381236039,0.02531645569620253,0.007446016381236039,0.02680565897244974,0.017870439314966492,0.01563663440059568,0.022338049143708117,0.035740878629932984,0.0022338049143708115,0.03052866716306776,0.02680565897244974,0.014892032762472078,0.10945644080416977,0.0052122114668652275,0.045420699925539834,0.018615040953090096,0.0387192851824274,0.05658972449739389,0.07520476545048399,0.00967982129560685,0.044676098287416234,0.0193596425912137,0.008190618019359643,0.05361131794489948,0.0029784065524944155,0.0193596425912137,0.0007446016381236039,0.007446016381236039,0.0052122114668652275,0.0007446016381236039,1.0,0.05461788751287359,0.02854275884706335,0.026697287570882612,-0.045712875718443846,0.003969849716884954,0.03505819189178122,-0.012129596445296428,0.028535165706024688,-0.0023392412058360922,-0.060441787225750464,0.05373842040056951,-0.017932173821724608,0.017668819692849728,0.03245286815817226,0.008397652913766077,0.002189371109350816,-0.012636727541420856,0.04018117696003783,0.037123400867177886,0.011449536854029671,-0.0027267161722407305,-0.00023429714042699104,-0.012796409756887697,0.052843805947914546,-0.017464083538751445,0.01689112083187668,0.014635897710266955,-0.014291250173482272,0.0055208225053722535,-0.009387565528877373,-0.02179982550093144,-0.03943817869722199,-0.042125902535776145,0.018881915201249922,0.008727967357711435,-0.018776293340200242,0.004437114285033483,0.00335560277102748,0.0052412599969031415,-0.020933750710239736,1.0,0.054658586385834006,0.02567447119631933,0.023918586091575295,-0.04947132500970917,0.007764835314485587,0.036707887268513914,-0.013962013862774564,0.02573568520967499,-0.006024744317962216,-0.058347022140915826,0.05860709733151829,-0.019691233454182958,0.020457271880169256,0.02158096930396731,0.01185770284823298,-8.749565799923587e-05,-0.018493336231609477,0.05113662943316528,0.02923824941104947,0.002292039990133718,-0.0033040114429423065,-0.004711415930456728,-0.004942077460960369,0.05413715920518007,-0.025719268846882675,0.01498634028710646,0.0070238072011178255,-0.004919895072447058,0.0021205029697420456,-0.013392704753857176,-0.01715447803608587,-0.04716370001637078,-0.04034289812424363,0.03396641828994166,-0.0002987187312565642,-0.015794548607707386,-0.0028937396909517435,0.0030566994461000007,0.011128079653565975,-0.02870224499851504
3.4922581475375236,0.6212230315043118,0.8860759493670886,23.0,79.0,126.0,118.0,79.0,98.0,17.0,40.0,36.0,11.0,20.0,3.0,134.0,88.0,130.0,127.0,112.0,130.0,77.0,129.0,117.0,111.0,121.0,83.0,0.24769230769230768,0.37538461538461537,0.3769230769230769,0.2891832229580574,0.34363502575423105,0.3671817512877116,0.014892032762472078,0.0052122114668652275,0.00967982129560685,0.014892032762472078,0.014892032762472078,0.012658227848101266,0.0007446016381236039,0.011169024571854059,0.0052122114668652275,0.0037230081906180195,0.04169769173492182,0.008935219657483246,0.03276247207743857,0.007446016381236039,0.02084884586746091,0.02531645569620253,0.01563663440059568,0.0022338049143708115,0.012658227848101266,0.004467609828741623,0.004467609828741623,0.029039463886820552,0.0029784065524944155,0.029784065524944156,0.010424422933730455,0.012658227848101266,0.02680565897244974,0.04690990320178704,0.0037230081906180195,0.049143708116157855,0.028294862248696945,0.01563663440059568,0.11020104244229337,0.0022338049143708115,0.05137751303052867,0.02084884586746091,0.029784065524944156,0.04690990320178704,0.06329113924050633,0.008190618019359643,0.0379746835443038,0.011913626209977662,0.007446016381236039,0.04616530156366344,0.0007446016381236039,0.016381236038719285,0.0029784065524944155,0.007446016381236039,0.008190618019359643,0.0029784065524944155,1.0,-0.010519346785370904,0.07088642846674492,-0.010974561158443039,0.01533036088486031,-0.02916810568221201,0.008865092564616496,0.025069712390126377,0.024817010918569055,0.0057458371062926355,-0.03402650945836971,0.0023002056064841173,0.026946538542677003,-0.04620517798170521,0.021432087171978354,0.02270051113313628,-0.03401573955097215,-0.048725415179645896,-0.036037054584016015,-0.039618494155025816,0.013080034019917875,0.037240801828191866,-0.01899711997265517,0.01195553774730105,-0.05287744124266764,0.00037488441544897646,-0.02274156556195494,-0.042380509864775706,-0.009409470584943617,-0.000593989961617476,0.0017698291194145543,0.007869189368841003,-0.0005252644539495349,-0.03518577545056509,-0.06890601481016914,0.0067511696834240496,-0.0049483967428880045,-0.020257728540678813,-0.0227527948844203,0.010257756538910449,0.0066502752280677,1.0,-0.01052718534482349,0.07088918463322184,-0.009607840278974933,0.010202350878095446,-0.027732899518872006,0.006534255171675634,0.029755321984055866,0.023850906618721534,0.003246274527708039,-0.038459683115444135,0.0011628403369952597,0.03370093014526243,-0.046393081061081996,0.016800843027806118,0.027040135158114337,-0.03906633065338513,-0.0491299076508296,-0.034050770914724346,-0.0351442774571301,0.01888834684590852,0.043668020312066715,-0.023221234502741824,0.0024215637976338026,-0.048008762652796556,0.007551309389756004,-0.014992243820916948,-0.04951762558872311,-0.006250973798077351,-0.002820111698958973,0.0032610529291390114,0.01673744528178272,-0.004875055654856836,-0.037702514236280744,-0.0717375555854795,0.0027521898077608386,0.0035157501435950727,-0.028599167716718884,-0.020332621077817248,0.015605159616562139,0.008011789421552307
3.4916851266360744,0.6064057781616896,0.8868205510052122,4.0,120.0,126.0,119.0,85.0,80.0,41.0,30.0,18.0,17.0,2.0,0.0,134.0,123.0,129.0,127.0,123.0,130.0,117.0,127.0,127.0,124.0,127.0,118.0,0.17757009345794392,0.37227414330218067,0.4501557632398754,0.2596281540504648,0.33266932270916333,0.4077025232403719,0.012658227848101266,0.008190618019359643,0.011169024571854059,0.02084884586746091,0.014892032762472078,0.011169024571854059,0.0029784065524944155,0.005956813104988831,0.0052122114668652275,0.004467609828741623,0.03648548026805659,0.00967982129560685,0.026061057334326135,0.005956813104988831,0.0193596425912137,0.026061057334326135,0.018615040953090096,0.004467609828741623,0.0052122114668652275,0.0022338049143708115,0.005956813104988831,0.021593447505584513,0.0029784065524944155,0.035740878629932984,0.02084884586746091,0.005956813104988831,0.022338049143708117,0.04318689501116903,0.0037230081906180195,0.04244229337304542,0.029784065524944156,0.011169024571854059,0.10424422933730454,0.0014892032762472078,0.05212211466865227,0.034996276991809384,0.039463886820551006,0.06031273268801191,0.06105733432613552,0.011913626209977662,0.029784065524944156,0.017870439314966492,0.006701414743112435,0.04839910647803425,0.0014892032762472078,0.01563663440059568,0.0037230081906180195,0.007446016381236039,0.0029784065524944155,0.0029784065524944155,1.0,0.015309905324345613,0.011447350446380693,-0.0071069431857902115,0.007515882663001154,0.05140453784945764,-0.045627385534633164,0.03803861576145848,-0.0032246189230392148,0.0036422021340552575,-0.02575586786734587,-0.05960759070550396,-0.01022058580391554,-0.03744733898015592,-0.010304982311685768,0.03661323979661223,-0.038581250600455384,0.008340660141735803,-0.06848771188028907,0.01350930677555692,-0.0225416615593691,0.008203965692851832,0.032880172532292,0.03915169216875569,0.016220207230344633,-0.012262606514208158,0.012595436314559767,-0.037174179346403526,0.019954066496576918,0.009733446288956308,0.02975464683374897,0.01510204296103864,0.02238045408338267,-0.04630749415509589,0.00389650278999744,-0.04009760330358098,0.010967338800667229,0.023557478981450566,-0.01688001402123325,0.005540894368851474,-0.017203221629392026,1.0,0.015321313599550057,0.011232317356654881,-0.007471321412573436,0.007634420244021584,0.051556069725214766,-0.047764739740645434,0.03887555510324202,-0.002815570774821584,0.0014269745782230835,-0.0275147083790047,-0.05531104809339697,-0.01390793887088002,-0.03313428852899388,-0.011652031381029744,0.04245825613557476,-0.03780636138875389,0.007672489239152418,-0.062299642796121664,0.01358923604314566,-0.02474189431688587,0.013238216800969581,0.024223698794736778,0.04621458721786435,0.0018545841041790905,-0.004115084050112446,0.009211787631645929,-0.04273121027813255,0.017863566297380933,0.0032974443535167567,0.025369939530071276,0.01028129406805592,0.02724208052989351,-0.045714704445068866,0.0091581701806319,-0.03887872102206705,0.009943092685619534,0.02314558339108369,-0.02076449254207444,0.006840729941334805,-0.006185608390472709
3.5010372077636616,0.631544470283533,0.8823529411764706,1.0,118.0,129.0,118.0,98.0,82.0,30.0,24.0,15.0,11.0,11.0,4.0,134.0,122.0,131.0,127.0,125.0,130.0,109.0,127.0,123.0,123.0,122.0,110.0,0.1669266770670827,0.37753510140405616,0.45553822152886114,0.26365475387727577,0.33580579905596764,0.4005394470667566,0.01563663440059568,0.010424422933730455,0.012658227848101266,0.012658227848101266,0.01563663440059568,0.008190618019359643,0.0014892032762472078,0.004467609828741623,0.004467609828741623,0.0022338049143708115,0.04839910647803425,0.01340282948622487,0.03648548026805659,0.006701414743112435,0.018615040953090096,0.018615040953090096,0.022338049143708117,0.0037230081906180195,0.011913626209977662,0.0052122114668652275,0.0022338049143708115,0.02531645569620253,0.0037230081906180195,0.02680565897244974,0.01563663440059568,0.010424422933730455,0.029784065524944156,0.04616530156366344,0.0029784065524944155,0.0387192851824274,0.029784065524944156,0.008935219657483246,0.09009679821295608,0.0,0.05286671630677588,0.026061057334326135,0.03201787043931496,0.06180193596425912,0.06775874906924795,0.00967982129560685,0.039463886820551006,0.022338049143708117,0.006701414743112435,0.0387192851824274,0.0029784065524944155,0.01563663440059568,0.0022338049143708115,0.007446016381236039,0.007446016381236039,0.0029784065524944155,1.0,-0.030016777358080296,-0.017977731638829854,0.038320597928787434,-0.02721590998187413,-0.006914830120677019,0.03970205109722419,-0.013352526078011337,-0.008596170505728966,0.016399043804897127,-0.010997117468010438,0.010348775806968682,0.013028111960457894,-0.018587337812191754,0.020871446246852228,-0.0215916371868178,-0.030312857471610156,0.02522509904338368,0.026212540808233053,0.019300595065565102,0.01730123091116502,-0.017566033235585133,-0.009850260045151023,0.027420301710669184,0.022110264524984317,0.0002620314122920305,0.012193309073617922,-0.028992645055710257,-0.02716775586222019,-0.000782210480437689,-0.00501652683451572,-0.03427808488491422,-0.00844985440298043,-0.011677004968416943,-0.040514884243645785,0.0062950155596350294,0.00868391470481393,0.013829651963410572,0.05454917388917526,-0.020273313726785296,-0.04247775731345991,1.0,-0.030039144554323258,-0.01892397031890125,0.03733390054950799,-0.025414889671978597,-0.007159259572984905,0.037236055507889304,-0.009509034776023878,-0.008199787090958048,0.012540213336799447,-0.007789057292195057,0.01093819461470874,0.010427067511250915,-0.015666730357027214,0.020076982604839703,-0.023049862194909558,-0.02857202066240664,0.020410266686432713,0.0284537506648045,0.025191428260182263,0.01445792118455695,-0.015873759061165168,-0.007836028430563875,0.02358846049830993,0.025248598140259017,0.002298482180433139,0.009296642968185914,-0.026519902700917905,-0.028542613969975088,-0.007312803300301013,-0.004075803992851299,-0.03632318206100193,-0.013865338132899486,-0.00953843574529548,-0.03829057880724057,0.001844896767310574,0.007374583506420277,0.016207054448543846,0.05521687184082097,-0.013439630838609377,-0.04039826859048525
3.4894796666059147,0.6564209437310213,0.8808637379002234,7.0,110.0,120.0,120.0,102.0,78.0,26.0,54.0,24.0,24.0,15.0,17.0,134.0,112.0,127.0,126.0,121.0,130.0,103.0,129.0,117.0,113.0,121.0,110.0,0.1994261119081779,0.38737446197991393,0.4131994261119082,0.27234927234927236,0.3305613305613306,0.3970893970893971,0.01340282948622487,0.00967982129560685,0.00967982129560685,0.00967982129560685,0.014147431124348473,0.014892032762472078,0.0014892032762472078,0.010424422933730455,0.0037230081906180195,0.0022338049143708115,0.03723008190618019,0.011913626209977662,0.03201787043931496,0.006701414743112435,0.022338049143708117,0.027550260610573342,0.018615040953090096,0.0007446016381236039,0.006701414743112435,0.004467609828741623,0.0037230081906180195,0.02531645569620253,0.0037230081906180195,0.027550260610573342,0.011913626209977662,0.010424422933730455,0.024571854058078928,0.039463886820551006,0.0022338049143708115,0.039463886820551006,0.022338049143708117,0.012658227848101266,0.0953090096798213,0.0014892032762472078,0.06552494415487714,0.021593447505584513,0.03052866716306776,0.05137751303052867,0.07073715562174236,0.014892032762472078,0.04690990320178704,0.016381236038719285,0.007446016381236039,0.055100521221146684,0.0029784065524944155,0.01563663440059568,0.004467609828741623,0.011169024571854059,0.005956813104988831,0.0014892032762472078,1.0,0.042136648262659476,0.02503148968711413,0.02658318442028066,0.024630756471077098,0.03608090417901098,0.061550939424681685,-0.009445429081546854,-0.02252767258966819,-0.015378703949747058,0.013650719174558951,0.05568231654549568,-0.003216067684018741,0.003331629726182318,-0.038051273979202,0.0035099212077081944,0.03566193341193935,-0.0034196070804479906,-0.07857544716845419,-0.0055385978195683595,-0.03179707261070354,-0.0027384616504118886,0.019028805445488396,0.012079856406632627,0.024213721034657364,0.06455277053151501,0.03779284907982997,0.015776324715138623,-0.010347233192247621,-0.0019889646446955493,0.045884298999878746,-0.0031244301992345166,-0.018167349409737424,0.005712822842502113,-0.010957511121917793,0.005654817633255861,-0.01729003302834232,0.003147318833566763,-0.0017955753147001227,0.001861998878225494,0.010007805659310913,1.0,0.04216804665927846,0.023332166055084386,0.02468369321370419,0.022086835955479923,0.03323043264736612,0.057607409664557144,-0.016921940966318997,-0.026644273973601296,-0.017557101224145895,0.01304609696613743,0.05409661838231193,-0.008887118736344329,0.004618862543789838,-0.038390324947565786,0.004736050363776361,0.031964608107409816,-0.011180296509193435,-0.0780919042380016,0.00348890684413891,-0.023931293989418057,-0.0008013056648120555,0.016559840724914336,0.018615316509436194,0.03585183905999391,0.06845932519777104,0.029393357424668413,0.0008682012768039721,-0.021509269791021742,-0.002042939366674934,0.04317804196795203,-0.010909735948315426,-0.02952705568247159,0.009189032122641834,-0.004890396218371116,0.001464121708162422,-0.0341061907312943,0.00368617528718598,-0.0014236878155342101,0.009049648368742952,0.012018544067326435
3.5183050964382963,0.6495764693935372,0.8823529411764706,4.0,108.0,124.0,116.0,80.0,90.0,27.0,44.0,10.0,11.0,4.0,3.0,134.0,110.0,127.0,125.0,115.0,128.0,73.0,125.0,113.0,113.0,122.0,92.0,0.2222222222222222,0.3494363929146538,0.428341384863124,0.28104575163398693,0.3384168482207698,0.3805374001452433,0.014147431124348473,0.00967982129560685,0.011913626209977662,0.011913626209977662,0.01563663440059568,0.010424422933730455,0.0007446016381236039,0.014147431124348473,0.005956813104988831,0.0029784065524944155,0.0387192851824274,0.012658227848101266,0.04244229337304542,0.008190618019359643,0.016381236038719285,0.02680565897244974,0.018615040953090096,0.0029784065524944155,0.011913626209977662,0.008190618019359643,0.0037230081906180195,0.02680565897244974,0.0022338049143708115,0.029039463886820552,0.01340282948622487,0.020104244229337303,0.026061057334326135,0.04169769173492182,0.004467609828741623,0.039463886820551006,0.022338049143708117,0.005956813104988831,0.10275502606105734,0.0029784065524944155,0.05361131794489948,0.02531645569620253,0.04169769173492182,0.055100521221146684,0.05956813104988831,0.012658227848101266,0.03052866716306776,0.01712583767684289,0.007446016381236039,0.04095309009679821,0.0052122114668652275,0.01340282948622487,0.0022338049143708115,0.0037230081906180195,0.004467609828741623,0.0014892032762472078,1.0,0.06534278986806455,0.03425055817653069,0.0678165991652301,-0.010018497772288339,0.04939392848111344,0.03315235319400472,-0.014235115082241644,0.021174732782230612,0.022338322004644518,0.011995957944760004,0.016225963440436055,0.015002376853059362,0.012053446957861836,-0.04287243342710721,-0.03606477911010525,0.010079887889440062,-0.014068639465844293,0.0227393467896831,0.02953377784026886,0.010525696623191208,-0.034680019040337545,-0.052468016479141115,-0.043698122556255665,0.02231673797714198,0.03536733752115412,-0.009550143005856477,-0.004061145627341733,0.040608346969407995,0.027620342815356067,0.07150128096824207,0.009525706585940272,-0.030618264194560842,0.01839647145791404,0.02238790307695223,0.01847150991690163,-0.043962071170484375,-0.03129911562870699,-0.005061878856571735,-0.045343306231577514,-0.03759470302580607,1.0,0.06539148047154299,0.03015453675113425,0.06415358905837255,-0.019498222757144492,0.047896962146339005,0.0239503610118035,-0.018776998311799898,0.015457115320665644,0.019213330844124295,0.009457932251797599,0.008409793940434656,0.01200943749876353,0.00863490477052183,-0.05041264302926936,-0.0344696936400924,0.015249884579619472,-0.010070599780305264,0.025035686231401944,0.028816126388266868,0.013323167283392915,-0.04474189339836191,-0.05343886769488959,-0.0357636754619331,0.033529958296770086,0.04133006272142662,-0.006256634466885281,-0.00247674411590074,0.040656043505750084,0.019705992228057526,0.06447518918437413,-0.003068797742024161,-0.03340307408257289,0.015927504215957684,0.025189711837455706,0.01309909982938719,-0.0667551748341137,-0.03745377874153604,-0.005415957740857436,-0.03982501717091284,-0.03151660765409954
3.490502397061608,0.6037056455854436,0.8838421444527178,3.0,109.0,122.0,110.0,99.0,81.0,37.0,15.0,8.0,6.0,3.0,9.0,134.0,111.0,127.0,121.0,123.0,124.0,105.0,123.0,115.0,112.0,117.0,108.0,0.1644518272425249,0.3704318936877076,0.46511627906976744,0.26830985915492955,0.3316901408450704,0.4,0.01340282948622487,0.011169024571854059,0.007446016381236039,0.01340282948622487,0.020104244229337303,0.011169024571854059,0.0029784065524944155,0.0052122114668652275,0.0052122114668652275,0.0007446016381236039,0.04095309009679821,0.00967982129560685,0.03276247207743857,0.0037230081906180195,0.024571854058078928,0.0193596425912137,0.026061057334326135,0.0007446016381236039,0.008935219657483246,0.0052122114668652275,0.0052122114668652275,0.02084884586746091,0.004467609828741623,0.023827252419955324,0.011913626209977662,0.012658227848101266,0.027550260610573342,0.0387192851824274,0.0029784065524944155,0.027550260610573342,0.022338049143708117,0.01340282948622487,0.09233060312732688,0.0037230081906180195,0.058078927773641105,0.028294862248696945,0.0379746835443038,0.06105733432613552,0.08190618019359643,0.008935219657483246,0.03723008190618019,0.014147431124348473,0.010424422933730455,0.05137751303052867,0.0037230081906180195,0.016381236038719285,0.0052122114668652275,0.006701414743112435,0.007446016381236039,0.0007446016381236039,1.0,-0.012165512239057841,0.010828998335159148,0.05113972985184745,0.03553378310683736,0.0345265271250853,-0.018957535400527487,-0.03038232568062286,0.017776016106014515,-0.006656642550633504,0.010789992596612894,0.015629967421930117,-0.008935572094389948,0.03429496403184433,0.002005519862847166,0.017592598305119795,0.011535791823432279,-0.0054969575019733095,0.04834532271899712,-0.06712016648167063,0.008879776315015768,0.02042206963577765,-0.015190237213638024,-0.003116013330871141,-0.03520617961689042,-0.0037105180811080377,-0.03788673634623755,-0.025496557827545493,-0.02840255014641865,-0.013501519396487251,-0.04848458123693543,-0.006109144773291703,-0.014697114748758231,-0.0012652483590601122,0.023924788456769222,-0.0013287475554164818,-0.005199203037891684,0.018717396945874345,0.040034586396306436,0.01812310174440353,-0.009599640178542193,1.0,-0.012174577449370094,0.010698514367855837,0.05152862879377126,0.036897729589017214,0.03464691222358353,-0.021567526131819458,-0.03582439760812022,0.01244750641824157,-0.005985644851401765,0.014265626212098452,0.01870817497555524,-0.007445949145645997,0.030988949306441926,0.0003785206521335579,0.01669381882638341,0.008112363062047524,-0.006099099458652276,0.04528894820074086,-0.06933618065389613,0.007600837071487057,0.01678019690502924,-0.009592441205396148,-0.0028251793353979873,-0.03420897558119633,-0.004394700643417435,-0.04625683259499655,-0.01887680436491498,-0.027776311205206218,-0.009939580363867134,-0.04215086590297261,-0.00812041435155395,-0.0068278112411611835,0.0007957010150744213,0.029646909890174537,0.005291088214170863,-0.009641825946727377,0.024566545750331716,0.03706562993211345,0.022233268921647918,-0.0032042894408272544
3.4592349050665727,0.6122939306320274,0.877885331347729,1.0,107.0,115.0,113.0,62.0,86.0,51.0,28.0,47.0,15.0,25.0,17.0,133.0,109.0,126.0,122.0,114.0,128.0,95.0,123.0,121.0,119.0,121.0,110.0,0.1724137931034483,0.3553223388305847,0.47226386806596704,0.27023223082336384,0.33497536945812806,0.3947923997185081,0.014147431124348473,0.008935219657483246,0.014147431124348473,0.012658227848101266,0.014892032762472078,0.00967982129560685,0.0007446016381236039,0.008190618019359643,0.004467609828741623,0.0007446016381236039,0.04690990320178704,0.008190618019359643,0.0379746835443038,0.0029784065524944155,0.014892032762472078,0.028294862248696945,0.0193596425912137,0.004467609828741623,0.010424422933730455,0.0037230081906180195,0.0022338049143708115,0.03127326880119136,0.0029784065524944155,0.02308265078183172,0.006701414743112435,0.00967982129560685,0.03052866716306776,0.045420699925539834,0.0022338049143708115,0.03425167535368578,0.028294862248696945,0.011169024571854059,0.10945644080416977,0.004467609828741623,0.05658972449739389,0.029039463886820552,0.035740878629932984,0.06180193596425912,0.05956813104988831,0.008190618019359643,0.03127326880119136,0.017870439314966492,0.008190618019359643,0.04616530156366344,0.0037230081906180195,0.016381236038719285,0.0007446016381236039,0.008935219657483246,0.006701414743112435,0.0014892032762472078,1.0,0.03933776273718094,0.05077705636410247,0.015286373226634807,-0.004111486045124409,-0.014910281346134016,-0.000999321208915466,0.024006953462866625,-0.00033525089755809576,-0.017944469999189774,-0.011044485685002145,0.024530591974983897,0.05006286909221686,-0.00956455187580084,-0.03615898492052627,-0.026755460085537478,-0.02415753792690322,-0.028706325254043177,-0.0008782207867415585,0.010562091041997292,-0.006364669090959479,0.023801778786029668,-0.00189310362182647,-0.04430573432764173,-0.0006094391033946346,0.019613188488227132,0.026188360288945056,0.005608279767966559,0.045692951808734755,-0.04668344624674879,-0.0200864213815329,-0.002845561009445844,-0.021529280515021485,0.06661525641944352,-0.02180068312332323,0.004264003136940026,-0.018840211956656736,0.01450462956490804,-0.006331390703842972,0.0006832241203621908,0.003964675586328706,1.0,0.03936707552610583,0.04937954663874275,0.011519494230926046,-0.007662595442070756,-0.01593435368868122,0.0005480157479459507,0.025976213859982732,-0.00176184261111946,-0.020783660731698197,-0.010625124259654284,0.02795733492470239,0.05138882419051891,-0.016082406408746218,-0.04351084609212845,-0.024725534601833354,-0.015558698814122572,-0.02158552694840343,0.00115860092697642,0.009166716214648254,-0.006050388796010591,0.027705119034210947,-0.002748091600968585,-0.05155489333528749,-0.0005470697759437889,0.027501912735395182,0.031332561790149135,0.0031497507964528084,0.041695801019490775,-0.05262156907894704,-0.02118653837665546,0.0005099633983457511,-0.023344943842998865,0.06732361955122411,-0.02315843129127389,0.005714078391365768,-0.01781926442286419,0.012266869315025575,-0.009076456915398115,-0.003781928467805858,-0.0007230810327187741
3.4743088830499445,0.6176597916040698,0.8883097542814594,8.0,107.0,114.0,118.0,90.0,78.0,21.0,57.0,12.0,12.0,12.0,5.0,134.0,113.0,125.0,122.0,113.0,122.0,81.0,117.0,112.0,110.0,113.0,107.0,0.22555205047318613,0.3659305993690852,0.4085173501577287,0.2724616508400292,0.3338203067932798,0.393718042366691,0.014892032762472078,0.0029784065524944155,0.01563663440059568,0.011169024571854059,0.016381236038719285,0.014892032762472078,0.0022338049143708115,0.0052122114668652275,0.0022338049143708115,0.0037230081906180195,0.03425167535368578,0.010424422933730455,0.04244229337304542,0.010424422933730455,0.01563663440059568,0.02531645569620253,0.021593447505584513,0.0,0.011169024571854059,0.0029784065524944155,0.0037230081906180195,0.029039463886820552,0.0037230081906180195,0.03350707371556218,0.008935219657483246,0.008935219657483246,0.029039463886820552,0.0379746835443038,0.0037230081906180195,0.03425167535368578,0.024571854058078928,0.01340282948622487,0.09903201787043932,0.0007446016381236039,0.06180193596425912,0.02680565897244974,0.04244229337304542,0.05658972449739389,0.07297096053611318,0.00967982129560685,0.034996276991809384,0.014892032762472078,0.007446016381236039,0.0379746835443038,0.0014892032762472078,0.014147431124348473,0.0022338049143708115,0.012658227848101266,0.007446016381236039,0.0022338049143708115,1.0,-0.0008301573409396887,-0.0030713933457934043,-0.006543957817848491,-0.02915267106854229,0.016120203420334715,0.004250336520243264,0.030885530717120024,0.0047240108458866,-0.00505565839891651,0.015711506931544442,-0.03876803942306346,0.00022744354107522442,-0.013862434948200405,-0.015086242722511072,0.00783284069476868,-0.038868923065345,-0.011625484467941708,0.017206661716389994,0.007285841439742324,-0.02012348068556763,-0.006150400437458436,-0.0137625565338641,0.07180571555388277,-0.00814522514432785,-0.0031518787837898467,-0.024308290362798496,0.031376732744413084,0.0011941320004893983,-0.009135899855394694,0.013656631702949706,-0.002145725143707294,0.009836777148521537,0.003246945478346337,-0.021409348792376853,-0.04737842782366755,-0.026785718755413437,-0.013074717556186295,0.03699447392796373,0.014590109015792463,0.041824448952318245,1.0,-0.0008307759380640907,-0.0030766664086350876,-0.006563794459898615,-0.029261848390558093,0.016099128762838342,0.004074349971121646,0.03080508361685124,0.004185995673003834,-0.003895100080526809,0.01624544490267955,-0.03746552565829285,-0.0005147009670965979,-0.01479389773244112,-0.015703782667225354,0.004900820901799375,-0.038464168837034456,-0.013379453146332595,0.01906321924847271,0.008330383228515157,-0.022480746892745217,-0.003261856614727113,-0.014143578220544203,0.0758943723874259,-0.009660884395474028,-0.005396198610920669,-0.023883060032325053,0.035499592048274846,-0.0026531430660627887,-0.00942087347789187,0.008152181691713391,-0.0004732787556399558,0.010028705169435014,-0.0012032312710179545,-0.01699362879135843,-0.04968720888913999,-0.025843070536631894,-0.017083221298912543,0.03745912196156235,0.017515855149193883,0.04460982972585325
3.4963959522421817,0.6510723119227656,0.8801191362620998,9.0,107.0,122.0,116.0,98.0,110.0,26.0,76.0,7.0,9.0,25.0,3.0,134.0,111.0,129.0,122.0,119.0,128.0,95.0,129.0,117.0,118.0,123.0,115.0,0.2754237288135593,0.3248587570621469,0.3997175141242938,0.27152777777777776,0.33055555555555555,0.39791666666666664,0.014892032762472078,0.010424422933730455,0.014892032762472078,0.0193596425912137,0.018615040953090096,0.012658227848101266,0.0014892032762472078,0.008935219657483246,0.0022338049143708115,0.004467609828741623,0.04244229337304542,0.008190618019359643,0.034996276991809384,0.006701414743112435,0.014147431124348473,0.022338049143708117,0.008190618019359643,0.0014892032762472078,0.005956813104988831,0.0052122114668652275,0.0029784065524944155,0.02531645569620253,0.0037230081906180195,0.028294862248696945,0.014147431124348473,0.00967982129560685,0.03425167535368578,0.0387192851824274,0.007446016381236039,0.03723008190618019,0.024571854058078928,0.014892032762472078,0.0960536113179449,0.0022338049143708115,0.058823529411764705,0.024571854058078928,0.044676098287416234,0.05584512285927029,0.06850335070737155,0.005956813104988831,0.039463886820551006,0.0193596425912137,0.005956813104988831,0.04169769173492182,0.0029784065524944155,0.011913626209977662,0.0022338049143708115,0.011913626209977662,0.007446016381236039,0.0014892032762472078,1.0,-0.039705126480594065,0.06017505471009101,-0.004788157787984565,0.02433281245285808,0.036116662910699024,0.019015666792000813,-0.03627201902240837,-0.032321306227371144,0.0074119411067458535,-0.023650798969603527,-0.015937139885625416,-0.015894935908465132,-0.02656601714330296,-0.019488486771371733,-0.008988033070913259,0.012040078541841722,-0.002064892901213494,0.03188887314094172,-0.0004228665072375386,0.026345716808901323,0.046966311799482366,-0.0004614446625603013,0.021928082884732976,0.03395124340144099,0.04688887566117967,-0.002690748034601531,0.022596789162575442,-0.014340381064971852,-0.03467045389861276,-0.03961308549194452,-0.001448742077888965,-0.007079957506646847,-0.009357166741561297,0.009177753967696595,-0.015221086766883628,-0.008570627501435219,0.04391778488080129,-0.00111715159503614,0.04149180333884847,0.012955350642203859,1.0,-0.03973471301299391,0.05877875651930622,-0.0002105264172581599,0.020780398299513024,0.0384415230214123,0.019396145183472477,-0.0395269258391889,-0.03829868719840695,0.007640927556561698,-0.021799418587507238,-0.018843914500451617,-0.010519763090445389,-0.022249741139374085,-0.0200602408175987,-0.008313540530362436,0.01615812287173479,0.0015731761219150682,0.031404313109566026,0.003443138845010977,0.02120838571464204,0.04578268427998868,-0.003919182068090076,0.013789461789277892,0.03387250717597479,0.04567089565933991,-0.005998484286770619,0.016099704526014513,-0.008982902332783989,-0.04127036081230926,-0.04541472721807634,0.004982977468717104,0.004923023378633255,-0.003286342251296076,0.01948482961854903,-0.0028885661326994755,-0.012022942375057239,0.04436883324454467,0.004757369366825353,0.03671134403938592,0.0151328829590014
3.4914095110454775,0.6214115925866402,0.8883097542814594,7.0,115.0,120.0,117.0,105.0,84.0,20.0,26.0,6.0,10.0,5.0,0.0,134.0,115.0,126.0,127.0,123.0,127.0,111.0,128.0,113.0,123.0,120.0,111.0,0.1902439024390244,0.38699186991869916,0.42276422764227645,0.266803840877915,0.3333333333333333,0.3998628257887517,0.01712583767684289,0.007446016381236039,0.01340282948622487,0.012658227848101266,0.0193596425912137,0.012658227848101266,0.0,0.006701414743112435,0.0007446016381236039,0.0022338049143708115,0.03276247207743857,0.010424422933730455,0.03648548026805659,0.006701414743112435,0.017870439314966492,0.017870439314966492,0.017870439314966492,0.0037230081906180195,0.007446016381236039,0.0052122114668652275,0.0052122114668652275,0.02308265078183172,0.005956813104988831,0.024571854058078928,0.01340282948622487,0.008935219657483246,0.029784065524944156,0.04318689501116903,0.0029784065524944155,0.0379746835443038,0.029039463886820552,0.017870439314966492,0.0960536113179449,0.006701414743112435,0.05658972449739389,0.027550260610573342,0.029039463886820552,0.07073715562174236,0.06626954579300075,0.011913626209977662,0.04169769173492182,0.01712583767684289,0.0007446016381236039,0.04169769173492182,0.0007446016381236039,0.018615040953090096,0.0037230081906180195,0.00967982129560685,0.008190618019359643,0.0022338049143708115,1.0,0.01566407366551529,-0.01251959605531345,-0.010149815543840335,0.02784589466648198,-0.049743854039027834,-0.009887068161085292,-0.026597964334914317,0.0011669843392689793,-0.019868988980798176,0.021002901016080117,-0.056562274151564985,0.0011444606672116153,-0.012351990579559,-0.012169346630351125,0.040218121938128286,0.018910815804138226,0.0021955886970810618,-0.001462565475813552,0.017777245251575136,0.034473389168947446,0.027598806458786207,0.007630852887138833,0.0218096334605226,0.014959679303609348,-0.004267434060389907,0.04116568050263218,-0.0024153309775718896,-0.029716896268542403,0.03100650011799365,-0.008932389071180123,-0.018415642323112304,-0.027059767328757894,0.07896899891128469,-0.07673481243038821,0.013473066952873425,0.007840523761264508,-0.0008353206692517238,-0.02927097307114,0.029254674896978288,-0.021517091690633896,1.0,0.015675745851555165,-0.012787139264273575,-0.009777031851282087,0.028098370827734875,-0.05113698319231117,-0.007678188674250102,-0.027224384067011567,-3.100800058187506e-06,-0.018138858647137098,0.019288356484934762,-0.05789967725860458,0.0005391846434531356,-0.013241378372987271,-0.016858076647720485,0.046046364426046364,0.010530795151841266,0.0034482512087620335,-0.004165393838188929,0.01549570543055101,0.03456754717225124,0.031689995154044276,0.007423685915184577,0.023535151920457912,0.016308610032561295,-0.004945188300355105,0.05257444847557615,-0.0007853924533274187,-0.02416975128849914,0.03895285928478732,-0.012927225693327458,-0.011067319149496964,-0.02102687275580575,0.0819043326688636,-0.07977888322013715,0.020320386621851354,0.002048433915033121,-0.006844517591166091,-0.01919969829571751,0.016519602093639018,-0.018076188039038103
3.5190113877367946,0.6361074688265334,0.8830975428145942,3.0,111.0,124.0,112.0,85.0,79.0,44.0,29.0,30.0,26.0,6.0,2.0,134.0,111.0,129.0,124.0,115.0,128.0,109.0,121.0,113.0,118.0,117.0,110.0,0.17050691244239632,0.38863287250384027,0.44086021505376344,0.26801959412176346,0.3289013296011197,0.40307907627711687,0.012658227848101266,0.011913626209977662,0.01712583767684289,0.014147431124348473,0.01712583767684289,0.011169024571854059,0.0007446016381236039,0.0037230081906180195,0.004467609828741623,0.005956813104988831,0.0387192851824274,0.007446016381236039,0.0379746835443038,0.005956813104988831,0.020104244229337303,0.023827252419955324,0.018615040953090096,0.0029784065524944155,0.0022338049143708115,0.006701414743112435,0.0022338049143708115,0.02308265078183172,0.004467609828741623,0.029784065524944156,0.011913626209977662,0.014147431124348473,0.02308265078183172,0.049143708116157855,0.008190618019359643,0.0387192851824274,0.02308265078183172,0.01340282948622487,0.09233060312732688,0.0022338049143708115,0.049143708116157855,0.02680565897244974,0.02680565897244974,0.058078927773641105,0.06701414743112435,0.011169024571854059,0.03648548026805659,0.028294862248696945,0.008190618019359643,0.04690990320178704,0.0029784065524944155,0.021593447505584513,0.004467609828741623,0.0029784065524944155,0.006701414743112435,0.0029784065524944155,1.0,0.003424096872829147,-0.037745905451009636,-0.02357110917411126,0.001960375373484531,0.03357851690908122,0.013000399824616208,0.04002960668890993,-0.011104820632042545,3.4552843769901446e-05,-0.038974056181569926,-0.0002502128159094902,0.002993668828480308,0.01716410869798056,0.0031054475691879406,-0.03650177343385703,0.002587278667408624,-0.011174534458951769,-0.03535225986401312,0.005541900550606749,-0.013402610634147098,0.03872141884239359,0.07145577331969953,0.013484458235410855,-0.02318886154393072,0.024728375443288365,1.4709390085468622e-05,0.05556354304450231,0.04487572757881854,0.02414149466554908,-0.0064417960848263634,0.004302506610586479,0.05345546917125642,-0.008074494629167648,0.013125136017531625,0.019440416712401543,0.005808724523894876,-0.015571194176140462,-0.058431432766204244,-0.020418896686510073,0.04743217657966513,1.0,0.0034266483608118817,-0.037814386544462474,-0.02339359602570466,0.0006845458548092454,0.031984826173802335,0.012467911523517417,0.042824341165990244,-0.008935870934877495,0.0036987838220801806,-0.039530289602963946,-0.0014035637154911006,-0.0028457466568525443,0.01534183670610311,0.0016698761988024988,-0.03233936845089939,0.004429278111292367,-0.010781967877170045,-0.03913657966393356,0.004888223760746341,-0.017657221241186447,0.03944542813866896,0.07603397711391519,0.01927141576856604,-0.014551487017795413,0.03061464295246902,-0.005203660999862995,0.05325523976126668,0.03947560361021823,0.025527553576340893,-0.004150582575194192,0.01373837527310534,0.0545470994782958,-0.012245012632337057,0.008696711225953837,0.017092075250548185,0.0050711175051873,-0.006683234214706237,-0.05890893599454442,-0.0227613252203524,0.05028857300368324
3.5057106898900736,0.6281219725380938,0.8883097542814594,2.0,110.0,121.0,120.0,100.0,55.0,12.0,42.0,35.0,3.0,8.0,3.0,133.0,113.0,125.0,123.0,121.0,124.0,107.0,125.0,113.0,115.0,117.0,110.0,0.16202945990180032,0.42225859247135844,0.4157119476268412,0.26788218793828894,0.33099579242636745,0.4011220196353436,0.02084884586746091,0.008190618019359643,0.017870439314966492,0.011913626209977662,0.0193596425912137,0.014892032762472078,0.0,0.0052122114668652275,0.0022338049143708115,0.0029784065524944155,0.0387192851824274,0.011169024571854059,0.04169769173492182,0.0037230081906180195,0.018615040953090096,0.026061057334326135,0.011913626209977662,0.0007446016381236039,0.006701414743112435,0.007446016381236039,0.005956813104988831,0.016381236038719285,0.004467609828741623,0.023827252419955324,0.018615040953090096,0.014892032762472078,0.02308265078183172,0.0379746835443038,0.0022338049143708115,0.034996276991809384,0.03276247207743857,0.011169024571854059,0.10275502606105734,0.0037230081906180195,0.049143708116157855,0.024571854058078928,0.04095309009679821,0.04839910647803425,0.06999255398361877,0.005956813104988831,0.03723008190618019,0.020104244229337303,0.012658227848101266,0.04393149664929263,0.004467609828741623,0.016381236038719285,0.0014892032762472078,0.011913626209977662,0.008190618019359643,0.0014892032762472078,1.0,0.057948150368198344,0.011287959479643906,0.004264296643811379,-0.0012733558365315167,0.016972158146003908,-0.03852175553671508,-0.0013195854910506494,-0.0038683813194564515,0.012976528923055331,0.03866204913193524,-0.005024593087435567,0.01295470683881137,-0.03616569840376186,0.014319838772838296,-0.03274850724103098,-0.015550357486287966,-0.035463799051960766,-0.00862789671947843,0.003269206530442279,0.019943258100885847,-0.021890473509197483,0.0346306973794909,0.007226142509616774,0.02974052178881103,-0.003312829240850865,0.00953175577944925,0.0012631250950382092,-0.012698584136376145,-0.009874689828616688,0.0423760991654926,0.003958382247800936,0.001317247190589373,0.0053487027716312705,0.014545432422706697,0.015080814549606053,-0.00020595537298977444,-0.024183052904365804,-0.007295342791706589,0.0034064455711344333,0.030064579338776896,1.0,0.05799133080811502,0.007968598520518323,0.003172246918340947,-0.001801094811031656,0.01720227764433083,-0.040796794538734575,0.0029728269060470863,-0.003391169755276794,0.013908979307600454,0.03716619333627588,-0.008304328699041607,0.011494583416398346,-0.03815700734469171,0.018141696609947373,-0.03518753264163683,-0.008416166637804288,-0.03549224239772788,-0.001424530887971034,-9.06846060693605e-05,0.022108730322611438,-0.027389316930683305,0.03870564172449691,0.002884096667134792,0.028300534619371803,-0.004499879636858276,0.012126811473644845,0.00102670092072121,-0.012978929835437148,-0.009354862638638597,0.04371922768121094,-0.00036696681852357567,-0.004307409277384841,0.006199008282203213,0.007210813764193259,0.016988018876948962,-0.003014680556975176,-0.01937839554845546,-0.006022340587407735,0.009661518458936648,0.02841983236988942
3.5239181484118807,0.6449569035425149,0.8860759493670886,1.0,111.0,124.0,102.0,82.0,102.0,24.0,63.0,23.0,7.0,21.0,0.0,134.0,111.0,128.0,123.0,119.0,130.0,99.0,127.0,119.0,119.0,125.0,109.0,0.2515151515151515,0.3242424242424242,0.42424242424242425,0.27096327096327094,0.33264033264033266,0.3963963963963964,0.016381236038719285,0.010424422933730455,0.011169024571854059,0.014147431124348473,0.012658227848101266,0.008935219657483246,0.0029784065524944155,0.008935219657483246,0.004467609828741623,0.0022338049143708115,0.04095309009679821,0.01563663440059568,0.03723008190618019,0.00967982129560685,0.021593447505584513,0.02531645569620253,0.0193596425912137,0.0022338049143708115,0.00967982129560685,0.004467609828741623,0.0022338049143708115,0.023827252419955324,0.0029784065524944155,0.024571854058078928,0.012658227848101266,0.012658227848101266,0.02680565897244974,0.04988830975428146,0.00967982129560685,0.03127326880119136,0.021593447505584513,0.01340282948622487,0.09828741623231571,0.005956813104988831,0.06478034251675353,0.01712583767684289,0.03350707371556218,0.05361131794489948,0.05956813104988831,0.012658227848101266,0.03723008190618019,0.022338049143708117,0.0037230081906180195,0.04393149664929263,0.0022338049143708115,0.012658227848101266,0.0037230081906180195,0.011913626209977662,0.005956813104988831,0.0007446016381236039,1.0,0.0539512956083226,0.02231699878075423,0.025818722369800026,0.012364017326560773,0.011518683288112752,-0.014854478294354056,-0.023592645257153058,0.0092740674947091,-0.00479648538913666,0.01846701455382617,-0.0256279426257402,0.0029775066436288807,0.003938219603493612,-0.01841087920081321,-0.0007691769070847982,-0.012903140205631679,0.007164667590406503,0.055094254713372565,0.010205144177875032,0.032199343999694575,-0.002611184556915736,-0.016035486266208793,0.003350091874585754,0.012124004827184466,0.012649600876011574,0.030949972946098272,-0.0033210887830438943,-0.016828440643279503,-0.016164379588695765,-0.09386380576742272,-0.040460647767354606,-0.02166071249423665,-0.04338869787459632,-0.023830389365221864,0.009611435087635647,0.04862192649207037,0.01541325631129668,-0.054090238304769944,0.02969495688144879,-0.037875524658551436,1.0,0.05399149776600391,0.019492021903150157,0.023719046769667417,0.00939102066065354,0.00945740376517143,-0.01712064336978126,-0.023079244447511776,0.011819506803390317,-0.0044827572459128,0.020149370209967057,-0.02748779547837756,0.005351444442053851,0.0027598599869070694,-0.018468337633786892,0.0013629305544342696,-0.011873026592400557,0.009625103810134004,0.05451010400079891,0.0063466366895242364,0.028668439827030805,-0.008784938894720944,-0.019740163166399326,0.002165200631419295,0.01543596309401857,0.01346695104910137,0.03136696527130246,-0.006771702395096432,-0.022572207636524837,-0.014540325942775876,-0.09684878131543662,-0.02888472125643392,-0.0107588376500934,-0.03618479302438662,-0.014235537498252644,0.01588200261207787,0.04655493258731619,0.008313683964459622,-0.06311636015164875,0.03254073714945517,-0.03952163732351513
3.478875498758486,0.6359534761737644,0.877885331347729,1.0,107.0,125.0,117.0,95.0,90.0,28.0,37.0,18.0,16.0,16.0,12.0,134.0,115.0,129.0,122.0,125.0,126.0,73.0,123.0,117.0,117.0,115.0,98.0,0.1933534743202417,0.3716012084592145,0.4350453172205438,0.2747489239598278,0.3450502152080344,0.3802008608321377,0.018615040953090096,0.004467609828741623,0.008935219657483246,0.014147431124348473,0.01712583767684289,0.00967982129560685,0.0022338049143708115,0.011169024571854059,0.0022338049143708115,0.0007446016381236039,0.035740878629932984,0.01563663440059568,0.03127326880119136,0.006701414743112435,0.02084884586746091,0.022338049143708117,0.024571854058078928,0.0037230081906180195,0.007446016381236039,0.005956813104988831,0.004467609828741623,0.021593447505584513,0.0007446016381236039,0.027550260610573342,0.017870439314966492,0.018615040953090096,0.029039463886820552,0.03350707371556218,0.0029784065524944155,0.03276247207743857,0.023827252419955324,0.012658227848101266,0.1325390915860015,0.0052122114668652275,0.049143708116157855,0.0193596425912137,0.034996276991809384,0.06105733432613552,0.058823529411764705,0.011169024571854059,0.035740878629932984,0.018615040953090096,0.0022338049143708115,0.03723008190618019,0.0029784065524944155,0.018615040953090096,0.006701414743112435,0.006701414743112435,0.007446016381236039,0.0022338049143708115,1.0,0.01380521637779989,0.013234998298412426,-0.01192167430852816,0.02124241336755207,0.004957006047353991,0.010333491531683314,-0.026536878930807955,-0.013140418973810923,0.07003664141086278,0.027535505971046703,-0.0009426070850171467,0.008385126139935592,0.018281018432768668,-0.009641124510463566,0.05888939677049852,-0.02390775485067209,-0.01278150955972458,-0.03991789132898441,0.0013802134969929409,0.003313829647019982,-0.03192730768725106,-0.00450470029265376,0.010590148615666829,-0.01383494390528223,-0.006884623408656384,-0.02186451458300853,0.005892822184913625,-0.008164023328392774,0.002257251523323071,-0.031668169663647834,-0.03227058451295972,-0.024628768037369297,-0.018634352956245128,-0.007269090847577557,-0.008772283792966191,0.011446738320729344,0.02529157814024791,-0.001492488046283235,0.0034907044311048192,-0.009924334704462192,1.0,0.013815503424281114,0.013066363114111109,-0.012314063492444027,0.0214764380200154,0.00470571698057883,0.009542540034683755,-0.02658367501219,-0.013091068635115308,0.07174906940800493,0.0251432374722864,-0.002995422434734559,0.01021981745088726,0.016739216766543514,-0.01275305802875984,0.05766087673695801,-0.022537728117796144,-0.01180858807713385,-0.04269330998680634,-0.003606023199097643,0.005882736001996871,-0.035759774972093164,-0.0018352793258652757,0.01376635667745812,-0.02391867947912324,-0.008317292679999675,-0.01909697347343536,0.012525918042993285,-0.008670731409779968,0.002508462417093773,-0.028696097953498804,-0.02752818931846131,-0.02613581206132555,-0.01297636107163414,-0.004312783744060365,-0.007462500236931952,0.01569091758182376,0.02660648638649482,-0.006014720846546281,0.006472335478058737,-0.006243766898320387
3.466323583184784,0.6131292351436386,0.8816083395383469,3.0,112.0,125.0,115.0,103.0,88.0,22.0,54.0,29.0,4.0,10.0,11.0,134.0,123.0,130.0,127.0,125.0,130.0,91.0,129.0,127.0,122.0,123.0,117.0,0.21449704142011836,0.371301775147929,0.41420118343195267,0.2658998646820027,0.33897158322056836,0.395128552097429,0.01340282948622487,0.0029784065524944155,0.010424422933730455,0.014892032762472078,0.01563663440059568,0.011913626209977662,0.0014892032762472078,0.008935219657483246,0.0052122114668652275,0.0007446016381236039,0.04318689501116903,0.017870439314966492,0.04765450483991065,0.005956813104988831,0.023827252419955324,0.023827252419955324,0.01563663440059568,0.0029784065524944155,0.004467609828741623,0.006701414743112435,0.0014892032762472078,0.03052866716306776,0.0029784065524944155,0.029784065524944156,0.017870439314966492,0.011169024571854059,0.034996276991809384,0.03648548026805659,0.0037230081906180195,0.03276247207743857,0.027550260610573342,0.00967982129560685,0.10647803425167536,0.0,0.05137751303052867,0.01340282948622487,0.0379746835443038,0.06329113924050633,0.06180193596425912,0.00967982129560685,0.029039463886820552,0.020104244229337303,0.008190618019359643,0.04244229337304542,0.004467609828741623,0.016381236038719285,0.008190618019359643,0.0,0.008935219657483246,0.0014892032762472078,1.0,-0.0028550447131858486,-0.040262490522928226,-0.050366504528233415,-0.018613466895304034,0.028216762545991966,0.009970171632841135,0.0015359320230023425,-0.012536318067362717,0.022071806488853755,0.0007474773309915212,-0.021735336786056846,0.024499160384489158,-0.06884687580367573,0.012901676753412592,0.030804060351155155,0.02503516224868253,-0.01769899416775768,-0.0070899179527384995,-0.007614503751490755,0.015196130728071135,0.01961472475906405,-7.284335418380011e-05,-0.048813983718288906,0.030916413644737756,0.03551853047102886,0.05759319501072946,-0.011731152566335426,-0.0465412851237685,0.008497520298273322,0.04756239503177459,0.01835317054103134,-0.0166032565333121,0.02329236107733006,-0.035238416643373904,-0.02376351817979987,-0.017407153424901584,-0.043553150932740946,0.023965425600009457,-0.03862637186914957,-0.022379340431212008,1.0,-0.002857172168262738,-0.04033103165254969,-0.050797393618104654,-0.020787542291512542,0.02412284777722913,0.006173973890272647,0.001779005417282181,-0.009751123583230817,0.024191926594871484,-8.131984096285171e-05,-0.021642497544658502,0.026369213920366907,-0.06998354801750718,0.011455749935512054,0.0272632903705084,0.021728753386228462,-0.017522684486059873,0.0006511532330389524,-0.005782982675606451,0.014573149682857734,0.01426651673801915,0.0037784531987088317,-0.046335820481805526,0.029886807306222014,0.03630057941924648,0.053324314531836586,-0.0071736711439095565,-0.03481330074462483,0.016715886758610174,0.04145768183405252,0.011669650412736059,-0.01288484811975928,0.032973121945707055,-0.035051731593996105,-0.024723636365740764,-0.02867761488958974,-0.04261566615470815,0.02141264716208502,-0.041175281466349946,-0.031469856306293745
3.4420934747417644,0.5973833730385814,0.8816083395383469,9.0,107.0,116.0,119.0,82.0,90.0,24.0,56.0,9.0,17.0,36.0,0.0,134.0,113.0,119.0,123.0,115.0,122.0,105.0,124.0,116.0,123.0,123.0,105.0,0.23308270676691728,0.34135338345864663,0.4255639097744361,0.2672292545710267,0.33544303797468356,0.39732770745428975,0.010424422933730455,0.008190618019359643,0.012658227848101266,0.01340282948622487,0.012658227848101266,0.01563663440059568,0.0029784065524944155,0.005956813104988831,0.004467609828741623,0.0014892032762472078,0.045420699925539834,0.007446016381236039,0.03425167535368578,0.008935219657483246,0.02308265078183172,0.016381236038719285,0.010424422933730455,0.0014892032762472078,0.008190618019359643,0.0029784065524944155,0.0014892032762472078,0.02531645569620253,0.0007446016381236039,0.02084884586746091,0.011169024571854059,0.01563663440059568,0.03350707371556218,0.04393149664929263,0.0037230081906180195,0.044676098287416234,0.026061057334326135,0.01340282948622487,0.114668652271035,0.0022338049143708115,0.055100521221146684,0.029039463886820552,0.03648548026805659,0.055100521221146684,0.05956813104988831,0.010424422933730455,0.029039463886820552,0.02308265078183172,0.008190618019359643,0.054355919583023084,0.0007446016381236039,0.022338049143708117,0.0014892032762472078,0.005956813104988831,0.0029784065524944155,0.0022338049143708115,1.0,0.07084547969267084,0.006714231857257838,-0.00521236160430076,0.015581468374785362,0.011654506999178643,-0.006859435326530681,0.013968249424285381,0.01078988466073067,0.0020820275007957154,-0.0036057523796120166,0.070606089377595,-0.020046445507135552,-0.0419552310951075,0.028256091534674514,-0.032064061934476376,-0.013640474016568685,0.003861018646403195,0.04406333790316267,0.02441793809519224,0.015132239681229847,-0.08784576735797921,-0.02656580495379087,-0.007332332803508665,0.03271254575698027,-0.003054762516475982,0.03489521315265601,0.03614954160003499,0.05053748441699369,-0.007505701814963455,-0.04371341716527603,0.008311872884928568,0.012116696669112493,-0.005950884333312557,0.006997876004128911,-0.025977386620263748,-0.01507294475908559,-0.009336945735848562,0.02403266387788926,-0.039853891736633416,0.011179782444965211,1.0,0.07089827066114529,0.0017062574567756638,-0.005850349832250287,0.01648178778312762,0.00953067016107699,-0.008616710179433633,0.015323114971090337,0.008792019840737712,0.00012927760802469774,-0.0035713903481419985,0.07197002284545714,-0.03133641231626405,-0.03987045130056479,0.03635183397866506,-0.03989847973205485,-0.01095352958967334,0.010304128186795769,0.04142409371218798,0.017086851303561582,0.015432635027200632,-0.09210555673989747,-0.02127060315445629,0.00017384301591561488,0.03968191753949049,-0.014590370168338099,0.044510021821074816,0.03381831995700379,0.042154483259805454,-0.018119531887018217,-0.04543111907369199,0.012060119949420698,0.023375958333723974,-0.007873646316056988,0.002739360977276647,-0.029238958748048837,-0.01741827995331798,-0.014045679503669691,0.01936057070007553,-0.038029798318726736,0.029285612502136675
3.5275833528971345,0.6225689769219104,0.8845867460908414,0.0,109.0,124.0,116.0,95.0,90.0,34.0,19.0,5.0,7.0,3.0,2.0,133.0,111.0,127.0,120.0,116.0,124.0,110.0,115.0,113.0,111.0,111.0,110.0,0.1804635761589404,0.36920529801324503,0.4503311258278146,0.26552462526766596,0.32833690221270523,0.4061384725196288,0.01563663440059568,0.011169024571854059,0.011169024571854059,0.018615040953090096,0.017870439314966492,0.012658227848101266,0.0022338049143708115,0.008935219657483246,0.005956813104988831,0.0022338049143708115,0.03276247207743857,0.008935219657483246,0.028294862248696945,0.004467609828741623,0.017870439314966492,0.02084884586746091,0.021593447505584513,0.0052122114668652275,0.006701414743112435,0.00967982129560685,0.0052122114668652275,0.02308265078183172,0.0037230081906180195,0.022338049143708117,0.01563663440059568,0.011169024571854059,0.0193596425912137,0.04616530156366344,0.005956813104988831,0.028294862248696945,0.03425167535368578,0.011169024571854059,0.0953090096798213,0.0014892032762472078,0.05063291139240506,0.03127326880119136,0.03276247207743857,0.05658972449739389,0.06999255398361877,0.006701414743112435,0.04244229337304542,0.021593447505584513,0.008190618019359643,0.05286671630677588,0.0014892032762472078,0.017870439314966492,0.005956813104988831,0.007446016381236039,0.007446016381236039,0.0007446016381236039,1.0,-0.006718808528419543,0.012166483080609575,0.045157807614699175,-0.010644470200278092,0.012396140214261836,-0.01490941368648218,0.0041192557698694395,-0.002085237608444116,-0.03738913237362603,0.015674968593546744,0.05514386640243853,0.014988882457876454,-0.005491973772232449,0.018309756498879604,-0.01934017945852917,0.005781687751489981,-0.0031877677839395485,-0.03126984356072981,0.02786140497454729,-0.02561504861709734,0.000730121225788521,-0.013349889621394273,-0.013449181329842649,0.0029853097523873397,-0.036427918869342726,0.01946326728513711,0.004470662054763008,-0.022686472121108667,0.0282656291076715,0.015891669758743864,-0.008755429829789626,0.01642198531332738,-0.0046119995050825585,-0.020212545195101343,-0.043459044366715494,-0.04325181726788415,0.024622925557939403,-0.028838972630715203,-0.06359590950712471,0.054340327932530595,1.0,-0.006723815092151586,0.012139967624017903,0.045430215711438154,-0.010219879402266218,0.011206845342459651,-0.016654110273679894,0.004602945313303874,-0.00284922361772732,-0.03619308373802677,0.01457381337408483,0.057602385036806654,0.018581830934926304,-0.008776373821375761,0.013956766122875237,-0.021129897481050663,0.005572355930926335,-0.0033665961576075086,-0.031102342237458874,0.028092787038709953,-0.01934735359096687,0.001068447415151345,-0.01994830628378202,-0.01149406940116837,-0.00020292657381817977,-0.03451668293783655,0.020436309172924442,0.004293917452314006,-0.018159389440011338,0.027956167741306638,0.016136784436922152,-0.009152114113702677,0.015952994418805388,-0.005399969022334701,-0.02018052910861739,-0.0448619752882367,-0.04077336714273429,0.02634498669638657,-0.02571813387901723,-0.059242941776477626,0.04765497801515585
3.4379907939972587,0.630769614657184,0.8823529411764706,1.0,113.0,126.0,114.0,107.0,61.0,54.0,29.0,13.0,1.0,2.0,1.0,134.0,113.0,129.0,119.0,115.0,130.0,111.0,123.0,112.0,113.0,113.0,111.0,0.14630225080385853,0.3778135048231511,0.4758842443729904,0.2719606465214336,0.3225579761068166,0.40548137737174983,0.018615040953090096,0.005956813104988831,0.017870439314966492,0.012658227848101266,0.007446016381236039,0.01563663440059568,0.0007446016381236039,0.005956813104988831,0.00967982129560685,0.0022338049143708115,0.045420699925539834,0.007446016381236039,0.03201787043931496,0.007446016381236039,0.01340282948622487,0.02680565897244974,0.011913626209977662,0.0022338049143708115,0.008190618019359643,0.0029784065524944155,0.0022338049143708115,0.022338049143708117,0.0052122114668652275,0.020104244229337303,0.01563663440059568,0.010424422933730455,0.03052866716306776,0.044676098287416234,0.0037230081906180195,0.034996276991809384,0.023827252419955324,0.007446016381236039,0.10647803425167536,0.0007446016381236039,0.06180193596425912,0.029784065524944156,0.029784065524944156,0.06626954579300075,0.07446016381236038,0.0052122114668652275,0.03350707371556218,0.020104244229337303,0.007446016381236039,0.04988830975428146,0.0007446016381236039,0.0193596425912137,0.005956813104988831,0.007446016381236039,0.004467609828741623,0.0007446016381236039,1.0,0.02115847455225662,0.010445323441281757,0.003413520555822019,0.054621166621121674,-0.004791194084653082,0.010921522798540579,0.02317796844783133,0.02589973829412181,-0.008664475085562328,0.0076421772627393815,0.013555262737451753,0.013196099162849334,0.026422117366910063,0.02511440542233529,0.04805101424539699,-0.02426109492314026,0.010107905945535912,0.013960336997260781,0.024022863323228977,-0.013097609607794693,-0.02674452783884554,-0.024612970456113173,0.023435211994828804,0.03997652716590384,-0.0017246981415949241,-0.015649880810837815,-0.001257348058442232,-0.011755932773820464,-0.0018835428903523966,-0.021511169820246635,-0.04569077966206655,-0.011102262361970932,-0.044343822578478645,-0.03213901112994427,-0.0015580236782953261,-0.008406474722954083,0.026951279341113844,0.03359525226962105,-0.027100505480897305,-0.030692410558080904,1.0,0.02117424092673671,0.010017044498429856,0.002991417813731978,0.05457568268966167,-0.007179422738940124,0.010165434592496437,0.02276436560053492,0.022014422646769945,-0.009574750508534081,0.006408966196216498,0.011163270190304555,0.010327165699243579,0.026902591260959573,0.022306391490137082,0.045279033178177566,-0.028441381057101166,0.007755686655145426,0.010909458265862974,0.01781952109189468,-0.013010760374361266,-0.03163715743445117,-0.02750272861615339,0.022219392539105258,0.04306411374790677,-0.0044618995538230856,-0.017608904285391417,-0.005157327608114759,-0.015612946733402756,7.7128392599153e-05,-0.023349777857781296,-0.04841646297475291,-0.011214655849068863,-0.04304849938063234,-0.027542013162893817,0.008926454292078846,-0.0060809609457973994,0.032194920041813596,0.035847091398676936,-0.027480267662965314,-0.023735681577985397
3.505054130813947,0.6070160091787483,0.8801191362620998,1.0,118.0,124.0,122.0,86.0,69.0,30.0,36.0,42.0,4.0,4.0,2.0,134.0,123.0,127.0,125.0,122.0,126.0,111.0,129.0,123.0,121.0,121.0,112.0,0.16614420062695925,0.3981191222570533,0.43573667711598746,0.2639077340569878,0.3331071913161465,0.40298507462686567,0.018615040953090096,0.011913626209977662,0.016381236038719285,0.011913626209977662,0.00967982129560685,0.01712583767684289,0.0014892032762472078,0.0037230081906180195,0.0037230081906180195,0.0029784065524944155,0.04393149664929263,0.014147431124348473,0.0387192851824274,0.0037230081906180195,0.022338049143708117,0.022338049143708117,0.011913626209977662,0.0029784065524944155,0.00967982129560685,0.006701414743112435,0.0022338049143708115,0.020104244229337303,0.0029784065524944155,0.0193596425912137,0.01340282948622487,0.012658227848101266,0.02531645569620253,0.0379746835443038,0.004467609828741623,0.02680565897244974,0.02531645569620253,0.01340282948622487,0.11094564408041697,0.0029784065524944155,0.05361131794489948,0.026061057334326135,0.03276247207743857,0.05212211466865227,0.07073715562174236,0.010424422933730455,0.04095309009679821,0.02308265078183172,0.005956813104988831,0.04393149664929263,0.005956813104988831,0.020104244229337303,0.004467609828741623,0.007446016381236039,0.006701414743112435,0.0037230081906180195,1.0,0.01863155561265946,0.013644376538936093,0.009618474119114062,0.021099790684112954,-0.021150513613408254,-0.012457794905290323,-0.006975527376497331,0.033404583155201444,-0.04738019311986615,-0.023520738809065564,-0.0015270773249736263,-0.03601202535118061,-0.009090125867909759,0.035329471082008214,0.023082652031356114,-0.020599231671670274,0.029868374843493292,0.05287557578363845,0.011397208350108101,0.07693516270951427,-0.027308635218390585,0.014209189324599168,0.016119041899759084,-0.017610449394136363,0.04407259375030396,0.006744842885520921,-0.018327985056701697,-0.005990908407983268,-0.009662882679384904,0.012494682857266834,-0.022702988272414047,-0.004740337466868179,0.03017326738781139,-0.00827646413029653,0.003713288916225826,-0.013793469116142432,0.024775698124280047,-0.005290195157984744,0.045466614384711904,0.013950955059552858,1.0,0.018645439037110034,0.013321705019598099,0.009145030004381344,0.020648965219250446,-0.02226434678740727,-0.012375478525659669,-0.006377666393789797,0.03420173642585612,-0.04774740887484984,-0.02271576003509065,-0.0002624229695885927,-0.03679238755141988,-0.004121289648777201,0.03692688695154407,0.02130895166248211,-0.023742677871697485,0.031808873002017686,0.049903597504142395,0.0068832529017916685,0.0813425943590256,-0.036169147684370385,0.007386407650703256,0.019686091917836643,-0.015950805509680824,0.04762818297429351,0.006287557467548874,-0.012682460216677972,-0.010663209829590415,-0.0008084376750384721,0.020646454799309703,-0.024170451842638836,0.0003626103318310332,0.024078688683780672,-0.012577186949926919,0.006956478782594564,-0.015833278556653136,0.018214841980104958,-0.011503204362578871,0.04939386246080777,0.0003131523138471908
3.5041629583623775,0.6185800995417806,0.8868205510052122,6.0,117.0,122.0,114.0,91.0,57.0,24.0,51.0,28.0,21.0,40.0,8.0,133.0,119.0,127.0,126.0,123.0,126.0,105.0,127.0,117.0,111.0,123.0,117.0,0.16789396170839468,0.374079528718704,0.4580265095729013,0.265474552957359,0.328060522696011,0.40646492434663,0.007446016381236039,0.011913626209977662,0.02084884586746091,0.010424422933730455,0.016381236038719285,0.016381236038719285,0.0,0.007446016381236039,0.0022338049143708115,0.004467609828741623,0.03201787043931496,0.014147431124348473,0.04244229337304542,0.007446016381236039,0.01563663440059568,0.021593447505584513,0.018615040953090096,0.0022338049143708115,0.011913626209977662,0.0037230081906180195,0.0014892032762472078,0.020104244229337303,0.004467609828741623,0.035740878629932984,0.01340282948622487,0.010424422933730455,0.034996276991809384,0.03723008190618019,0.0029784065524944155,0.03201787043931496,0.029784065524944156,0.012658227848101266,0.09381980640357408,0.0029784065524944155,0.04839910647803425,0.024571854058078928,0.039463886820551006,0.06105733432613552,0.06924795234549516,0.00967982129560685,0.039463886820551006,0.01712583767684289,0.008190618019359643,0.045420699925539834,0.0037230081906180195,0.014147431124348473,0.0007446016381236039,0.010424422933730455,0.006701414743112435,0.0022338049143708115,1.0,-0.006010735557154806,0.03835377114625675,0.009529410141577987,-0.0020682620187857195,-0.009841678950547753,0.008254909751640166,-0.004957876702992753,-0.058637879998299614,0.03227404378278779,0.029145053663231436,-0.016267682977084568,0.0003375109773301443,-0.01184957737961839,-0.00027569581120134867,0.01476824710397994,-0.023877859445455663,0.028541190681970908,-0.00886133694152795,0.023791713464032166,-0.01849876029073413,0.0524335375842486,0.024566304047723836,0.0002710160810328975,-0.00885475275575004,0.02501989773657012,0.008271756248607829,0.004558316175409442,-0.012894951082819834,-0.02480311956896509,0.051380820257757254,-0.03421835960732129,0.015560377443366313,-0.019149636239132156,-0.019431124377094797,0.01645225029417057,0.026370719541597795,-0.050561167433810734,-0.06844919771811551,-0.0030468876026744163,-0.016412972797923142,1.0,-0.00601521449572198,0.03837617864530826,0.01001888610614521,-0.0034370805399085123,-0.010681527274386692,0.008296478302887668,-0.004042232765797484,-0.05959646197725034,0.03205715417164093,0.034575334684461674,-0.01745471633613373,-0.0035787981625065818,-0.012135170384788061,0.0019523408214873036,0.015342286107907062,-0.028243201177299903,0.03213576935883642,-0.0044810986468499835,0.01840047572336143,-0.018904454703167956,0.05113154252382792,0.028817426231395955,-0.001909915994134228,-0.01626055760484944,0.02941831942138402,0.01088825322642392,0.0022353590566799226,-0.01690826259791684,-0.020209487624544928,0.057649897479842255,-0.03918192131327366,0.009192712983113662,-0.011599899930233436,-0.020300147301731266,0.01921769422231358,0.0214001689955119,-0.050984205614945155,-0.06770598390428559,-0.006638079410905568,-0.013495662870475454
3.502596805532534,0.6376390044584109,0.8816083395383469,7.0,112.0,125.0,119.0,82.0,71.0,34.0,50.0,24.0,10.0,6.0,4.0,134.0,119.0,127.0,122.0,123.0,130.0,107.0,129.0,121.0,117.0,121.0,111.0,0.19875776397515527,0.36490683229813664,0.4363354037267081,0.26899383983572894,0.33059548254620125,0.4004106776180698,0.008190618019359643,0.00967982129560685,0.012658227848101266,0.011913626209977662,0.0193596425912137,0.012658227848101266,0.0007446016381236039,0.006701414743112435,0.0014892032762472078,0.0052122114668652275,0.035740878629932984,0.010424422933730455,0.03648548026805659,0.004467609828741623,0.017870439314966492,0.029039463886820552,0.014892032762472078,0.0029784065524944155,0.012658227848101266,0.0022338049143708115,0.004467609828741623,0.02680565897244974,0.0014892032762472078,0.028294862248696945,0.01340282948622487,0.012658227848101266,0.035740878629932984,0.035740878629932984,0.005956813104988831,0.035740878629932984,0.03425167535368578,0.0193596425912137,0.10424422933730454,0.0022338049143708115,0.05361131794489948,0.02680565897244974,0.0387192851824274,0.06105733432613552,0.06105733432613552,0.00967982129560685,0.02308265078183172,0.018615040953090096,0.008190618019359643,0.04393149664929263,0.0022338049143708115,0.014147431124348473,0.0037230081906180195,0.011169024571854059,0.0052122114668652275,0.0029784065524944155,1.0,0.009020029615642952,0.007517666631874684,0.020097848159357525,-0.01525678369634066,-0.037633801400089345,-0.018491875236657837,0.015304619239753174,0.037359640046426446,-0.03065970078034139,-0.0029297611795807903,-0.012415462110006326,-0.01214624391201563,-0.03349976359059766,-0.04481708390849734,-0.012852945562590489,0.0029330081280502986,-0.0005204568143353286,0.012530125610978122,-0.040860969588051556,0.011186294711786683,-0.014208908312329176,0.03043563823646947,0.02345034153026934,-0.03557122653419062,0.03241526045424368,0.0029588535699144602,0.013155048974384138,-0.023548410115340253,0.040819747666813094,-0.032877246159856106,0.023342178041012615,-0.01764326011984927,-0.021986948813760645,-0.007604998693986292,0.011333211670406285,-0.03226025235816394,-0.01269344140832231,-0.009827794694113413,-0.0016668011002633942,-0.0548175338857427,1.0,0.009026750949186627,0.007448003309885763,0.020010897436051864,-0.01572363590371598,-0.037822953539799566,-0.018122400937809,0.016942991332011704,0.03902933284661435,-0.03227140800047735,-0.005814027090584817,-0.014484963974437347,-0.008541140857933255,-0.030822592804309955,-0.04568375409119027,-0.014552639450397725,0.003404379581873232,0.0018797171923396897,0.008681756322884074,-0.04624058663788479,0.010167708572281801,-0.01152622547471969,0.035270806803139015,0.020183512882570375,-0.04230665738831955,0.028959742134329405,0.0010708842302815835,0.018408344236454648,-0.030552045952054588,0.04033079294451717,-0.038619365335187054,0.02957485207126177,-0.01813245544086411,-0.028909085945351413,-0.006308893559256101,0.013850325651778125,-0.02660371955564495,-0.01542334393376169,-0.01200471037489643,-0.001992380032012579,-0.05255634453730385
3.4539317301096166,0.5931038261894434,0.877885331347729,6.0,105.0,115.0,112.0,113.0,96.0,4.0,68.0,11.0,6.0,7.0,0.0,134.0,115.0,123.0,119.0,124.0,128.0,35.0,123.0,121.0,121.0,117.0,98.0,0.2643856920684292,0.37636080870917576,0.359253499222395,0.28350515463917525,0.35714285714285715,0.3593519882179676,0.017870439314966492,0.008190618019359643,0.017870439314966492,0.012658227848101266,0.007446016381236039,0.014147431124348473,0.0,0.008935219657483246,0.0022338049143708115,0.0022338049143708115,0.04318689501116903,0.011169024571854059,0.03723008190618019,0.007446016381236039,0.020104244229337303,0.03201787043931496,0.012658227848101266,0.008190618019359643,0.0,0.0037230081906180195,0.0014892032762472078,0.03052866716306776,0.0022338049143708115,0.03350707371556218,0.010424422933730455,0.017870439314966492,0.03350707371556218,0.03648548026805659,0.0022338049143708115,0.040208488458674606,0.0193596425912137,0.011913626209977662,0.10275502606105734,0.0037230081906180195,0.045420699925539834,0.023827252419955324,0.04318689501116903,0.05956813104988831,0.06254653760238273,0.008190618019359643,0.04169769173492182,0.02084884586746091,0.005956813104988831,0.045420699925539834,0.0029784065524944155,0.01340282948622487,0.0052122114668652275,0.006701414743112435,0.0,0.0014892032762472078,1.0,-0.03844269108751099,0.0038910473008079817,0.010268838557416976,0.033240248225299335,-0.023684948758507216,-0.013141944588958126,0.030904832351889584,0.028997472987605296,-0.033003780680043525,0.00010077502019889747,-0.04228803294916619,0.028501715124323406,-0.008801328493726468,-0.007513257909414035,0.00915199708699858,-0.012064624231751477,-0.012179963921054752,-0.010150596233388594,0.0036642218202148436,-0.022898288170592966,-0.005924627813152923,-0.026989092719930493,-0.007282725482364716,-0.04239051041480831,0.0430126099594253,0.0312551525398293,-0.04540466690388979,0.011339599848462742,-0.022503103774561994,0.007769682642773256,-0.01324049258014789,-0.00614798452204987,0.04146474832458037,0.014966535360524396,-0.03283970500422971,9.510121782481291e-05,-0.008780837771711524,0.004734861831936224,-0.026750555566715427,0.005887239014414003,1.0,-0.03847133690799351,0.0024203890215327927,0.010550174721731852,0.03418425486161452,-0.02129913249488758,-0.015325953310701001,0.029493462074409213,0.03111674261640751,-0.029505367484577757,-0.0028868804419359376,-0.0459846360894768,0.02560696510559371,-0.002142048968544233,-0.008776786413723602,0.00812210310939966,-0.014201702603408615,-0.010875141436490054,-0.008349835087231323,0.0030994350584206305,-0.02580159148137708,-0.0049667166832415115,-0.0305436584507044,-0.007727686538893835,-0.041535980001592726,0.041295522743550014,0.037615454033296615,-0.045777553294003535,0.010157815959208467,-0.02755849649789638,0.008203483387688813,-0.008521492417233186,-0.008843515107064293,0.03338704594557446,0.020727065742383078,-0.03207043059261525,0.00018991359512002278,-0.011090524150371676,-0.0031579205544473533,-0.01763417988098327,-0.005495064924705265
3.51877706413259,0.6364405751258839,0.8830975428145942,1.0,107.0,122.0,115.0,101.0,79.0,12.0,20.0,26.0,15.0,11.0,6.0,133.0,109.0,125.0,119.0,115.0,125.0,111.0,119.0,112.0,115.0,115.0,111.0,0.16260162601626016,0.41788617886178864,0.4195121951219512,0.2675656493967353,0.3271823988644429,0.40525195173882184,0.01340282948622487,0.005956813104988831,0.007446016381236039,0.018615040953090096,0.010424422933730455,0.01712583767684289,0.0037230081906180195,0.005956813104988831,0.004467609828741623,0.0014892032762472078,0.03201787043931496,0.01340282948622487,0.029039463886820552,0.004467609828741623,0.01712583767684289,0.020104244229337303,0.017870439314966492,0.0029784065524944155,0.010424422933730455,0.004467609828741623,0.0029784065524944155,0.020104244229337303,0.0037230081906180195,0.02680565897244974,0.01563663440059568,0.01563663440059568,0.023827252419955324,0.04988830975428146,0.006701414743112435,0.027550260610573342,0.027550260610573342,0.010424422933730455,0.08860759493670886,0.005956813104988831,0.049143708116157855,0.023827252419955324,0.040208488458674606,0.07222635889798958,0.06999255398361877,0.010424422933730455,0.03648548026805659,0.024571854058078928,0.007446016381236039,0.054355919583023084,0.007446016381236039,0.014892032762472078,0.0029784065524944155,0.01340282948622487,0.005956813104988831,0.0007446016381236039,1.0,-0.0086503616592408,0.050785973570364386,-0.014272548578276147,0.003951070293362403,0.04881442400433322,-0.009450175230934752,0.010261978571657447,-0.010382992062787734,0.0019413661435096663,-0.004535656771721355,0.005698333790467357,0.032071093916169864,0.003033542408420571,0.007110359903786587,-0.0361204141200271,-0.031556522560266004,0.024628310405366192,0.015804893854196027,0.0012083772411720464,-0.005753994137494516,-0.01727657220678852,-0.00022460236946318174,-0.02609544108834526,0.0035629436686917455,-0.011649108413494046,0.0035958077695227445,0.007859840599100892,-0.01696410570537889,-0.0005861036492776313,-0.013046119078561012,-0.011410770265550778,-0.005897581704796945,0.00987281089515207,-0.01783904303670847,-0.0015245820611017001,-0.010814019107970472,-0.03246907861377199,-0.009692409038280914,-0.03438386753575504,-0.005338049472035448,1.0,-0.008656807532310285,0.05079058295168308,-0.013482669554523105,0.001164049808588579,0.05058964211080092,-0.009244503875660353,0.005205879344566009,-0.007913978968912768,0.0004489419114230298,-0.005814470549611189,0.006171598229156165,0.032392380515759774,0.0038173896584269102,0.0038538681482406735,-0.03537246211408076,-0.03418670621825366,0.025480857842923126,0.018881791482161195,-0.0026389649838587472,-0.002528812485801825,-0.0148165954817956,-0.002471044827179191,-0.027108804262195425,0.0014929288486961601,-0.009009522290553938,0.0040514521597181125,0.012419327457849226,-0.013201545754951692,-0.003909779113311528,-0.012551136550253738,-0.016422924626200732,-0.004553675141413041,0.01654241070700373,-0.016875904611455543,-0.001207743003733457,-0.009649307474483384,-0.034043590700569296,-0.012607254772157479,-0.0322795907693293,-0.004809763821955445
3.5079722792581625,0.6299142423696099,0.8838421444527178,5.0,110.0,124.0,121.0,90.0,66.0,37.0,30.0,7.0,13.0,10.0,5.0,134.0,111.0,129.0,127.0,113.0,128.0,105.0,125.0,111.0,117.0,123.0,111.0,0.1634304207119741,0.3737864077669903,0.4627831715210356,0.2698744769874477,0.3263598326359833,0.40376569037656906,0.016381236038719285,0.011169024571854059,0.01563663440059568,0.00967982129560685,0.016381236038719285,0.0193596425912137,0.0014892032762472078,0.0052122114668652275,0.0052122114668652275,0.0037230081906180195,0.04244229337304542,0.008190618019359643,0.03276247207743857,0.010424422933730455,0.021593447505584513,0.02531645569620253,0.011169024571854059,0.0014892032762472078,0.0052122114668652275,0.0037230081906180195,0.005956813104988831,0.02531645569620253,0.0022338049143708115,0.03127326880119136,0.012658227848101266,0.008190618019359643,0.03127326880119136,0.039463886820551006,0.0052122114668652275,0.0387192851824274,0.02531645569620253,0.011913626209977662,0.10349962769918093,0.0037230081906180195,0.04765450483991065,0.029784065524944156,0.040208488458674606,0.0573343261355175,0.06254653760238273,0.008935219657483246,0.0387192851824274,0.018615040953090096,0.007446016381236039,0.04095309009679821,0.0014892032762472078,0.012658227848101266,0.0052122114668652275,0.006701414743112435,0.008935219657483246,0.0014892032762472078,1.0,0.0013487999180232125,-0.0009004468652113869,0.017854961038350717,0.03190130791906644,-0.01649872531349667,0.01352657951848248,-0.03005373761027144,0.012032785679970863,-0.011922137265802496,0.022606333284818297,0.0032872456386430645,0.0005129433208751899,0.006696553486648731,-0.0037427375487908963,0.011912474421013553,-0.01622916095506628,-0.005644783978534182,0.0023321576038616123,-0.00997831296913497,0.010283817098190845,-0.04748028466771749,0.03743226181879335,-0.01552584391995253,0.022678406702058913,0.05438892415665216,-0.004120678261208449,-0.04354977332305129,0.012879682197256433,0.016543962046120575,-0.014857016856627912,-0.02225268998829903,0.0005589439721772322,0.00805262579288268,-0.008921596890182544,0.0032999768541925596,0.006599799329263428,-0.025876682935380486,-0.005838949532318288,0.028349187793860812,-0.014216264415976875,1.0,0.0013498049850262143,-0.0009036134334135612,0.017897420096088152,0.03195746705226271,-0.016619123097534095,0.013382205476319962,-0.03147436694748649,0.011838593299514746,-0.011584325320615114,0.022919144326551597,0.005160990103221229,-0.0009463629524228799,0.007922465387531032,-0.007138002093271246,0.013706799900742915,-0.0182125642831484,-0.004243679669879976,0.001985518779509389,-0.010299453303472554,0.012485827859789397,-0.049990250349132105,0.04042393840596484,-0.01807037910654653,0.025178674094258287,0.05708457199565984,-0.008834404097707832,-0.03992957396798479,0.004039427712686493,0.01972629930446548,-0.016412146558280386,-0.01668242636047324,-0.0004965136911569405,0.007666238985198522,-0.007884086279054509,0.0004556777741063277,0.008686543178075249,-0.02939313177958551,-0.004726185136868047,0.02834052067105576,-0.015248848426654055
3.501489621041491,0.6189284771877306,0.8838421444527178,7.0,111.0,125.0,118.0,89.0,90.0,47.0,49.0,10.0,18.0,12.0,0.0,134.0,111.0,131.0,121.0,113.0,130.0,111.0,129.0,120.0,121.0,121.0,111.0,0.21597633136094674,0.34763313609467456,0.4363905325443787,0.270474879559532,0.3269098417068135,0.4026152787336545,0.020104244229337303,0.008190618019359643,0.017870439314966492,0.012658227848101266,0.014147431124348473,0.012658227848101266,0.0,0.004467609828741623,0.005956813104988831,0.0029784065524944155,0.040208488458674606,0.011913626209977662,0.03276247207743857,0.008190618019359643,0.020104244229337303,0.02680565897244974,0.014892032762472078,0.0029784065524944155,0.010424422933730455,0.005956813104988831,0.0029784065524944155,0.027550260610573342,0.004467609828741623,0.028294862248696945,0.014147431124348473,0.011169024571854059,0.023827252419955324,0.055100521221146684,0.0037230081906180195,0.039463886820551006,0.03127326880119136,0.012658227848101266,0.10052122114668652,0.0014892032762472078,0.04616530156366344,0.023827252419955324,0.034996276991809384,0.06031273268801191,0.06850335070737155,0.005956813104988831,0.02531645569620253,0.01563663440059568,0.005956813104988831,0.04244229337304542,0.0037230081906180195,0.01563663440059568,0.004467609828741623,0.007446016381236039,0.008935219657483246,0.0007446016381236039,1.0,0.004547539228760991,0.009383255893836122,0.0037156214025063543,0.0075506395160632525,0.035750262247203235,0.029860320642352816,0.0069055040022066045,0.011192909506746755,0.03519886699083134,0.03145419619841386,0.007550017334573448,-0.011567917206856937,0.0332753246453896,-0.03332818457008246,0.044325949587751864,0.015490771753433151,-0.022584622576073396,0.006488715129825958,-0.02037790221717111,0.024153624711942052,-0.007794085637823033,0.0030606788444718105,0.03737457737014411,-0.030467274801955664,-0.004765623851369765,0.01395488077546998,-0.041843184002500276,0.0008544346618445623,-0.018331678560322907,-0.02219668856155044,0.039619786814255244,-0.020137756863227076,-0.021300659196882666,-0.009017424288941318,0.0004540664009230625,0.005682236764966485,-0.04946953556852746,0.033094287802624314,-0.021795120090757663,-0.009344996577338163,1.0,0.004550927857098372,0.009376733566431842,0.003639297264085372,0.007452918993379951,0.035754122157286426,0.029574525488414195,0.006021385750102828,0.010399086631713376,0.03461684823285055,0.029669183558666174,0.004639307827446001,-0.01391420204344983,0.031980215835698746,-0.037318931741732404,0.0403967986756164,0.013266943892586565,-0.024623856587885795,0.00337430099298675,-0.022635011798698396,0.02243780472938239,-0.010867760463041085,0.00236001722996318,0.039406228812293255,-0.03242044190422489,-0.007133833089795788,0.012530990037495138,-0.03888310522826444,-0.003615694634513363,-0.017341012073478212,-0.020622193227394718,0.03758171174786343,-0.017387523877097653,-0.022598561770162652,-0.0016643881195236676,0.002007079738802104,0.003781623479928458,-0.04383611719147142,0.0337887940915462,-0.01816067681998123,-0.005281813238547268
3.4879369957566575,0.6229717801655913,0.8808637379002234,4.0,93.0,121.0,116.0,90.0,79.0,9.0,55.0,5.0,22.0,27.0,4.0,134.0,99.0,127.0,124.0,121.0,127.0,51.0,125.0,110.0,125.0,121.0,88.0,0.2208,0.3728,0.4064,0.28550295857988167,0.35502958579881655,0.3594674556213018,0.012658227848101266,0.011913626209977662,0.014892032762472078,0.008935219657483246,0.017870439314966492,0.012658227848101266,0.0007446016381236039,0.014147431124348473,0.006701414743112435,0.004467609828741623,0.040208488458674606,0.0052122114668652275,0.03648548026805659,0.005956813104988831,0.0193596425912137,0.020104244229337303,0.01340282948622487,0.0014892032762472078,0.005956813104988831,0.0052122114668652275,0.0007446016381236039,0.03052866716306776,0.0052122114668652275,0.03052866716306776,0.00967982129560685,0.014892032762472078,0.028294862248696945,0.04393149664929263,0.0029784065524944155,0.039463886820551006,0.026061057334326135,0.011169024571854059,0.09233060312732688,0.0007446016381236039,0.06031273268801191,0.021593447505584513,0.03052866716306776,0.06552494415487714,0.06403574087862993,0.008935219657483246,0.03425167535368578,0.024571854058078928,0.008190618019359643,0.05063291139240506,0.004467609828741623,0.01340282948622487,0.0022338049143708115,0.007446016381236039,0.008190618019359643,0.0007446016381236039,1.0,-0.010244509339318494,-0.035579616723989536,0.006793782112836682,-0.03760762278494655,-0.021458824202770888,-0.018453826101303552,-0.009125478391325239,-0.03592878881296946,0.053466392446207565,0.011263303890394313,0.019291559334553197,-0.00913455307736339,0.006857829137770905,0.06140278040472369,-0.016347459890473013,-0.03581523409515054,-0.05969538893323677,-0.023442891098635253,0.01878753785713763,0.029107124403451597,0.002738389679575319,-0.01084683495946319,-0.01732019890518938,-0.0010264081237276639,-0.021345432792506426,0.04005330047710526,0.005199809337718397,-0.028675619214963807,0.016376712809736106,0.00128975800766317,-0.04940444197249782,-0.0025620168043339366,0.03390963677660881,-0.005663131439304364,-0.020901908590348107,0.021308579297975635,0.001305713349213033,-0.01052814509507405,-0.006813990369620936,-0.013051639910465795,1.0,-0.010252143101866427,-0.03574154413390001,0.006072591444550633,-0.03891338459874858,-0.021931342228661072,-0.02189450066309065,-0.010797971842689413,-0.03926274070178712,0.050999241714880045,0.007747447527041663,0.022544040765209737,-0.012500829448687654,0.010439106242847739,0.06299098794785019,-0.010967886263198948,-0.03227805269603231,-0.0585537319587742,-0.02474337324448692,0.016967772247878092,0.025726647060129264,0.0007924980711407386,-0.012094708956117455,-0.028613566288378155,-0.004023198089213073,-0.02454713218737796,0.0491034969718694,0.008313083893977167,-0.02925067903648785,0.011577675801684856,0.003735721787723146,-0.04245547912762016,-0.0014516957037580655,0.024769795682190267,-0.006585869485545331,-0.028697303406404844,0.021379463746548658,0.009494382121941139,-0.00886097456456894,-0.012693921657807965,-0.02123894390691766
3.4426769072946883,0.6233778272702033,0.8808637379002234,5.0,94.0,125.0,115.0,96.0,86.0,56.0,32.0,14.0,7.0,11.0,2.0,134.0,107.0,125.0,126.0,115.0,128.0,91.0,121.0,103.0,111.0,115.0,105.0,0.19129082426127528,0.3608087091757387,0.447900466562986,0.277335264301231,0.3294713975380159,0.3931933381607531,0.0052122114668652275,0.008190618019359643,0.01340282948622487,0.01340282948622487,0.012658227848101266,0.011169024571854059,0.0022338049143708115,0.008935219657483246,0.005956813104988831,0.0022338049143708115,0.039463886820551006,0.008935219657483246,0.028294862248696945,0.006701414743112435,0.0193596425912137,0.03425167535368578,0.01563663440059568,0.0022338049143708115,0.00967982129560685,0.006701414743112435,0.0037230081906180195,0.023827252419955324,0.0022338049143708115,0.028294862248696945,0.011169024571854059,0.0052122114668652275,0.03052866716306776,0.035740878629932984,0.0052122114668652275,0.03201787043931496,0.022338049143708117,0.012658227848101266,0.12062546537602382,0.0037230081906180195,0.04765450483991065,0.018615040953090096,0.03648548026805659,0.06478034251675353,0.0774385703648548,0.008935219657483246,0.04765450483991065,0.01563663440059568,0.008190618019359643,0.04318689501116903,0.0022338049143708115,0.020104244229337303,0.0014892032762472078,0.008190618019359643,0.007446016381236039,0.0,1.0,0.021821731426505415,0.06980838880289755,0.022035947266808537,-0.000712195215607838,0.03152071273294258,0.02275745022723764,0.05234162153223625,0.0005584564970524532,0.02007497366652605,0.008733990751598914,0.03682717101634813,0.010998046126765323,0.01365251594632769,0.04214980202641751,-0.0037657209969246984,0.049750628649682896,-0.00191816039364089,-0.002619504249541212,0.00776764332621302,0.01674175645629773,-0.015544721595793808,0.061196516251375,-0.01802441835533687,0.04244608638221488,-0.01766213619513953,0.00259664645970436,0.007708426845393971,0.03258190019703991,0.019505369193943765,0.06056472959211087,-0.006275251197774658,-0.021879307456514133,0.02662412049251645,-0.012045275199363277,-0.020281674665393115,-0.04685407969429663,-0.0520325634316819,-0.007087374211590549,-0.000907554446309626,0.0059453816605101045,1.0,0.021837992031145132,0.06946873432829852,0.01924956879911091,-0.006419734320127004,0.029068632530502243,0.021911590527727457,0.04805886600721977,-0.005599485167486511,0.012947953713057701,0.006058522174927596,0.034339050780733425,0.0049318332472239705,0.0067068883281441016,0.03708858537592352,-0.007181930790702226,0.041741167264208075,-0.006633313887916941,-0.012359384449337834,0.0039562626143477535,0.015595719178100901,-0.023735533081971374,0.059002575144006926,-0.024483330964122255,0.03765763609072175,-0.02399802489819339,-0.0006273114205676719,0.0014647865875979309,0.034396640224295394,0.010156800164818926,0.05725507897003737,-0.017192156503043177,-0.028015219657905984,0.021419064501322013,-0.010555594482137125,-0.0320790757305386,-0.05566980395380973,-0.0491821827513486,-0.006214781523414181,0.010228980383187621,0.0012826351776880456
3.520848751144163,0.6418958506008279,0.8860759493670886,3.0,106.0,121.0,112.0,86.0,89.0,54.0,32.0,4.0,7.0,1.0,1.0,134.0,108.0,125.0,116.0,116.0,123.0,105.0,120.0,109.0,110.0,111.0,105.0,0.2012987012987013,0.3392857142857143,0.4594155844155844,0.2727930535455861,0.3263386396526773,0.40086830680173663,0.014147431124348473,0.006701414743112435,0.007446016381236039,0.011913626209977662,0.02084884586746091,0.018615040953090096,0.0014892032762472078,0.0052122114668652275,0.006701414743112435,0.0037230081906180195,0.040208488458674606,0.014147431124348473,0.02531645569620253,0.0037230081906180195,0.018615040953090096,0.021593447505584513,0.016381236038719285,0.0052122114668652275,0.011913626209977662,0.0052122114668652275,0.004467609828741623,0.022338049143708117,0.0029784065524944155,0.0193596425912137,0.017870439314966492,0.011913626209977662,0.029039463886820552,0.0387192851824274,0.005956813104988831,0.03201787043931496,0.03648548026805659,0.014892032762472078,0.08190618019359643,0.0029784065524944155,0.058078927773641105,0.024571854058078928,0.03276247207743857,0.06775874906924795,0.07222635889798958,0.010424422933730455,0.03276247207743857,0.0193596425912137,0.008190618019359643,0.05956813104988831,0.0029784065524944155,0.008190618019359643,0.0014892032762472078,0.00967982129560685,0.00967982129560685,0.0022338049143708115,1.0,0.007519992665275281,0.008657695206515832,0.10279116275357641,-0.005554999107298652,0.034606354563101356,-0.017579254586611196,0.01723747879359598,0.003964674108519293,0.0033897562791774423,0.020407270877906985,0.0036254359896369446,0.03218648134863444,0.03501922809979186,0.042340967349307444,0.013503311420206957,0.002932576481587171,-0.027673109562877187,0.029208804156166255,0.023947564361368915,-0.015967290944789676,-0.003226568634960952,-0.008635148047005367,-0.015148108801866764,-0.03267338116661535,-0.018679630479170914,-0.009454686821098913,0.04282199501509224,0.030046606848777965,0.039220195870086676,-0.024638710515915468,0.04581429703080306,-0.00046032639588501324,0.005786818287134716,0.00679611310038653,0.024405643275368705,-0.021393170745720065,0.011187839368440426,-0.027490229128255637,0.0011762490392143497,0.021973085058160948,1.0,0.007525596236560885,0.00861446078143103,0.1029052379364391,-0.00716818016567303,0.03348414419043661,-0.029006948119015833,0.018835583965904245,-0.0032267934080232722,0.008675775384470414,0.0153817267615198,0.005146549520839118,0.029662952407823618,0.03236801424168112,0.04136189266505643,0.005511173966839617,-0.003602021624963546,-0.03948381833334115,0.02832639632506297,0.02228474612321186,-0.009797010666843556,-0.011288624720269534,-0.012594914930570692,-0.017380474539495105,-0.03395716252065571,-0.01818761943291172,-0.010785932161182125,0.050082346709701034,0.03170996101522773,0.04500623030549667,-0.035715184008993504,0.043029245076846655,-0.015107167076990356,0.013365932867980974,-0.004259732735925947,0.03689222271808034,-0.02602993835770356,0.01713881160013011,-0.035262387216759526,0.006863602898519185,0.0132575425181542
3.4890501631816715,0.6373997073844069,0.885331347728965,8.0,110.0,127.0,122.0,70.0,88.0,25.0,43.0,25.0,3.0,6.0,3.0,134.0,111.0,131.0,127.0,126.0,129.0,95.0,129.0,121.0,121.0,127.0,110.0,0.22063492063492063,0.3492063492063492,0.4301587301587302,0.2683093771389459,0.33880903490759756,0.3928815879534565,0.018615040953090096,0.006701414743112435,0.011169024571854059,0.012658227848101266,0.011169024571854059,0.011913626209977662,0.0,0.005956813104988831,0.004467609828741623,0.0022338049143708115,0.035740878629932984,0.005956813104988831,0.03723008190618019,0.005956813104988831,0.018615040953090096,0.024571854058078928,0.0193596425912137,0.0022338049143708115,0.008190618019359643,0.008190618019359643,0.004467609828741623,0.03201787043931496,0.0052122114668652275,0.029784065524944156,0.012658227848101266,0.011169024571854059,0.026061057334326135,0.044676098287416234,0.0052122114668652275,0.03425167535368578,0.02680565897244974,0.010424422933730455,0.10424422933730454,0.0037230081906180195,0.04839910647803425,0.028294862248696945,0.03127326880119136,0.05584512285927029,0.06999255398361877,0.010424422933730455,0.04765450483991065,0.01563663440059568,0.007446016381236039,0.04690990320178704,0.0052122114668652275,0.01563663440059568,0.0029784065524944155,0.005956813104988831,0.0052122114668652275,0.0014892032762472078,1.0,-0.00021864672897515294,-0.019507953295062306,-0.027538216478441693,-0.04084521977734138,-0.0008029249661952516,0.04541187837801566,0.03585436541982977,-0.03747184099920028,-0.002628174404355365,0.003865266685896281,0.00781284195300866,0.007893690032675146,-0.00343377282563127,0.026806099614648294,-0.03328267085529232,-0.03007779842950233,-0.03456603855897605,0.030192252413728877,-0.00596479283652335,-0.04471782461421986,0.023200379023197035,0.0020915538359117945,0.005325910320344629,0.03771707466419567,0.00504955760841247,-0.02528726044980867,-0.015024978243199559,-0.013394145579546437,0.038160681502703186,-0.002340230254821349,-0.02395982183105001,0.016617329046141504,-0.02184890667341275,-0.016589584037783215,-0.056595360567759476,-0.011760982596125008,-0.02806275835041433,0.06870996392269021,0.0306120201940337,-0.020549622762876252,1.0,-0.0002188096550026947,-0.019537096743904823,-0.027619045981612373,-0.04142354720945949,-0.0020007693239714576,0.043327932487354,0.03404299818914213,-0.03777533799872846,0.0007459385395995216,0.008040206613322373,0.008952824594672367,0.0032370034467664047,-0.006189203470490665,0.030500455969833386,-0.03024110520824819,-0.03151185870037259,-0.036713650027446296,0.02988024085278867,-0.010590590466203089,-0.05137426014295359,0.02219424452457181,0.009863179761197325,0.00615353307496616,0.03303942758836114,0.0036634568008924837,-0.015964063972981297,-0.010930871098199738,-0.018048279458138326,0.04096782297146478,-0.007379399478301591,-0.027521448818516578,0.016876293285371727,-0.01820977814529448,-0.015503268765257958,-0.06842343902961899,-0.01935343117259419,-0.028519207316289468,0.0704451960539899,0.024391700041899982,-0.016601066763551026
3.4544238124266466,0.6207792406531646,0.885331347728965,1.0,111.0,128.0,112.0,93.0,64.0,43.0,22.0,12.0,7.0,14.0,2.0,134.0,119.0,131.0,125.0,121.0,129.0,109.0,125.0,121.0,123.0,123.0,109.0,0.14285714285714285,0.367816091954023,0.48932676518883417,0.26412525527569775,0.33356024506466986,0.4023144996596324,0.017870439314966492,0.005956813104988831,0.016381236038719285,0.014892032762472078,0.014147431124348473,0.01340282948622487,0.0007446016381236039,0.005956813104988831,0.006701414743112435,0.0014892032762472078,0.034996276991809384,0.00967982129560685,0.035740878629932984,0.011913626209977662,0.020104244229337303,0.023827252419955324,0.018615040953090096,0.0022338049143708115,0.0037230081906180195,0.0014892032762472078,0.0029784065524944155,0.018615040953090096,0.004467609828741623,0.024571854058078928,0.01340282948622487,0.008935219657483246,0.0193596425912137,0.044676098287416234,0.004467609828741623,0.04244229337304542,0.029784065524944156,0.011169024571854059,0.11317944899478778,0.0014892032762472078,0.058823529411764705,0.02084884586746091,0.03425167535368578,0.05361131794489948,0.0759493670886076,0.00967982129560685,0.03350707371556218,0.020104244229337303,0.008190618019359643,0.04839910647803425,0.0007446016381236039,0.014147431124348473,0.005956813104988831,0.008190618019359643,0.008190618019359643,0.0,1.0,0.06774861973564054,-0.016622239083561512,-0.013762764970430138,-0.0036252083299251766,0.011583177730085074,0.008172217016179375,-3.4595808204121944e-05,0.019602820357286846,-0.011178184295107115,0.011357304653233782,0.020228811621440343,-0.03260392380341377,-0.06335391259695873,-0.007772775283481427,-0.0024816244894048096,0.021434964894581316,0.02736652752162044,0.04158224531739572,-0.02883268585519217,0.002490462038632146,-0.02440926978508333,-0.02871048717822164,-0.022295705985756947,0.01842288008471002,-0.006274115388156867,0.02925917109775649,0.018170217703319544,0.0017695610311759525,-0.010314525937194268,-0.010370113806355274,-0.035871735152992856,0.033784295887176415,-0.05752670449796891,-0.024772048326480205,0.01865656813637238,0.03168219042700273,0.03204948951648439,-0.0005618140541149913,0.03113171982503109,-0.00477108184519564,1.0,0.06779910305884149,-0.021341850748107162,-0.011250694663307421,-0.0022754993771844684,0.01162281870923089,0.006377054558162116,-0.0006925157751522466,0.02042261369669335,-0.0138537500287141,0.013887647745493092,0.0186277809680733,-0.03557633199806379,-0.05919290065963156,-8.501920323422758e-05,-0.004936716629110618,0.01941895525246515,0.025671401606464285,0.04097797610571933,-0.03346780141104064,0.01082105013284066,-0.025260806371629852,-0.028709274387506884,-0.018679433761531267,0.021289672978789177,-0.014682248327588888,0.027161479353301453,0.01677776023625002,-0.0010122507552272277,-0.005877708377131618,-0.0014618754436520895,-0.03396478032076253,0.03530380868885803,-0.06556074507471216,-0.024698421581222537,0.015364763509097953,0.028587690226414438,0.03250611695686209,-0.0012923764930857441,0.047571051054264075,-0.009184314158836518
3.485538171979149,0.6225910253710202,0.8868205510052122,2.0,108.0,117.0,123.0,92.0,76.0,23.0,64.0,31.0,14.0,2.0,1.0,134.0,108.0,126.0,127.0,123.0,126.0,106.0,126.0,111.0,113.0,113.0,109.0,0.21745788667687596,0.3981623277182236,0.38437978560490044,0.2714486638537271,0.3333333333333333,0.3952180028129395,0.01340282948622487,0.007446016381236039,0.012658227848101266,0.020104244229337303,0.010424422933730455,0.01563663440059568,0.0022338049143708115,0.0037230081906180195,0.0037230081906180195,0.0037230081906180195,0.0379746835443038,0.0052122114668652275,0.03425167535368578,0.005956813104988831,0.014892032762472078,0.0193596425912137,0.017870439314966492,0.0007446016381236039,0.008190618019359643,0.0022338049143708115,0.0029784065524944155,0.022338049143708117,0.0022338049143708115,0.03648548026805659,0.01340282948622487,0.014147431124348473,0.03052866716306776,0.054355919583023084,0.005956813104988831,0.04616530156366344,0.029039463886820552,0.008935219657483246,0.09977661950856292,0.0052122114668652275,0.040208488458674606,0.026061057334326135,0.04095309009679821,0.06105733432613552,0.058078927773641105,0.01340282948622487,0.03648548026805659,0.021593447505584513,0.007446016381236039,0.04318689501116903,0.0007446016381236039,0.021593447505584513,0.0029784065524944155,0.008190618019359643,0.004467609828741623,0.0022338049143708115,1.0,0.004032220616439329,0.025731137292607145,0.027560525836169313,-0.028278045105553665,0.029218814392062933,-0.004590424103180289,0.03296814804470647,0.02093709482082296,-0.012461195217446966,-0.0015255798978178296,-0.05334609360165215,0.013768696310183322,-0.021663913723610262,-0.02058513828097929,0.03708506009581243,-0.025405241552240842,0.046443087349140384,0.029745826045482576,0.046089695833953406,0.013645797010119826,0.023465562871640037,-0.012174471218111936,-0.008308341447482917,-0.010548764357577555,0.009794679244025637,0.04605909216917017,0.06665200092605031,-0.02523227091453155,-0.022092739261338295,-0.0190596478284582,-0.0061761908854620125,-0.0011104364188776429,0.03496847822107516,-0.02019555577977094,0.015616913761572655,0.018585606073458164,-0.03520411435122881,-0.015348102559538885,0.0015104527719081392,0.008317542556020392,1.0,0.004035225251771997,0.02575364964124251,0.027435642093227665,-0.029265082744478893,0.028186228205966165,-0.004135972736866698,0.03338059899931412,0.018632285135800015,-0.012559236379281078,-0.005330784794695964,-0.05228134356849516,0.014605149448901306,-0.020880892217971184,-0.018886281821446648,0.0339922557733737,-0.020078347020834428,0.04552082338320557,0.03266646485839561,0.05013195384341841,0.005811873893147649,0.026197602327957734,-0.0214625171692994,-0.008330645344985252,-0.0173965773215235,0.00642528982731049,0.0464965369568329,0.06389632828131428,-0.02336230735784782,-0.023929871464008576,-0.014509999316520647,0.002789711565819473,-0.0022300859021197558,0.03435579176040165,-0.03040741022094059,0.013587582112070035,0.01641130282396678,-0.029844945114016298,-0.020888486131995208,0.0020949284443068546,0.00997579257310921
3.515621519775771,0.6244621966137299,0.8860759493670886,0.0,119.0,126.0,124.0,102.0,92.0,52.0,29.0,8.0,3.0,2.0,2.0,134.0,121.0,129.0,127.0,123.0,128.0,109.0,128.0,121.0,123.0,125.0,119.0,0.18361153262518967,0.3596358118361153,0.456752655538695,0.26227303295225285,0.33221250840618693,0.4055144586415602,0.014147431124348473,0.008190618019359643,0.01340282948622487,0.014147431124348473,0.02084884586746091,0.01712583767684289,0.0007446016381236039,0.004467609828741623,0.005956813104988831,0.0029784065524944155,0.04318689501116903,0.012658227848101266,0.028294862248696945,0.007446016381236039,0.018615040953090096,0.03052866716306776,0.014147431124348473,0.0052122114668652275,0.011169024571854059,0.0052122114668652275,0.004467609828741623,0.01712583767684289,0.0014892032762472078,0.026061057334326135,0.0193596425912137,0.011169024571854059,0.03127326880119136,0.04244229337304542,0.0029784065524944155,0.039463886820551006,0.02308265078183172,0.008935219657483246,0.09903201787043932,0.0007446016381236039,0.04690990320178704,0.029039463886820552,0.03723008190618019,0.06105733432613552,0.06254653760238273,0.014892032762472078,0.028294862248696945,0.02308265078183172,0.006701414743112435,0.04839910647803425,0.0037230081906180195,0.014147431124348473,0.0037230081906180195,0.006701414743112435,0.0052122114668652275,0.0022338049143708115,1.0,0.029843422886340502,0.0046129967012941125,0.07286389373161166,0.035372306266357456,0.04877810177851794,0.07950021205917385,0.01588559387885798,0.010262409931315362,-0.015247116096410546,-0.04271196823814851,0.017854796813432654,0.03935954922814268,-0.02820853875552992,-0.04119322093534195,-0.03661088812675043,0.04036422916368345,-0.008386228680840248,0.016023076433944905,-0.009233538483580323,0.04896752678929797,0.02895764932139902,0.07254703203418851,0.014961502838133023,0.029236747171039697,-0.032358334745460585,0.028330515668075935,0.0302755187166202,0.03709447363292723,2.4538320709636424e-05,0.029047594150798838,-0.04566312866544795,0.02838084333647187,0.0014319717190661911,-0.0034647490525846346,-0.04096887079187083,0.013977684378303018,-0.02739850218376773,0.02919103925915338,0.03459970557993236,-0.014916790376720022,1.0,0.029865660906375033,0.0037312470498846884,0.07284411195771096,0.031336715328563344,0.046953893257761614,0.07255526108162104,0.007550025900684899,0.002198980561553264,-0.02966506229189341,-0.05156676256140264,0.011274093444609109,0.03513735709581071,-0.024821713664282652,-0.038796935800821816,-0.034496849698057094,0.05088378378844389,-0.007373960091949429,0.021330891905124296,-0.009845330739677412,0.05786682317282369,0.03176427848259535,0.07234152931163923,-0.0012301688299969746,0.014448939609528784,-0.04985866687105745,0.022364293830583346,0.012290561785034534,0.023548587185451542,-0.008396434388348811,0.03252239784161911,-0.044347556317520465,0.027190609890037264,-0.010355314394579132,-0.004731867054520149,-0.041588001416048,0.02288804272930806,-0.014517640247911452,0.030549159298143617,0.03403438936503855,-0.01730180110366411
3.4989996869686113,0.6389037121090693,0.8816083395383469,1.0,104.0,119.0,120.0,94.0,80.0,30.0,37.0,15.0,4.0,4.0,0.0,134.0,107.0,125.0,123.0,115.0,126.0,103.0,121.0,110.0,110.0,115.0,103.0,0.19407894736842105,0.3832236842105263,0.42269736842105265,0.27370689655172414,0.3290229885057471,0.39727011494252873,0.012658227848101266,0.008190618019359643,0.011169024571854059,0.011169024571854059,0.01563663440059568,0.014147431124348473,0.0014892032762472078,0.0052122114668652275,0.0052122114668652275,0.0052122114668652275,0.039463886820551006,0.010424422933730455,0.04616530156366344,0.0022338049143708115,0.016381236038719285,0.018615040953090096,0.01712583767684289,0.0037230081906180195,0.011913626209977662,0.007446016381236039,0.0029784065524944155,0.029784065524944156,0.0029784065524944155,0.026061057334326135,0.010424422933730455,0.011913626209977662,0.034996276991809384,0.04765450483991065,0.0029784065524944155,0.03648548026805659,0.029039463886820552,0.011169024571854059,0.08190618019359643,0.0037230081906180195,0.049143708116157855,0.018615040953090096,0.039463886820551006,0.0774385703648548,0.07446016381236038,0.006701414743112435,0.026061057334326135,0.020104244229337303,0.0052122114668652275,0.04095309009679821,0.0052122114668652275,0.016381236038719285,0.0029784065524944155,0.008935219657483246,0.011169024571854059,0.0014892032762472078,1.0,-0.00446188637869792,0.01569306756913182,0.080556237303384,0.03476844261617546,0.05362154693691371,0.009146077127999423,0.04194033367633892,0.02196215082947879,0.007102092335211657,0.02431886860985632,0.03920841930012265,0.017749369473526552,0.003414949703792825,-0.043606579419850335,0.048611067186610665,0.04093077713613395,-0.039474439488564564,0.014936878982163868,0.03521164687285525,0.023700124897398405,-0.03657806914390928,-0.0006662006443191998,-0.03028729520659604,-0.04425727004269282,-0.011593511151128227,-0.028489416476168036,-0.006303931496683441,-0.016542736508841575,0.01960730063749823,0.013004658568966977,0.02281121087336009,0.011564957697018388,0.028245776342959716,0.010918301091500993,-0.005399954062734906,-0.029814067042066867,0.014161608140879432,-0.0026674327697665543,0.06340513337946904,-0.006885420415944385,1.0,-0.004465211182258787,0.015696847446189325,0.08089729754235103,0.03568156611571687,0.05217633688470844,0.0025656694431118636,0.03552325527539117,0.013143629030142635,0.002045994610813914,0.015070581325945482,0.03427932716418208,0.012569694057766463,-0.002532695862059734,-0.05416895674272005,0.040615431268537526,0.038503952530481535,-0.03655082173859264,0.00610664796486605,0.031062195905882658,0.023341895015821727,-0.03996074884304013,-0.008367750037658979,-0.04172781120615138,-0.042407272838511735,-0.010088707195478027,-0.025445629188573276,-0.00273857161186679,-0.007598076190356981,0.03482468820287207,0.01974014089618054,0.024782352769808176,0.0178576475693312,0.038080891174593776,0.007510567203916351,-0.013747177121253345,-0.036031142576590805,0.01028168146844342,-0.011273000092274948,0.07341038578822841,-0.008960789453883941
3.4517422527331583,0.641341457641269,0.877885331347729,3.0,99.0,122.0,123.0,79.0,91.0,20.0,41.0,9.0,11.0,7.0,1.0,134.0,101.0,129.0,125.0,121.0,128.0,93.0,125.0,106.0,106.0,121.0,100.0,0.22277227722772278,0.36633663366336633,0.41089108910891087,0.2786177105831533,0.32973362131029516,0.39164866810655147,0.011169024571854059,0.007446016381236039,0.00967982129560685,0.00967982129560685,0.01340282948622487,0.023827252419955324,0.0037230081906180195,0.0029784065524944155,0.0037230081906180195,0.0029784065524944155,0.03201787043931496,0.008190618019359643,0.034996276991809384,0.0029784065524944155,0.023827252419955324,0.03201787043931496,0.014892032762472078,0.0029784065524944155,0.00967982129560685,0.0037230081906180195,0.0007446016381236039,0.017870439314966492,0.004467609828741623,0.02308265078183172,0.008935219657483246,0.00967982129560685,0.026061057334326135,0.040208488458674606,0.005956813104988831,0.028294862248696945,0.03201787043931496,0.011169024571854059,0.10796723752792256,0.0029784065524944155,0.05361131794489948,0.02531645569620253,0.034996276991809384,0.058078927773641105,0.08339538346984364,0.0052122114668652275,0.045420699925539834,0.022338049143708117,0.008935219657483246,0.04839910647803425,0.0037230081906180195,0.014892032762472078,0.0014892032762472078,0.00967982129560685,0.00967982129560685,0.0014892032762472078,1.0,0.06034274896782652,0.04537452483491856,0.024318272068824445,0.020113639476786745,-0.005961906070994797,0.0491600088603029,0.034779216757776316,0.05294652041961457,0.01241978255956467,0.027840625773507356,0.06822062097090018,0.040262165923008866,0.02045434070047853,0.03608692553653496,-0.0024192148196005986,-0.00185695283833109,0.021299153477454674,0.012569833401057393,0.014432341654766217,0.026764480366400552,0.04236797149852319,-0.008713498523679896,0.029078587356155552,-0.008382285083218295,0.022087274949182396,0.0033716288519817545,0.0399968531350736,0.06438989809480866,0.07496211741012128,-0.009638335917893771,-0.0043740221332098286,0.015795645375118687,0.015885953101283868,0.01853370467817259,0.0027180239213014873,0.02624537859964935,0.017412282347904328,-0.00423675078257465,0.028037223085921135,0.034552128408676316,1.0,0.060387713758413585,0.04194849409687907,0.019314803556311384,0.01585305866946659,-0.009962114337753838,0.04860119371351649,0.029544983622664958,0.046011396622662924,0.002685049815511712,0.020408556233134822,0.06423946704443177,0.02863609308919443,0.00914474496226347,0.024253537404422487,-0.012856000972705103,-0.007901967747022627,0.01462398278480221,0.002147779598247755,0.0041397712137153765,0.017446121077611496,0.0344491404174838,-0.022336708304590887,0.022493391063836122,-0.016862144226757626,0.015382457892202354,-0.0007535031481105338,0.03390839990137036,0.05813583251600113,0.061876295421939655,-0.02349668536852403,-0.01978276683883385,0.010727316001124918,0.010595435725838095,0.00917809575261238,-0.01465100547378255,0.01809472865622731,0.007801407221630639,-0.01354508572900234,0.015221797129216891,0.016985583923947833
3.531382706195986,0.6338029064827161,0.889054355919583,3.0,113.0,123.0,115.0,80.0,79.0,41.0,41.0,25.0,13.0,8.0,1.0,134.0,113.0,127.0,117.0,113.0,130.0,112.0,127.0,113.0,115.0,121.0,113.0,0.19158878504672897,0.3629283489096573,0.4454828660436137,0.2724738675958188,0.3191637630662021,0.4083623693379791,0.020104244229337303,0.007446016381236039,0.014892032762472078,0.020104244229337303,0.010424422933730455,0.00967982129560685,0.0022338049143708115,0.006701414743112435,0.010424422933730455,0.004467609828741623,0.03648548026805659,0.010424422933730455,0.039463886820551006,0.005956813104988831,0.021593447505584513,0.026061057334326135,0.01712583767684289,0.004467609828741623,0.004467609828741623,0.004467609828741623,0.0022338049143708115,0.026061057334326135,0.0014892032762472078,0.03127326880119136,0.014147431124348473,0.012658227848101266,0.024571854058078928,0.0379746835443038,0.006701414743112435,0.029039463886820552,0.02531645569620253,0.011913626209977662,0.09084139985107967,0.0022338049143708115,0.05286671630677588,0.023827252419955324,0.034996276991809384,0.05658972449739389,0.06626954579300075,0.010424422933730455,0.04095309009679821,0.0193596425912137,0.0052122114668652275,0.05063291139240506,0.0014892032762472078,0.018615040953090096,0.004467609828741623,0.008190618019359643,0.010424422933730455,0.0022338049143708115,1.0,0.019772551103094428,-0.03640559409600562,-0.007860303210542745,0.022794670804032257,0.020300304898471455,0.015145513001477347,-0.0017191203096587442,0.01735412088110865,0.011194851043229424,-3.4149593103994073e-06,-0.03266283920991667,-0.01887554795441369,0.018503781954815144,-0.008780081205262675,0.02738946144904906,-0.02404636485970025,0.00013936785539942997,-0.016864980802791602,-0.0040171459632798515,0.024382544419327353,-0.014981741676076226,-0.009504651359926451,0.011477405006911093,-0.019251953212754667,-0.008473437285713047,-0.014795635984088383,0.03754636274916746,0.023388010014263844,0.0004478486608369378,-0.027648002444862655,-0.02079973568510954,-0.01294086049634923,0.033628254402166824,0.006426250459980631,-0.013248441819232236,-0.012095150372674593,-0.018272470465599603,-0.021150304888994602,0.016723042537999694,0.024818587279249155,1.0,0.019787284747731608,-0.036865861257118174,-0.006411607720518695,0.021849206338753046,0.018987028025750825,0.016024623078391757,-0.0006171853690693016,0.018458702049946582,0.009853425924122932,-0.0002212322278517826,-0.03258056823506899,-0.018708319500781785,0.015999756438809062,-0.012381091908205797,0.030395692752841163,-0.024329633628982213,0.0037693195190659687,-0.018393011948337822,-0.0038743274711008856,0.02548846674446066,-0.01730891251483086,-0.0066455616466935905,0.009870734978770428,-0.02025535325337553,-0.006913648611895435,-0.01434833280762418,0.03930404860328742,0.019220161578289575,0.0035070679686129745,-0.02674748511800037,-0.01768507089486385,-0.017049771398681468,0.031128955321760337,0.006291769019351938,-0.013555870591373271,-0.010416807153440488,-0.021218085216506442,-0.020671975578125928,0.022029561346737742,0.02287224950897915
3.5437286231596197,0.643726493837237,0.8920327624720774,5.0,112.0,121.0,115.0,97.0,90.0,27.0,33.0,8.0,16.0,5.0,0.0,134.0,115.0,126.0,119.0,117.0,128.0,111.0,123.0,112.0,119.0,116.0,115.0,0.20349761526232116,0.3751987281399046,0.42130365659777425,0.2682926829268293,0.3254355400696864,0.4062717770034843,0.014892032762472078,0.008935219657483246,0.017870439314966492,0.01712583767684289,0.011913626209977662,0.01712583767684289,0.0022338049143708115,0.0037230081906180195,0.0052122114668652275,0.0037230081906180195,0.04169769173492182,0.00967982129560685,0.029784065524944156,0.006701414743112435,0.023827252419955324,0.023827252419955324,0.022338049143708117,0.005956813104988831,0.0029784065524944155,0.005956813104988831,0.0052122114668652275,0.02084884586746091,0.004467609828741623,0.027550260610573342,0.011169024571854059,0.011913626209977662,0.02084884586746091,0.04690990320178704,0.0052122114668652275,0.03052866716306776,0.03276247207743857,0.01563663440059568,0.09828741623231571,0.0014892032762472078,0.04318689501116903,0.02308265078183172,0.03350707371556218,0.055100521221146684,0.07297096053611318,0.010424422933730455,0.034996276991809384,0.02084884586746091,0.008935219657483246,0.0387192851824274,0.0014892032762472078,0.01712583767684289,0.005956813104988831,0.00967982129560685,0.012658227848101266,0.0029784065524944155,1.0,0.01924330894308911,-0.007791179485502182,0.011617200371052383,0.0013184886682221274,-0.004872909009683634,0.01814661664137974,-0.025309300878846818,-0.011429615134229193,-0.0005504426822828629,-0.0037836003490028577,-0.040786075341962644,0.05193545454210458,-0.012517773822981176,0.006457002374186225,0.04080755829197509,-0.03963492015814212,-0.038207660951661324,0.008085673426629329,-0.013283917790288396,-0.012915722004823807,0.010512544539883291,-0.020641965358740376,-0.005789871127767077,-0.034366242955004775,0.006338493236482099,-0.05174464623215807,-0.015981807407780706,0.0026607586412462168,0.005640013992536486,0.005022310001431822,0.000953333149148536,0.008228159805915479,-0.020087111500161917,-0.017234321260506703,0.01391586088789536,-0.005623609348366209,-0.0360813839349641,-0.004718247663682967,-0.022037061829486723,0.03080167956006038,1.0,0.019257648219499754,-0.008176688837352486,0.01195739869033953,0.0007998152930691583,-0.004744063423082866,0.01830529756281238,-0.026284578896217884,-0.010078433804883812,-0.000965872958057236,-0.0034368497367664465,-0.040555334771817,0.053580909427662145,-0.014667349131447353,0.0087024422881886,0.039311044961878865,-0.042342918803354224,-0.0348409574870107,0.004251762716294227,-0.01150089155132976,-0.011283071129873107,0.009640467680373323,-0.019827568584861253,-0.00012589758131987397,-0.04233083898217756,0.010465547234025324,-0.052248988077911666,-0.022336515984206412,0.006076007044322017,0.00777974981956186,0.002549482256321351,0.0027574394839883836,0.012430170961605995,-0.030273756250619885,-0.01638718335439826,0.010628183971257846,-0.0041867382644290374,-0.041345464164906934,0.0009095266954964322,-0.02069831369301376,0.030111760492627006
3.473217116851778,0.6191441738058243,0.874162323157111,1.0,111.0,117.0,111.0,87.0,67.0,50.0,47.0,28.0,15.0,16.0,3.0,134.0,111.0,124.0,121.0,116.0,128.0,107.0,120.0,110.0,113.0,119.0,111.0,0.17611026033690658,0.36906584992343033,0.4548238897396631,0.27015558698727016,0.32531824611032534,0.4045261669024045,0.012658227848101266,0.008935219657483246,0.011169024571854059,0.011913626209977662,0.014147431124348473,0.00967982129560685,0.0007446016381236039,0.005956813104988831,0.0014892032762472078,0.0022338049143708115,0.04169769173492182,0.01563663440059568,0.028294862248696945,0.0052122114668652275,0.026061057334326135,0.028294862248696945,0.02531645569620253,0.0022338049143708115,0.010424422933730455,0.0037230081906180195,0.0029784065524944155,0.01712583767684289,0.0022338049143708115,0.022338049143708117,0.017870439314966492,0.011913626209977662,0.027550260610573342,0.04244229337304542,0.005956813104988831,0.04839910647803425,0.02680565897244974,0.008935219657483246,0.0967982129560685,0.0029784065524944155,0.05361131794489948,0.02308265078183172,0.027550260610573342,0.06626954579300075,0.06775874906924795,0.010424422933730455,0.0387192851824274,0.024571854058078928,0.0052122114668652275,0.05063291139240506,0.0014892032762472078,0.010424422933730455,0.0052122114668652275,0.008935219657483246,0.004467609828741623,0.0014892032762472078,1.0,0.0710763911501042,0.030623616417253214,0.04824369956126659,0.0463285102911504,0.014428664242402632,0.016637385882739514,0.015775740208798596,0.03698204830552172,0.008933762906280538,-0.00043113515585268506,0.028115441978122917,0.00934395375964839,0.019836596333575728,0.00673891129785533,0.019085859397134437,0.023734623069618488,0.020347219586576717,0.016836105555397447,-0.01592041179423245,-0.007477832870805434,-0.009519623254420136,-0.03904840224923871,-0.0013698135601574576,0.0008906024363803717,-0.0061061787688262165,-0.016356289718587495,-4.728667653417765e-05,-0.02132011511615234,0.009055929395219597,-0.02256846554722156,-0.008991034217285893,0.004969812875219674,0.013160033830153602,0.020648484519376162,0.02919957106085524,-0.0021353122619054673,0.027334745581030103,-0.0038999408914048546,-0.015281813319998222,0.027417310780250594,1.0,0.0711293541837481,0.025740133442368498,0.044650833492292694,0.039606264162975975,0.006301011225435776,0.011188122727878886,0.009770831071438384,0.03245420129462,0.0018157264721963523,-0.005115739588609241,0.02449370738344402,0.002459670502604265,0.01716999305494924,0.0010868387563229814,0.014672558532015665,0.01825985812930709,0.0145028778533852,0.011593097172800309,-0.024444471993678735,-0.010093802161827859,-0.012089663937792034,-0.03988372147775743,0.004455666916215742,0.0013092477613784119,-0.0034332471236188295,-0.014515173215086554,0.0031022600118755642,-0.02085274032247319,0.013328868911325597,-0.020242889340001406,-0.0056452023640076315,0.008004888858891689,0.0162605609654764,0.023408560028705075,0.029324326422913317,-0.005594250534929725,0.028174116010100354,-0.008884437951400126,-0.015475921152536648,0.027659736062809782
3.5145334250047826,0.6405712581578902,0.8868205510052122,7.0,107.0,129.0,111.0,84.0,71.0,39.0,44.0,23.0,8.0,12.0,0.0,134.0,113.0,131.0,123.0,116.0,124.0,95.0,127.0,119.0,116.0,125.0,104.0,0.1921259842519685,0.35590551181102364,0.4519685039370079,0.2697967764540995,0.33216538192011213,0.39803784162578837,0.0193596425912137,0.006701414743112435,0.014892032762472078,0.020104244229337303,0.014892032762472078,0.016381236038719285,0.0007446016381236039,0.005956813104988831,0.0022338049143708115,0.0022338049143708115,0.03350707371556218,0.01563663440059568,0.03201787043931496,0.0037230081906180195,0.011913626209977662,0.02680565897244974,0.02531645569620253,0.0007446016381236039,0.005956813104988831,0.006701414743112435,0.0037230081906180195,0.027550260610573342,0.004467609828741623,0.02308265078183172,0.01563663440059568,0.01340282948622487,0.03648548026805659,0.0387192851824274,0.007446016381236039,0.044676098287416234,0.02680565897244974,0.012658227848101266,0.0975428145941921,0.0037230081906180195,0.049143708116157855,0.0193596425912137,0.03201787043931496,0.058823529411764705,0.07148175725986597,0.006701414743112435,0.023827252419955324,0.02084884586746091,0.008190618019359643,0.045420699925539834,0.0029784065524944155,0.016381236038719285,0.0037230081906180195,0.007446016381236039,0.010424422933730455,0.0014892032762472078,1.0,0.006216494017000613,-0.046795534653075635,0.011031714353336405,-0.01825562996197842,-0.02495741557677833,-0.041381336257806205,-0.01754304002810577,-0.001069926503278029,-0.016428863276390093,0.017430258557838602,-0.01863276603237107,0.005898889388881581,-0.028843497310047168,-0.012333608913544056,-0.006954690137397767,0.024096582180289122,-0.0038458197233967734,0.010762345986258007,-0.007974574516479777,0.02515730258249769,0.04884551574828945,-0.02796743017768347,-0.02288514318320596,0.02300342324166146,-0.020699676660987813,-0.04921860405370956,-0.019989307792606464,-0.029420683664354456,-0.0064326951575084425,0.022175486892606698,0.005463826255762058,0.01750185078967101,0.00918732241027997,0.010260638857235601,-0.012710749367876853,-0.006961434060653615,-0.00347068964445301,-0.021007502295439948,0.049728136064133684,0.029331351126779596,1.0,0.006221126277818063,-0.04690584443255551,0.01167959815492658,-0.02071190321322174,-0.02377030724316829,-0.04334808165226156,-0.019087690479128793,-0.004832688421637941,-0.018457901480962,0.01559894853389749,-0.023601311770976408,0.005368261123626295,-0.03429726262628157,-0.011980398656354961,-0.011939769662414008,0.02398417719352021,-0.007249218583920101,0.010967735824273918,-0.012401918599167236,0.024334476521344683,0.048984404135735876,-0.02652521964182737,-0.017285064924186088,0.020184255435831817,-0.018907711949081092,-0.047235890263229253,-0.018604199124479255,-0.03713184381532903,-0.006485943865612086,0.01836625752188184,0.0005388440493684613,0.014060908146109038,0.0054302103882269215,0.009776965924164414,-0.013259793770921643,-0.0067210001447679715,-0.007093934836188022,-0.01923524789311235,0.049625697325258115,0.02507452370747196
3.4759718207915884,0.6434305929880701,0.877885331347729,15.0,97.0,122.0,106.0,84.0,86.0,19.0,58.0,41.0,26.0,12.0,7.0,134.0,103.0,128.0,122.0,124.0,124.0,73.0,126.0,125.0,121.0,125.0,113.0,0.2362555720653789,0.3818722139673105,0.3818722139673105,0.27080394922425954,0.3469675599435825,0.382228490832158,0.014147431124348473,0.004467609828741623,0.014147431124348473,0.008935219657483246,0.01340282948622487,0.01340282948622487,0.0014892032762472078,0.0052122114668652275,0.0029784065524944155,0.0007446016381236039,0.04169769173492182,0.010424422933730455,0.04095309009679821,0.005956813104988831,0.016381236038719285,0.028294862248696945,0.018615040953090096,0.0037230081906180195,0.011169024571854059,0.0037230081906180195,0.0037230081906180195,0.026061057334326135,0.0022338049143708115,0.03425167535368578,0.00967982129560685,0.012658227848101266,0.03276247207743857,0.049143708116157855,0.0052122114668652275,0.04690990320178704,0.024571854058078928,0.008190618019359643,0.10126582278481013,0.0022338049143708115,0.045420699925539834,0.024571854058078928,0.03648548026805659,0.058078927773641105,0.06775874906924795,0.010424422933730455,0.03052866716306776,0.014147431124348473,0.008935219657483246,0.04318689501116903,0.0029784065524944155,0.01712583767684289,0.0029784065524944155,0.010424422933730455,0.007446016381236039,0.0007446016381236039,1.0,0.037866922810079244,-0.013169489319622134,-0.014448830583112863,-0.03137055362449335,0.000774949870321294,-0.024015771305262886,0.02105561970502348,0.001461735994755582,-0.04749206287392277,-0.05591641945227317,0.0017835660177499151,0.018386984656825922,-0.02724380826989758,0.008875352398954523,4.5202044359926775e-05,-0.06256000994401344,0.02267595950415366,0.07799565057544905,0.0452785492111517,-0.04829864180847848,-0.030417622334382385,0.012457864108746688,0.006895112639458507,-0.005719730779961142,0.024617193039385685,0.029208189594505808,-0.020106821338905536,0.007548227038314147,0.005292990042193119,0.019350053371536717,-0.027354521012156956,-0.025969749536130484,-0.029310327742317042,-0.004678495166512585,0.008265043294971021,-0.004970740818856307,0.024448235540325415,0.0034336091872391697,0.010064994412686643,0.012019123491157455,1.0,0.03789513959309719,-0.014646204780343583,-0.013441215857416138,-0.030643407989253427,0.0027646890844923596,-0.02536797767595708,0.02233612440435114,-0.001818466162239059,-0.04787982516952518,-0.05398846589308093,0.006066807860608628,0.014915201123200455,-0.0322419054580713,0.007991967875877356,-0.002970531932509806,-0.06426968444541094,0.028773916333056756,0.07593820548236013,0.03200954486141032,-0.05598270250266729,-0.021220767705899642,0.015743989058712722,0.007974206203810128,-0.0060252000311841365,0.01941378219489076,0.018729109571735167,-0.011798705640006561,0.02606757617047777,0.001792802702915132,0.012064287665496684,-0.028331053155398984,-0.02207282125507754,-0.03022827592585463,0.008200003141144564,0.0128554615090214,-0.02047855861773569,0.013531840664428566,0.014462116412858187,0.022189590905791104,0.0059355456524785135
3.5070733049693583,0.6366761375874135,0.8868205510052122,9.0,111.0,122.0,125.0,106.0,69.0,24.0,31.0,8.0,6.0,26.0,0.0,134.0,111.0,127.0,125.0,124.0,125.0,111.0,129.0,113.0,112.0,117.0,110.0,0.17111459968602827,0.38461538461538464,0.44427001569858715,0.2698191933240612,0.32962447844228093,0.40055632823365783,0.02084884586746091,0.0029784065524944155,0.014147431124348473,0.016381236038719285,0.01563663440059568,0.014892032762472078,0.0014892032762472078,0.007446016381236039,0.004467609828741623,0.0014892032762472078,0.03425167535368578,0.010424422933730455,0.028294862248696945,0.004467609828741623,0.023827252419955324,0.023827252419955324,0.018615040953090096,0.004467609828741623,0.007446016381236039,0.0037230081906180195,0.0052122114668652275,0.023827252419955324,0.0022338049143708115,0.024571854058078928,0.016381236038719285,0.012658227848101266,0.02531645569620253,0.04988830975428146,0.0052122114668652275,0.03276247207743857,0.02531645569620253,0.00967982129560685,0.0967982129560685,0.006701414743112435,0.04690990320178704,0.022338049143708117,0.03052866716306776,0.07446016381236038,0.06850335070737155,0.011913626209977662,0.03648548026805659,0.014892032762472078,0.0037230081906180195,0.045420699925539834,0.0022338049143708115,0.02084884586746091,0.0014892032762472078,0.014147431124348473,0.005956813104988831,0.004467609828741623,1.0,-0.011729050826716138,0.00047738486615280147,0.05516480531242985,-0.018544487200451838,0.023294025043987435,0.042171409782718564,0.0092564262369487,-0.020587510357932815,0.009266518664907098,-0.012667991126443442,-0.006875306429685318,0.0057637858777397615,0.010511675189655505,0.01941910750540812,-0.022070560073325307,0.03650671690081711,0.0186675873676624,-0.000808393660651348,-0.003159651117455919,-0.02857703180281502,0.07333635770401253,-0.025601591098737952,0.05718369126720454,0.009143102948218152,-0.023301758704335256,-0.011608960275838362,-0.04419443290161484,-0.025450461967251214,-0.0625543595541246,0.036548686987518446,-0.02747097797629265,0.022262104962200945,-0.006889229867551204,0.020730276758090412,0.020126851904914894,-0.019816306736308357,0.010824163721597961,0.010065862971231522,-0.028782296576446768,0.0006188078749169027,1.0,-0.011737790804977492,0.0003403680110183003,0.055305539834716366,-0.01735688647979873,0.02297493928761593,0.03999238540746007,0.012229956948986452,-0.023482108848448174,0.005224017868433013,-0.01286440082863585,-0.006461707368591733,0.0019008906865523082,0.012612719364998845,0.021617217070809186,-0.022165767103296628,0.036321045516186846,0.019086908629017834,0.0013058456997589829,-0.010231898541773444,-0.030821407094144326,0.07511370701465778,-0.02690710925419802,0.0582221848068428,0.003665237666147436,-0.01627373737895465,-0.020620855190401112,-0.04901075562438713,-0.02771106127534915,-0.0666915528623628,0.03556598376914026,-0.019513155176584886,0.03409788398255955,-0.008393159321985932,0.03231235251479002,0.016355770463460016,-0.0160893934681395,-0.003029538438482256,0.009210153744831072,-0.033153470815282055,-0.00513471176459972
3.5200489501833347,0.6663290422923926,0.8786299329858526,8.0,106.0,128.0,124.0,105.0,58.0,44.0,28.0,21.0,8.0,8.0,2.0,134.0,115.0,131.0,127.0,119.0,130.0,95.0,126.0,123.0,122.0,123.0,106.0,0.146875,0.403125,0.45,0.2687801516195727,0.3383873190902826,0.3928325292901447,0.010424422933730455,0.007446016381236039,0.011913626209977662,0.011169024571854059,0.011169024571854059,0.016381236038719285,0.0014892032762472078,0.012658227848101266,0.0037230081906180195,0.0022338049143708115,0.04244229337304542,0.004467609828741623,0.039463886820551006,0.006701414743112435,0.018615040953090096,0.018615040953090096,0.014147431124348473,0.0052122114668652275,0.008190618019359643,0.0052122114668652275,0.0029784065524944155,0.02308265078183172,0.004467609828741623,0.027550260610573342,0.011913626209977662,0.014147431124348473,0.028294862248696945,0.044676098287416234,0.0052122114668652275,0.03052866716306776,0.016381236038719285,0.014892032762472078,0.10349962769918093,0.004467609828741623,0.06254653760238273,0.034996276991809384,0.03201787043931496,0.05063291139240506,0.07073715562174236,0.01340282948622487,0.03276247207743857,0.021593447505584513,0.008935219657483246,0.035740878629932984,0.0037230081906180195,0.020104244229337303,0.0029784065524944155,0.012658227848101266,0.00967982129560685,0.0037230081906180195,1.0,-0.004227270983308485,-0.01680775801888339,-0.011688490919646539,-0.006776163984381492,0.004142409798600861,-0.0002951936083463809,0.038460568027975164,-0.001090013246914924,0.012071337147375514,-0.027554372973763154,0.020524538331723106,0.04147091514888177,0.03511138250612262,-0.02626678756865125,0.03683011636221655,0.006633603308496808,-0.01733818720202323,-0.002668002226644604,0.00327084220270691,-0.022261390835696955,0.006601811397767304,-0.025229949517582548,-0.02232407793230196,-0.043900175174354954,0.01083612121383674,-0.001563651737952894,0.014521502976774913,0.020020009917637544,0.052461599344408937,0.014123971197074137,-0.033837057032275096,-0.01958530620844386,0.014360425327596649,-0.012166620979668167,-0.0025863506351326104,-0.015772782749659937,-0.03373628058101958,-0.007988623906499239,0.0016018293791801874,0.03713060002112233,1.0,-0.004230420961686512,-0.01685102355300054,-0.011861936510673682,-0.007187011661963042,0.003698499789664539,-0.0006369264352747244,0.03864591986184295,-0.000718704836293024,0.013533050502738538,-0.026858873363325028,0.02147199914317824,0.041135347689936486,0.03632688109863754,-0.026433162593310508,0.039989820802655555,0.006361844710853757,-0.014448581282811764,-0.004334478441543575,0.0013916338303838463,-0.027571883052472358,0.008560608029189464,-0.0288668808921416,-0.022988764424252472,-0.05116023177823548,0.009917909383343798,-0.004776878614518007,0.01383488464065017,0.015824361169657665,0.061927849629714087,0.016382875615065684,-0.02693378394595183,-0.01788718130897618,0.018632146457059535,-0.01746636076784008,0.004457250026245951,-0.018421046230851,-0.033390851876580196,-0.010266560137077805,0.006439325992355243,0.030290770226926673
3.445201479678347,0.6077578529623767,0.8816083395383469,2.0,103.0,123.0,117.0,95.0,83.0,19.0,29.0,12.0,6.0,2.0,1.0,134.0,108.0,128.0,122.0,113.0,130.0,71.0,123.0,109.0,109.0,117.0,98.0,0.19256756756756757,0.3885135135135135,0.4189189189189189,0.2841409691629956,0.33259911894273125,0.3832599118942731,0.012658227848101266,0.004467609828741623,0.011169024571854059,0.011169024571854059,0.02084884586746091,0.012658227848101266,0.0014892032762472078,0.0052122114668652275,0.0014892032762472078,0.0014892032762472078,0.03723008190618019,0.00967982129560685,0.03276247207743857,0.0037230081906180195,0.020104244229337303,0.02680565897244974,0.012658227848101266,0.004467609828741623,0.005956813104988831,0.0029784065524944155,0.0029784065524944155,0.02084884586746091,0.0052122114668652275,0.03425167535368578,0.01340282948622487,0.011913626209977662,0.02680565897244974,0.04765450483991065,0.004467609828741623,0.03648548026805659,0.021593447505584513,0.011913626209977662,0.10052122114668652,0.0,0.05137751303052867,0.021593447505584513,0.034996276991809384,0.07297096053611318,0.07297096053611318,0.007446016381236039,0.04318689501116903,0.011913626209977662,0.008190618019359643,0.05286671630677588,0.0022338049143708115,0.018615040953090096,0.0037230081906180195,0.011169024571854059,0.005956813104988831,0.0037230081906180195,1.0,0.05310973783494158,0.03668155090831006,0.020651869509616293,0.015590019474534495,-0.003898318899526439,0.017264953756652834,-0.008115845888320034,-0.01231083283606292,0.016658404336156736,0.04119390376231389,-0.00703616834664544,0.05922079669601756,-0.017715509859414873,-0.01160883012273213,-0.0082137021860041,-0.011971780566566692,0.023602536337603106,0.028796192072666756,0.0014056510291365848,0.0009496669819665849,0.02503888919426144,0.008141039266605954,-0.027841681751649115,0.037838574076920296,0.0009097692931808793,0.01700155079417889,-0.0029731751886176916,0.028177931624008563,0.02559633966632344,0.02898311153042055,0.00878142252639212,-0.02791608853478923,-0.016149827096497264,-0.021341682292902682,-0.008903486061139377,0.0012903569222334004,-0.021032743262319898,0.017453384548599696,0.013615658650983945,0.014938720477406445,1.0,0.05314931290039234,0.03400747520130637,0.01707243973820822,0.012514852945695596,-0.006678990540602113,0.016639709064934602,-0.010077466310968026,-0.012670934365631251,0.01828890859691283,0.040619049313345035,-0.0116133295544664,0.05760650151144812,-0.02527119989231565,-0.013819353897259233,-0.007822230782811837,-0.012805033696165822,0.029312781942048678,0.026757614457635675,-0.002523967650733813,-0.0011217365908626677,0.022104956030584714,0.0008883807544174527,-0.028355772681953263,0.03739241472874045,0.0026732514765562903,0.018031193203104708,-0.009095726784002618,0.026745949546960808,0.022244938760946117,0.02039250458802388,0.0036142063292157424,-0.03046927783174067,-0.015147119278757837,-0.023107872052289587,-0.002141642068970062,-0.0014283948090346372,-0.017968965803413537,0.017366351775600433,0.0114187391284387,0.011036475179568352
3.465159185406929,0.5983533749897239,0.885331347728965,12.0,101.0,126.0,113.0,96.0,83.0,45.0,45.0,9.0,20.0,11.0,3.0,134.0,105.0,129.0,123.0,117.0,130.0,93.0,125.0,110.0,115.0,121.0,106.0,0.21084337349397592,0.35843373493975905,0.4307228915662651,0.2762784090909091,0.3302556818181818,0.3934659090909091,0.011913626209977662,0.005956813104988831,0.012658227848101266,0.014147431124348473,0.01340282948622487,0.01712583767684289,0.0014892032762472078,0.005956813104988831,0.0029784065524944155,0.004467609828741623,0.0379746835443038,0.0052122114668652275,0.04318689501116903,0.004467609828741623,0.02084884586746091,0.026061057334326135,0.02308265078183172,0.0007446016381236039,0.011169024571854059,0.005956813104988831,0.0022338049143708115,0.02308265078183172,0.0,0.029039463886820552,0.01340282948622487,0.011169024571854059,0.03052866716306776,0.04839910647803425,0.0052122114668652275,0.04616530156366344,0.029784065524944156,0.007446016381236039,0.10052122114668652,0.0029784065524944155,0.05063291139240506,0.026061057334326135,0.0379746835443038,0.05584512285927029,0.07446016381236038,0.007446016381236039,0.03201787043931496,0.021593447505584513,0.006701414743112435,0.03127326880119136,0.0029784065524944155,0.014892032762472078,0.0022338049143708115,0.011913626209977662,0.0029784065524944155,0.0022338049143708115,1.0,-0.05057318774127007,0.020716232050781477,-0.013917122971051275,0.033192002553158774,0.03709342260321201,-0.03173639125549483,-0.007816498934994226,-0.016640797202053862,-0.013013529313781745,0.02615346972258046,-0.000545613574275692,-0.011264565665122088,-0.0018024430114789026,0.05365170186786933,-0.06352658528443439,0.013888997556581824,-0.022166431193963592,0.03465162219711656,-0.006438506522868856,-0.014407818927169271,-0.042258341937978075,0.03243405235252626,0.022237546680491077,0.030780481253689963,-0.02242589519049214,-0.035519599692931565,0.04611152271401622,-0.04578300605378809,-0.01953515045642304,0.010101749807501555,0.03035707484022679,0.0302224886826571,-0.021254504366374445,-0.0012854467375164357,-0.0007482857068850381,0.02354378786565692,-0.006620546524936906,-0.025870237430845242,-0.06596678623301534,-0.008677634238888897,1.0,-0.05061087267997444,0.01823236980330833,-0.012029440322414011,0.03172281599848965,0.04109295460501336,-0.02953035609723001,-0.011646614546073419,-0.016770354892030954,-0.017862602310701702,0.026024610353874184,0.0053521784913079466,-0.011651656879253097,-0.0006873177326086612,0.053171979887181954,-0.06330614121494088,0.007591763139914096,-0.016667732135109293,0.027971750240583366,-0.001609111757472283,-0.010303243597349802,-0.04702949450705505,0.031091302785118458,0.023847334694339594,0.030000746267569114,-0.013585252672790605,-0.03746844643801573,0.03886582502673245,-0.04969371203971848,-0.022151037327708373,0.013751219308367545,0.04010447040548282,0.025596964554615447,-0.010920146049454843,-0.00886218823329844,0.00020429707312876716,0.01378562815381282,-0.006713353538666493,-0.025501090331453393,-0.0586226825209185,-0.015843264490526306
3.508931110367587,0.61389052861309,0.8883097542814594,8.0,107.0,122.0,115.0,98.0,86.0,21.0,43.0,14.0,19.0,9.0,13.0,134.0,108.0,127.0,117.0,121.0,125.0,101.0,122.0,111.0,117.0,113.0,117.0,0.20916030534351146,0.3755725190839695,0.4152671755725191,0.26963906581740976,0.329794762915782,0.4005661712668082,0.01340282948622487,0.00967982129560685,0.01340282948622487,0.017870439314966492,0.02084884586746091,0.01340282948622487,0.0029784065524944155,0.006701414743112435,0.004467609828741623,0.0014892032762472078,0.029039463886820552,0.01340282948622487,0.03425167535368578,0.008935219657483246,0.018615040953090096,0.02308265078183172,0.021593447505584513,0.0014892032762472078,0.00967982129560685,0.0,0.0052122114668652275,0.023827252419955324,0.0052122114668652275,0.029039463886820552,0.014147431124348473,0.00967982129560685,0.03350707371556218,0.03276247207743857,0.0007446016381236039,0.03723008190618019,0.029039463886820552,0.014892032762472078,0.11169024571854058,0.0029784065524944155,0.05063291139240506,0.02308265078183172,0.027550260610573342,0.0573343261355175,0.06552494415487714,0.011169024571854059,0.029039463886820552,0.018615040953090096,0.008190618019359643,0.049143708116157855,0.0029784065524944155,0.017870439314966492,0.004467609828741623,0.011913626209977662,0.006701414743112435,0.0014892032762472078,1.0,-0.025039682901500254,0.013834911843846763,0.0002886236769582143,-0.019380854023960854,0.06850946849698135,0.008119461513234142,0.010276710670590331,0.008738612709684354,0.003602621166318617,0.020249460100450922,5.5371043026868834e-05,-0.0479699131197766,-0.010646316024236248,0.008213966961575019,-0.03402095465616433,0.0036578522218742478,0.007077791791012971,-0.004143884644763176,-0.01142224140789002,0.031043855180759663,-0.020254625727267193,-0.002532973710532548,0.006498573350567327,0.006199828929631249,-0.020014034600076298,0.009334615303404223,0.029304546935548157,-0.037151615602058465,-0.041649943365888155,-0.04033213383797032,0.011899272956062572,-0.008055781445960504,-0.011812246034214978,0.0024436171225015743,0.015541981387821941,-0.001416415565998788,0.006594683314780039,7.871119012659075e-05,-0.024886138025363044,-0.004261082395820762,1.0,-0.025058341383543105,0.01323593621013043,0.000964316317581385,-0.019606914058713946,0.06786370447107773,0.012045311490248636,0.008993493568857217,0.008690417020621757,0.006395239641829062,0.01622101275555727,-0.00020515631251570246,-0.050302292364066324,-0.014462475352549253,0.008791864039524566,-0.036841070523029075,-0.0006920151455005888,0.014176690854796751,-0.001111179160857164,-0.013386128397198134,0.03696625215204665,-0.01727196540341366,-0.0034203434961530372,0.007929913858404433,0.006976829365877974,-0.02573558441169413,0.011064513981300463,0.0281416034504763,-0.03901244689781679,-0.045427242321032194,-0.04187622115654713,0.01070166670795006,-0.008248870741820744,-0.011481201656598291,0.0044815636286813475,0.02905904612772901,-0.000845537283648627,0.004627101631985552,0.006800825758418356,-0.018602836716757675,-0.01404622391369149
3.4747982111907594,0.6266923884829461,0.8808637379002234,6.0,100.0,120.0,116.0,90.0,94.0,16.0,48.0,29.0,8.0,3.0,1.0,134.0,109.0,125.0,121.0,121.0,123.0,93.0,122.0,117.0,117.0,115.0,100.0,0.23454833597464342,0.38510301109350237,0.3803486529318542,0.2712956335003579,0.34073013600572655,0.38797423049391555,0.012658227848101266,0.0022338049143708115,0.018615040953090096,0.01563663440059568,0.01340282948622487,0.01340282948622487,0.0014892032762472078,0.007446016381236039,0.0037230081906180195,0.0014892032762472078,0.034996276991809384,0.017870439314966492,0.04244229337304542,0.005956813104988831,0.01340282948622487,0.024571854058078928,0.018615040953090096,0.0029784065524944155,0.008935219657483246,0.0037230081906180195,0.0029784065524944155,0.03201787043931496,0.0014892032762472078,0.029784065524944156,0.010424422933730455,0.01563663440059568,0.03276247207743857,0.034996276991809384,0.0029784065524944155,0.04393149664929263,0.02084884586746091,0.010424422933730455,0.09456440804169769,0.0014892032762472078,0.06254653760238273,0.0193596425912137,0.03276247207743857,0.07073715562174236,0.06626954579300075,0.00967982129560685,0.026061057334326135,0.017870439314966492,0.0037230081906180195,0.049143708116157855,0.0052122114668652275,0.01712583767684289,0.0029784065524944155,0.006701414743112435,0.008190618019359643,0.0037230081906180195,1.0,0.04037836512237141,-0.000259665067851541,0.021747716398595338,0.003241741251300682,-0.04120889521177458,-0.026644029925282715,-0.0010520541290489995,0.04341197134358197,0.03512804501650424,-0.023429067855910393,-0.011835728636548859,0.03214785753062094,-0.017723667401664284,0.03552817114782883,0.04497655076036878,-0.007226801668970049,0.016827394644390026,0.033748694257347576,-0.039687222551678523,-0.01598648470312672,-0.023545729422038426,-0.05764751851955992,-0.01710838411970494,0.010469541155666715,-0.023832493270029932,-0.02638529792078118,-0.007968034332197593,-0.011336118324938582,0.030259004228734808,-0.036129579224734115,-0.0045049652994200795,0.026944623854694927,-0.0033649608540960167,-0.04203002099168411,0.011706893240808482,-0.05489110803348838,0.03589931012947958,-0.04456982430113051,0.028598275801161147,-0.008162077803143911,1.0,0.040408453322909696,-0.0018959912948994671,0.02191941726422585,0.001484778913500951,-0.04157635957012418,-0.02396518999284747,0.0007476237561393682,0.04562753458719875,0.03343494760198843,-0.027953271350473343,-0.014228380618630436,0.031066077236242294,-0.015832021815838877,0.04354392852490141,0.04111553292126943,-0.014806240066442908,0.015084858575274987,0.032259278381133696,-0.0378898077049651,-0.010719373808847424,-0.024589024310417092,-0.056319488674578116,-0.015048220456167641,0.010484450524755582,-0.02246098991515058,-0.03338171936877315,-0.012212515720178972,-0.008088272829544522,0.031289409235286524,-0.03795110124762652,0.002132802758348383,0.0169627614553255,-0.004848978069034013,-0.028770682750989464,0.015718949867019112,-0.056975901727624255,0.05295034436064649,-0.0486928039144746,0.03959565636068465,-0.009569634480489865
3.473443167801766,0.6391891459038068,0.8875651526433358,4.0,119.0,124.0,118.0,101.0,83.0,43.0,60.0,11.0,9.0,7.0,1.0,134.0,121.0,127.0,127.0,125.0,130.0,99.0,128.0,124.0,123.0,127.0,118.0,0.2161764705882353,0.3514705882352941,0.4323529411764706,0.2643290627107215,0.33648010788941335,0.39919082939986517,0.014147431124348473,0.007446016381236039,0.011913626209977662,0.01712583767684289,0.00967982129560685,0.011913626209977662,0.0014892032762472078,0.008190618019359643,0.0029784065524944155,0.0029784065524944155,0.04616530156366344,0.006701414743112435,0.03350707371556218,0.0052122114668652275,0.021593447505584513,0.02308265078183172,0.014147431124348473,0.0029784065524944155,0.010424422933730455,0.0037230081906180195,0.0037230081906180195,0.022338049143708117,0.0037230081906180195,0.029784065524944156,0.012658227848101266,0.01340282948622487,0.03350707371556218,0.04690990320178704,0.0037230081906180195,0.039463886820551006,0.02680565897244974,0.014147431124348473,0.10498883097542815,0.0014892032762472078,0.058078927773641105,0.02084884586746091,0.04318689501116903,0.06254653760238273,0.06031273268801191,0.014147431124348473,0.03350707371556218,0.01563663440059568,0.0014892032762472078,0.039463886820551006,0.0037230081906180195,0.01563663440059568,0.0022338049143708115,0.007446016381236039,0.007446016381236039,0.0022338049143708115,1.0,-0.02215766838890362,-0.01803796813204228,0.002866029940926939,0.01649821087590747,0.01602302346535238,-0.033286469327797365,-0.006495607242846517,-0.055273098049926375,-0.0178850187866559,0.0044511153680457565,-0.034605531588182956,0.020004481565814483,-0.012492057462796713,0.004888970842349978,0.014081546061916807,0.017484929879949034,-0.040827084155688184,-0.001414298857642056,0.013246369887244858,0.042937368371472495,-0.028535551320732495,-0.029290352565549176,-0.018872583663920327,-0.010514957851669,0.019379666840317007,-0.02006636053532239,0.0072364766477105175,-0.01725499027802848,0.0014442970911694004,0.033150141634983865,-0.015898900356556202,0.057159749743839076,-0.0190174761273529,0.03798674531519031,-0.0013789055425508488,0.012933360536036767,0.001392629275830407,0.0304206108790211,0.0021555137443230277,-0.042275297499900805,1.0,-0.022174179319148685,-0.018565693268927097,0.0020544747823781993,0.01633700090612217,0.01693366557056384,-0.03214121727074017,-0.007522025472670627,-0.057594145634442706,-0.021289181512461085,0.0023624440789022662,-0.033978010423280754,0.020002653718818025,-0.011120840924045593,0.002058777911665491,0.012841392488418655,0.015685489100388167,-0.04507181470839395,-0.0018309136034793082,0.0068158287228420305,0.04456161178487409,-0.025209982303819538,-0.028382078572575443,-0.02189394311230533,-0.014125797940462884,0.015503088486616919,-0.016667156294612993,0.009884567230193627,-0.01762881731887308,-0.00025514519790134085,0.02738797561929965,-0.01450481362805841,0.05450320606468552,-0.014353011518965694,0.034617569990833076,-0.003529474874729399,0.015883594006754216,0.002528889402335366,0.03992589549450819,-0.002763418621547391,-0.03765365659168869
3.4881551113642684,0.6181774028294256,0.8868205510052122,4.0,113.0,128.0,110.0,114.0,98.0,25.0,55.0,15.0,7.0,2.0,4.0,134.0,113.0,131.0,127.0,126.0,130.0,107.0,129.0,123.0,126.0,125.0,113.0,0.2325925925925926,0.36444444444444446,0.40296296296296297,0.26482479784366575,0.33827493261455527,0.396900269541779,0.01712583767684289,0.007446016381236039,0.00967982129560685,0.011913626209977662,0.01340282948622487,0.017870439314966492,0.0014892032762472078,0.008935219657483246,0.004467609828741623,0.0037230081906180195,0.04690990320178704,0.011913626209977662,0.03201787043931496,0.0022338049143708115,0.02680565897244974,0.024571854058078928,0.024571854058078928,0.0029784065524944155,0.012658227848101266,0.006701414743112435,0.0014892032762472078,0.021593447505584513,0.0029784065524944155,0.024571854058078928,0.02308265078183172,0.008935219657483246,0.0387192851824274,0.04095309009679821,0.0007446016381236039,0.03276247207743857,0.026061057334326135,0.014147431124348473,0.10424422933730454,0.0014892032762472078,0.04690990320178704,0.02531645569620253,0.028294862248696945,0.06254653760238273,0.06031273268801191,0.00967982129560685,0.03052866716306776,0.020104244229337303,0.00967982129560685,0.04839910647803425,0.0029784065524944155,0.00967982129560685,0.0029784065524944155,0.004467609828741623,0.008935219657483246,0.0,1.0,-0.023788151274434507,-0.01553508255247715,0.03368051428332215,-0.07383277828663697,0.0032022270047682906,-0.03680014562514923,-0.019363799015872738,0.027404618730351535,0.0012530106325304036,0.00802569766915635,0.014059393854854359,0.02088827035231594,-0.011358083598737297,-0.0457382482386189,0.0437073913990583,-0.008961454424746324,-0.01821607937062811,0.01914492091478927,0.006053569086350864,0.0100755644023588,0.00678363139660216,0.008957203906522247,-0.04235633348246187,-0.014710706913121084,0.035848774070675896,-0.049698298169238854,0.014837425670518501,-0.05523202521835867,-0.010477635229356496,0.05032386660582586,-0.027732899846529324,-0.020754938081145192,0.018983705732009838,-0.03336761131360208,-0.0050699476093535225,-0.013537307925010659,-0.0007908214105248562,0.011596739656481128,0.0065506380180053786,0.010852450696732763,1.0,-0.023805877169571926,-0.01613411526244797,0.03302278404372121,-0.0728468335929516,0.0009554843434168323,-0.04057788389493125,-0.016399965294339975,0.020085483799446153,0.004458586238109714,0.004585553208168796,0.010634356059578362,0.02388605198692949,-0.011568732127275817,-0.04469081296520247,0.0437334724158173,-0.0049312718008730355,-0.015239443824411681,0.011220185707854324,0.012526354112610863,0.006085427719549473,0.0062274546631415914,0.01442566591791418,-0.04614967327897878,-0.014960907490127991,0.03885063048501404,-0.04530324833550586,0.006671523507829304,-0.06239238646873599,-0.0036271604442883855,0.03501852601982345,-0.019068952345160522,-0.028166681254725615,0.010800255712785194,-0.028177092230286107,-0.008104041761667471,-0.014890778823223465,-0.0022033165160449133,0.008068669806899643,0.013227706602452254,0.002496738382115908
3.4947128845683313,0.6306403544787547,0.8823529411764706,0.0,110.0,123.0,110.0,103.0,72.0,31.0,25.0,21.0,18.0,9.0,2.0,134.0,111.0,127.0,123.0,115.0,124.0,107.0,115.0,112.0,113.0,113.0,108.0,0.15544871794871795,0.40384615384615385,0.4407051282051282,0.2660485021398003,0.3302425106990014,0.4037089871611983,0.018615040953090096,0.005956813104988831,0.011169024571854059,0.01340282948622487,0.0193596425912137,0.01712583767684289,0.0,0.008935219657483246,0.007446016381236039,0.0029784065524944155,0.03350707371556218,0.011169024571854059,0.039463886820551006,0.004467609828741623,0.01712583767684289,0.02531645569620253,0.01340282948622487,0.0029784065524944155,0.010424422933730455,0.0037230081906180195,0.0037230081906180195,0.024571854058078928,0.0029784065524944155,0.03127326880119136,0.01563663440059568,0.012658227848101266,0.029784065524944156,0.04318689501116903,0.0022338049143708115,0.029784065524944156,0.027550260610573342,0.01563663440059568,0.10424422933730454,0.0022338049143708115,0.05212211466865227,0.023827252419955324,0.03276247207743857,0.06552494415487714,0.06626954579300075,0.008935219657483246,0.03201787043931496,0.012658227848101266,0.011913626209977662,0.04690990320178704,0.0037230081906180195,0.012658227848101266,0.0022338049143708115,0.006701414743112435,0.008935219657483246,0.0007446016381236039,1.0,0.0696111149936243,0.04764209738692885,0.0009179621520764887,0.019497705327388964,-0.02498312285777932,0.028966326345367763,-0.06765550122922312,0.014263354737395742,0.00796448690246654,-0.021575021146135496,-0.044213468552884605,0.028234539010639385,0.011685487123274777,0.021015204731469454,-0.0074462962263550396,0.01759761845279476,0.007140528818222995,-0.03619144684426129,-3.921462488918433e-06,0.03017453997590537,-0.0004201527751617946,0.05311007527075001,0.020367152301214542,0.006117465758800258,0.05133516312768575,-0.06954506830452951,-0.04436165256209696,-0.013730399008066307,0.012243121894510945,0.013793306873029407,0.0075963515171458005,-0.03524936577487829,0.0041271643240654455,0.003980795358771394,-0.006130527165310811,0.008143751065420451,-0.0049353135848315645,0.00239385670485793,0.041752635060159554,0.0469442189978921,1.0,0.06966298616724102,0.04306923236796804,-0.005296479956263895,0.017912053542554835,-0.02755776875262073,0.03118315171902661,-0.07023775605210324,0.0210260582786571,0.012803994841826984,-0.027198817554727923,-0.03825253126834767,0.0316940939102122,0.0162683864774274,0.012100841599294457,-0.00922471856815203,0.017620211715617014,0.005653844379955953,-0.04704220631433888,0.012029741250172808,0.03358844733235055,-0.005544127815421075,0.05046261891092684,0.016955361742181863,0.002655129719293339,0.04620123849127129,-0.08367711115831047,-0.029949091043819983,-0.008318968898420522,0.016697136547388997,0.023290991914384607,0.000381067366034371,-0.027740245320384518,0.00187472744497924,0.0014887517804118347,-0.004610606373091653,0.008517287340346688,-0.017700919349098343,0.006134694358077656,0.04052698093305176,0.05455891377499049
3.528767540679644,0.6396347538644486,0.8912881608339538,3.0,114.0,122.0,125.0,98.0,85.0,23.0,22.0,40.0,8.0,10.0,3.0,134.0,115.0,127.0,126.0,124.0,128.0,111.0,129.0,125.0,123.0,125.0,121.0,0.16845329249617153,0.41500765696784075,0.4165390505359878,0.26276881720430106,0.3346774193548387,0.4025537634408602,0.024571854058078928,0.008935219657483246,0.014147431124348473,0.014147431124348473,0.014147431124348473,0.020104244229337303,0.0029784065524944155,0.010424422933730455,0.004467609828741623,0.0014892032762472078,0.0387192851824274,0.00967982129560685,0.027550260610573342,0.006701414743112435,0.02084884586746091,0.023827252419955324,0.020104244229337303,0.0037230081906180195,0.012658227848101266,0.008190618019359643,0.0029784065524944155,0.018615040953090096,0.004467609828741623,0.024571854058078928,0.014147431124348473,0.00967982129560685,0.03648548026805659,0.05063291139240506,0.0029784065524944155,0.03201787043931496,0.028294862248696945,0.014147431124348473,0.10573343261355175,0.0052122114668652275,0.05286671630677588,0.026061057334326135,0.03201787043931496,0.058823529411764705,0.06329113924050633,0.010424422933730455,0.0193596425912137,0.012658227848101266,0.00967982129560685,0.04169769173492182,0.0007446016381236039,0.01340282948622487,0.004467609828741623,0.005956813104988831,0.008190618019359643,0.0029784065524944155,1.0,-0.055168307544120804,-0.04170209373693002,-0.017494777937577352,0.04747563631956355,-0.021260788111772608,-0.021601069432032848,-0.03588069826010395,0.006228482345507174,0.032035327174623734,-0.0025008865847622854,0.024689973843892026,0.010554328373617552,-0.07408519320471918,-0.04028419512682155,0.0011554755337301104,-0.022221942082279234,0.013737950133534302,-0.03842303058302506,0.04542302552844557,-0.0243582604348127,0.043279907204788186,-0.0005264012423455625,-0.03245121838127574,-0.01454486582910143,-0.011724389321197452,0.021787436330835144,-0.023367817273582524,-0.03077590813560785,-0.004042195377617978,0.05280378776217012,0.04275555836019026,-0.02971639821772327,0.03731153149481765,-0.017004877670712057,-0.003072592771908001,0.005310218386228989,0.011821892433300448,0.011270638026567062,0.008752351769348474,-0.03793242103578977,1.0,-0.055209416566135795,-0.044949378217152565,-0.022539101028591624,0.043655253164470956,-0.01792517807206512,-0.020523365588521556,-0.03875272897996485,-0.002638466545777971,0.030576741986582803,0.0014444939143970319,0.030264840038811518,0.012781776710728143,-0.07636357103072546,-0.04823622600585156,-0.011003331878695805,-0.027111631266415186,0.017951347706601676,-0.037634947062978874,0.038478043715870124,-0.030713640802075243,0.037360023865177,0.01068696821290487,-0.03471009310939909,-0.008997987657375618,-0.017452163035045293,0.01637270974679558,-0.02386323720628159,-0.036754180444740485,-0.010951938790928461,0.040897321751690176,0.04613158161967592,-0.01630920507998209,0.04139048590479555,-0.01726519999513296,-0.0005261511359523635,0.0049307145583120555,0.0160700536730562,0.012384162010192426,0.014728757263470085,-0.04358244558815506
3.4674841890460013,0.6133473863308403,0.8830975428145942,2.0,98.0,111.0,109.0,80.0,74.0,24.0,41.0,4.0,12.0,13.0,11.0,134.0,103.0,123.0,118.0,115.0,127.0,61.0,122.0,97.0,99.0,105.0,94.0,0.20207253886010362,0.3540587219343696,0.4438687392055268,0.2950693374422188,0.3305084745762712,0.37442218798151,0.01340282948622487,0.004467609828741623,0.008190618019359643,0.007446016381236039,0.012658227848101266,0.010424422933730455,0.0029784065524944155,0.005956813104988831,0.0052122114668652275,0.0022338049143708115,0.04095309009679821,0.011169024571854059,0.03276247207743857,0.008190618019359643,0.016381236038719285,0.02531645569620253,0.014892032762472078,0.0037230081906180195,0.01563663440059568,0.004467609828741623,0.0022338049143708115,0.02531645569620253,0.005956813104988831,0.024571854058078928,0.01563663440059568,0.008935219657483246,0.03276247207743857,0.03648548026805659,0.0022338049143708115,0.029784065524944156,0.03127326880119136,0.010424422933730455,0.09828741623231571,0.0022338049143708115,0.055100521221146684,0.02084884586746091,0.05212211466865227,0.06552494415487714,0.06999255398361877,0.00967982129560685,0.04318689501116903,0.016381236038719285,0.006701414743112435,0.04988830975428146,0.0022338049143708115,0.018615040953090096,0.0014892032762472078,0.005956813104988831,0.007446016381236039,0.0022338049143708115,1.0,0.031244054113389395,0.06744836341522338,0.039787989396121846,0.03607133718783585,0.04657561847820179,0.04702944815512353,0.026244757955120983,0.022727301378696906,0.012453236292150062,0.04568889463289583,0.02698633849611441,0.019528543836313333,0.054292160893341414,0.049216583115798664,0.015210376986473435,-0.009840518280726155,0.01884823675385854,0.05035820127317935,0.022211758745737838,0.022026053765250547,0.02142126563914834,0.039989626782978065,0.006538606632919717,0.03836953493921735,0.024993822937313035,0.012671639715645226,0.008784308007670225,0.022764339700200992,0.06757829752712759,0.006339876314795578,-0.016312635213000897,0.015835703366603848,0.046037110927857054,-0.007950812275834676,0.02372575335271577,0.04281378815984586,-0.010592904091453453,0.04037517541327123,0.009048426174305832,-0.01656195840981563,1.0,0.031267335822862855,0.06663645814068944,0.03601717478573819,0.02975412375371747,0.04027791142122007,0.039707081032320804,0.016544687578712095,0.012481850888554611,0.0034656680818132344,0.03807244015638914,0.01860200652183018,0.008710945629660844,0.045822211026373634,0.04039433165276445,0.0010432774749567235,-0.025391262121772257,0.009035411229008588,0.043562040724230235,0.01103762493985091,0.008313224188903769,0.012151775349284131,0.0328720863217282,-0.007242241788852394,0.02312878872027139,0.014492783352352434,0.0009961892371421754,-0.004985459054679076,0.010414079502984251,0.06304683359862125,-0.004638432249828565,-0.036395499772295094,0.0016943163031897103,0.04266692128002936,-0.019640633733207687,0.0071452034173874815,0.03715720553535291,-0.019669488085169787,0.028695742271932802,-0.005187279435835999,-0.028936730422771985
3.418203859013928,0.6394730646858084,0.8734177215189873,6.0,94.0,120.0,113.0,100.0,98.0,19.0,33.0,11.0,24.0,10.0,1.0,134.0,99.0,125.0,121.0,125.0,119.0,69.0,120.0,113.0,110.0,113.0,94.0,0.2178060413354531,0.3942766295707472,0.38791732909379967,0.2779433681073025,0.349478390461997,0.37257824143070045,0.010424422933730455,0.0029784065524944155,0.011913626209977662,0.007446016381236039,0.007446016381236039,0.01563663440059568,0.0,0.007446016381236039,0.0037230081906180195,0.0014892032762472078,0.040208488458674606,0.014147431124348473,0.0379746835443038,0.006701414743112435,0.01563663440059568,0.02308265078183172,0.020104244229337303,0.0037230081906180195,0.011913626209977662,0.0029784065524944155,0.0007446016381236039,0.021593447505584513,0.0022338049143708115,0.02531645569620253,0.01563663440059568,0.010424422933730455,0.02308265078183172,0.05137751303052867,0.006701414743112435,0.034996276991809384,0.022338049143708117,0.01340282948622487,0.114668652271035,0.0014892032762472078,0.06626954579300075,0.01712583767684289,0.03425167535368578,0.06775874906924795,0.06180193596425912,0.006701414743112435,0.04690990320178704,0.016381236038719285,0.007446016381236039,0.04616530156366344,0.0029784065524944155,0.018615040953090096,0.0014892032762472078,0.011169024571854059,0.0037230081906180195,0.0022338049143708115,1.0,0.027740471825207242,0.04150380438239675,0.01170445809127727,-0.03571586023932689,0.04250673315033563,0.021475275579745812,0.00860889743604973,-0.008132097122447597,-0.01952626172297303,0.0063709291268027055,-0.004968269816557796,0.01192864607472128,0.004997977964283251,0.012314910337313271,0.015930109530290133,-0.007174734895085333,0.010903142997292779,0.02182963598782042,0.011494332371071624,0.02626984700461973,0.006940795663763985,-0.006532248016903107,0.015123953252589006,-0.01190913774922531,0.002332966615763145,-0.009122964652899995,0.04004910201966367,-0.004876340390260733,-0.006417656365137592,-0.01711164737060916,0.00024547694063935244,0.0033191293585564476,0.003919494140992631,-0.018914298112161627,0.002861810623249304,-0.017224670344654584,0.05064207004521756,0.030315269995914513,-0.01907679062489234,-0.012413830379149147,1.0,0.02776114281762544,0.04082648731481221,0.009513647993749284,-0.03817737562925227,0.043922019439922313,0.02230356290417567,0.0046371999502818635,-0.012781141574477572,-0.016943171993810166,0.008057925535452851,-0.005009863487114691,0.0102697693109015,0.003900078149661801,0.013973118141131335,0.014859442295037719,-0.008266926932540192,0.009073868299820391,0.022109906927383523,0.009762606259695364,0.021610083906574422,0.005543549915535043,-0.008046131234404005,0.014392304360090988,-0.01251404419042572,-0.0006325308843528916,-0.01022396623604826,0.043529107986674885,-0.007882293227484426,-0.008599809437291384,-0.01879889131952562,0.00612429718960245,0.00037621279216550215,0.0004438865698887223,-0.02154949496726776,0.005113611969871428,-0.014076712507453936,0.05181010096282717,0.026455034761529564,-0.02511080101570065,-0.01655373691800909
3.5289253151386597,0.6504327876080251,0.8860759493670886,0.0,113.0,122.0,123.0,110.0,81.0,41.0,16.0,5.0,7.0,17.0,1.0,134.0,113.0,127.0,125.0,122.0,128.0,111.0,125.0,113.0,113.0,123.0,112.0,0.15251572327044025,0.38522012578616355,0.46226415094339623,0.2676348547717842,0.32710926694329184,0.40525587828492393,0.014892032762472078,0.005956813104988831,0.016381236038719285,0.01340282948622487,0.017870439314966492,0.0193596425912137,0.0,0.007446016381236039,0.004467609828741623,0.004467609828741623,0.044676098287416234,0.011169024571854059,0.03127326880119136,0.007446016381236039,0.017870439314966492,0.02308265078183172,0.020104244229337303,0.0022338049143708115,0.008935219657483246,0.0037230081906180195,0.004467609828741623,0.02531645569620253,0.0022338049143708115,0.03350707371556218,0.01340282948622487,0.008190618019359643,0.028294862248696945,0.039463886820551006,0.004467609828741623,0.029039463886820552,0.027550260610573342,0.020104244229337303,0.09158600148920328,0.0052122114668652275,0.04244229337304542,0.023827252419955324,0.03276247207743857,0.055100521221146684,0.07520476545048399,0.00967982129560685,0.027550260610573342,0.021593447505584513,0.008190618019359643,0.055100521221146684,0.0037230081906180195,0.01712583767684289,0.0037230081906180195,0.00967982129560685,0.0052122114668652275,0.0014892032762472078,1.0,0.03755122675288869,0.041371467066894305,-0.018928404816969564,-0.0177501329380001,0.030717544741583544,0.04332011682096349,0.03363846185621221,-0.0028038664177206965,0.010682092953833803,-0.03876539420251505,-0.034175451677713756,0.032582696454178585,0.0042078416291290765,0.00033040850989576225,-0.008786547435524865,0.00124851191083488,0.020362682557393725,-0.03583926103714157,0.019401242759151817,-0.003952675157074448,0.049157355170294306,-0.04845577491059476,-0.006145190398786998,0.011322058161186869,-0.01630356220594934,0.02212590752217573,0.026460464251190585,0.008101577212999053,0.012357608897971785,-0.055084226265083365,-0.025138795733114318,0.012195000772489983,0.002402482175257601,0.002520704866257047,-0.030080461377894722,-0.01817687372273929,-0.016605385819653137,-0.02049856602446087,-0.0107890194565527,0.027605682182192823,1.0,0.03757920829294302,0.04007757000265671,-0.022037958666664508,-0.018030490217310177,0.03396552414188782,0.04242300296843689,0.027390385093698188,-0.007750966421640715,0.011539762472497458,-0.03776008734821288,-0.03470034650201134,0.03541880229290559,0.0015360521061646886,-0.006897030125073019,-0.007235212709782026,0.00826859921472295,0.024429543851669542,-0.04080046479224498,0.019160531109725775,-0.0005598854339632968,0.04538956473935116,-0.054153824205365964,-0.003134262041722237,0.01835263900699482,-0.018081669184147907,0.015761277745849716,0.031194658485716516,0.004485876473176504,0.009615277409905003,-0.05548246178095884,-0.01757042175524675,0.017543946341982215,-0.011206313580073478,0.0004933018272731866,-0.027070303752693998,-0.014119024616867218,-0.005339122338983129,-0.022131395039406355,-0.0034022616782711968,0.023479721768538485
3.52913369791354,0.6448201189777778,0.8883097542814594,2.0,121.0,128.0,114.0,95.0,86.0,27.0,48.0,18.0,9.0,20.0,4.0,134.0,123.0,131.0,126.0,125.0,130.0,113.0,129.0,119.0,123.0,121.0,114.0,0.20238095238095238,0.35119047619047616,0.44642857142857145,0.26411290322580644,0.33131720430107525,0.40456989247311825,0.014147431124348473,0.00967982129560685,0.014892032762472078,0.014892032762472078,0.014147431124348473,0.016381236038719285,0.0014892032762472078,0.00967982129560685,0.0022338049143708115,0.004467609828741623,0.0379746835443038,0.014147431124348473,0.040208488458674606,0.0052122114668652275,0.012658227848101266,0.028294862248696945,0.0193596425912137,0.0022338049143708115,0.00967982129560685,0.004467609828741623,0.0022338049143708115,0.03350707371556218,0.0022338049143708115,0.02680565897244974,0.012658227848101266,0.010424422933730455,0.026061057334326135,0.03723008190618019,0.0037230081906180195,0.03276247207743857,0.026061057334326135,0.01340282948622487,0.0967982129560685,0.005956813104988831,0.05137751303052867,0.023827252419955324,0.03127326880119136,0.0573343261355175,0.06924795234549516,0.00967982129560685,0.03127326880119136,0.018615040953090096,0.008190618019359643,0.045420699925539834,0.006701414743112435,0.020104244229337303,0.0014892032762472078,0.00967982129560685,0.008190618019359643,0.0014892032762472078,1.0,-0.051333032533586356,0.02095339111699126,0.005977779534479595,0.0063180997096181244,0.011042734949294017,-0.046385957790946,0.03816166869065638,0.012636025791133133,0.011422345505034372,0.05888803279292316,-0.009439365433477016,0.030627591414999406,-0.012628588759499881,0.007157022731156212,-0.0069143336901342075,-0.07213789228093208,0.022457361026001543,-0.04174177728718454,0.00020690596103227778,-0.04086162377737601,0.05474322486096185,-0.03602558544136204,0.036226098119576375,-0.0030072375507365083,-0.0010479481719625407,0.01832794440227807,-0.03547383089119724,0.02038271228652926,0.029284339060370854,0.018811937279832356,0.0063464787598116615,-0.03200815691226239,-0.056320663148856774,-0.0213838264130032,0.001775405166132744,0.04998683094466745,-0.08322443447547183,0.054409397103436126,-0.040807313768601514,0.02034780929503034,1.0,-0.05137128367556368,0.018394175117163538,0.008018139599897736,0.006677696151867238,0.011496115244829502,-0.04590806188150633,0.03333805501388575,0.01800915431571085,0.012176101259086495,0.06031784517933437,-0.003936524172830596,0.024988350739845816,-0.007779651758052296,0.0041743054053480335,-0.007327513221016829,-0.0707522543097974,0.010485273148745101,-0.037666318478085846,-0.007783597604726865,-0.042887696231161884,0.05292621282652127,-0.0390449224051312,0.04194350221045176,-0.0018099220357185937,0.003761650426871532,0.02420343856927245,-0.02832674217920535,0.020690572447856867,0.0361001579352282,0.027301839150586232,-0.0011828872310330016,-0.030826328318373612,-0.07542633133112067,-0.027862224759129355,-0.001026033248636684,0.04715510221426899,-0.07300460925535723,0.032220744340227016,-0.03324268822764841,0.012313061772927372
3.539517508640438,0.6436555458754356,0.8912881608339538,12.0,113.0,126.0,124.0,101.0,75.0,34.0,36.0,9.0,25.0,8.0,4.0,134.0,113.0,129.0,127.0,120.0,128.0,107.0,125.0,111.0,111.0,117.0,111.0,0.18440779610194902,0.38830584707646176,0.4272863568215892,0.270062805303559,0.3272854152128402,0.4026517794836008,0.0193596425912137,0.008935219657483246,0.01563663440059568,0.014892032762472078,0.00967982129560685,0.011913626209977662,0.0014892032762472078,0.008190618019359643,0.0022338049143708115,0.004467609828741623,0.04169769173492182,0.008935219657483246,0.039463886820551006,0.008935219657483246,0.017870439314966492,0.02531645569620253,0.01712583767684289,0.0007446016381236039,0.008190618019359643,0.006701414743112435,0.005956813104988831,0.024571854058078928,0.005956813104988831,0.017870439314966492,0.012658227848101266,0.00967982129560685,0.017870439314966492,0.04169769173492182,0.005956813104988831,0.03648548026805659,0.02531645569620253,0.014892032762472078,0.08860759493670886,0.004467609828741623,0.049143708116157855,0.03127326880119136,0.039463886820551006,0.049143708116157855,0.07148175725986597,0.011913626209977662,0.04765450483991065,0.017870439314966492,0.006701414743112435,0.04690990320178704,0.004467609828741623,0.011913626209977662,0.0029784065524944155,0.011169024571854059,0.012658227848101266,0.0014892032762472078,1.0,0.052626910442934084,0.028717350420912977,0.006264356533706485,0.00818504078012212,0.026674792375478977,0.04609599821912902,0.007828661378363423,0.015475825475627054,0.0341498648546772,-0.010504757869766474,0.019327530486965692,0.02600013012734959,0.03911951328269606,0.008826793521439034,-0.04719232253909849,0.003994534919111883,-0.012085828898020326,-0.0015307587902580906,0.046462600026871075,-0.0041080708826187915,0.03979830471781435,0.007172187410815464,0.02488156050774188,-0.002580495581354937,-0.017459622739277925,0.01691573923936941,0.04015896639134371,0.010206173496519552,0.0067528546382915385,-0.04188562912364223,0.021612066042700395,0.015381520511767124,0.012050308669084199,-0.002877006369637078,0.03056072357381683,-0.01658256145437008,0.00840807358165815,0.03834368699588944,-0.04146591782851667,0.010520302964463274,1.0,0.05266612572642361,0.02605873904290408,0.003442632123485094,0.0069865205066487164,0.025826962218261043,0.04336982517555898,0.001881173512518582,0.012488543247427134,0.032239989539228804,-0.015951982534928386,0.016804501633368298,0.022746186105313534,0.035072387035251874,0.00122385281140434,-0.05329880883157232,0.008378864724176942,-0.014175476124841574,-0.005186621412672816,0.045995193051647815,-0.009002801287350325,0.04146389957141755,0.0014127782850571458,0.025048903804951207,-0.0055486431990490435,-0.026933772852480643,0.01984137620819713,0.037288717117955394,0.005008972024755867,0.004273045753432646,-0.05010122157639539,0.027430388877195715,0.004950759523178183,0.005809465334213202,-0.003120520154607665,0.026718228553394258,-0.01471498821049195,0.007550288406635778,0.04066038791668833,-0.04886552569910795,0.00022746041628326922
3.4955409207181996,0.6541464349784333,0.8875651526433358,9.0,120.0,126.0,126.0,93.0,80.0,23.0,40.0,8.0,9.0,11.0,2.0,134.0,120.0,129.0,127.0,123.0,130.0,113.0,125.0,125.0,119.0,121.0,119.0,0.19938176197836166,0.36476043276661513,0.43585780525502316,0.26195286195286194,0.33265993265993266,0.4053872053872054,0.014147431124348473,0.008190618019359643,0.014147431124348473,0.01563663440059568,0.014147431124348473,0.012658227848101266,0.0007446016381236039,0.0022338049143708115,0.006701414743112435,0.0052122114668652275,0.03201787043931496,0.011913626209977662,0.028294862248696945,0.0014892032762472078,0.01563663440059568,0.018615040953090096,0.017870439314966492,0.0029784065524944155,0.004467609828741623,0.0037230081906180195,0.0022338049143708115,0.01563663440059568,0.0022338049143708115,0.02308265078183172,0.01712583767684289,0.011169024571854059,0.028294862248696945,0.04616530156366344,0.0029784065524944155,0.03127326880119136,0.020104244229337303,0.016381236038719285,0.0960536113179449,0.0052122114668652275,0.07148175725986597,0.03052866716306776,0.039463886820551006,0.06626954579300075,0.06105733432613552,0.01340282948622487,0.04169769173492182,0.02680565897244974,0.007446016381236039,0.04318689501116903,0.005956813104988831,0.0193596425912137,0.004467609828741623,0.010424422933730455,0.006701414743112435,0.0029784065524944155,1.0,0.02135356495320035,0.033079276563805535,0.038290291167831995,0.01710480752552791,0.01900079034586071,0.02583794052638502,-0.007476925252505222,-0.0003013960160469109,0.024875122046979028,0.01219403064709694,-0.03945495921853295,-0.010171755022111347,0.012852100894381524,-0.014627119577810349,0.0039681232913270905,0.005412024949600056,-0.022227633683781948,-0.0034116688534861638,-0.000396812109004937,0.004749340681164408,0.015056619281361226,-0.0019270325005999905,-0.030419343930249972,-0.005340976774736046,-0.030651412795311937,-0.017655401587017335,0.02382042486179881,0.005862361605970231,0.040888019971128224,0.010742150692326523,0.01854374394289344,0.01809900872395069,-0.03658634350889267,0.008651208549786397,0.004017089759100543,-0.02738519848155004,0.01120559659818965,-0.021840806383577677,0.01709008412554867,0.048283053084498345,1.0,0.02136947670055743,0.03268688388032268,0.0370491985586246,0.01460216304030505,0.01606000354533108,0.022936831061843355,-0.010753024952929024,-0.0030399948570165873,0.023434408547201118,0.011157827109130068,-0.04235798001217036,-0.011504920837789359,0.015038706173681207,-0.0129239807609135,0.003996364401255977,0.006926794958146044,-0.019862988407422767,-0.004321926756520087,-0.0005299089824630595,0.00914222340350732,0.016934031361101068,-0.004524734595893882,-0.03186149807493573,-0.0044851059927388534,-0.031068700320230694,-0.014539220612741075,0.02970063974603418,0.008326785879467006,0.0426904605788183,0.00806499029739651,0.01644879706217963,0.016664505026696044,-0.04250764304784714,0.004664263554450289,0.003310715298696579,-0.030342989658783855,0.008427583815565395,-0.0194134410539709,0.02180093372622059,0.050719954246586596
3.4878386894298434,0.635032196349712,0.8756515264333582,5.0,110.0,117.0,113.0,102.0,66.0,26.0,26.0,5.0,2.0,5.0,4.0,134.0,110.0,125.0,120.0,115.0,122.0,101.0,117.0,111.0,110.0,110.0,110.0,0.16695352839931152,0.38209982788296043,0.4509466437177281,0.26931407942238267,0.3292418772563177,0.4014440433212996,0.011169024571854059,0.0052122114668652275,0.01340282948622487,0.018615040953090096,0.011913626209977662,0.010424422933730455,0.0022338049143708115,0.006701414743112435,0.006701414743112435,0.004467609828741623,0.03648548026805659,0.010424422933730455,0.03276247207743857,0.004467609828741623,0.018615040953090096,0.029039463886820552,0.018615040953090096,0.0007446016381236039,0.008935219657483246,0.0052122114668652275,0.0052122114668652275,0.022338049143708117,0.0007446016381236039,0.026061057334326135,0.008935219657483246,0.010424422933730455,0.03052866716306776,0.03723008190618019,0.005956813104988831,0.034996276991809384,0.029039463886820552,0.01340282948622487,0.10052122114668652,0.0052122114668652275,0.045420699925539834,0.018615040953090096,0.03201787043931496,0.07967237527922562,0.06180193596425912,0.008935219657483246,0.0387192851824274,0.01712583767684289,0.00967982129560685,0.06031273268801191,0.0037230081906180195,0.014892032762472078,0.0037230081906180195,0.008190618019359643,0.00967982129560685,0.0007446016381236039,1.0,0.016063756423763238,0.06317348625607982,0.06555031580494308,-0.003629488365123578,-0.00020320464269203383,0.028566798249714007,0.02230044042037718,-0.01556411800013841,0.020387494620525,-0.03446529544082216,-0.00250747026663112,0.011869640934701293,0.013590208329985452,-0.009677757021650817,-0.007981163601843647,0.028463453165658733,0.012073596180957507,0.016371555679599695,0.013281116629724787,-0.04152682506645564,0.02475076452512933,0.023226918670302965,-0.008675900697157275,0.04640573912833683,-0.016756718630334323,0.022899861365260912,-0.0007968456141694987,-0.007885965873777332,0.019609202581743663,-0.010736322348029804,0.035124496027849755,-0.009904213043682658,-0.0031076261363450603,-0.021193554605837016,0.04799609127913175,-0.043876979593637296,-0.02865117690991929,0.041483205115174206,-0.01402649069640914,0.0063673111763285165,1.0,0.016075726436001504,0.0630255633808846,0.06400161868379042,-0.009398340660241061,-0.008251192452132855,0.02561985953210487,0.023381343943817422,-0.01927178184302706,0.01464478993811445,-0.03578387698104185,-0.001048676294444878,0.013576697795042522,0.017259024384164268,-0.011697403898842697,-0.012074670673883448,0.02977082918072518,0.017120907550783514,0.01186116635126685,0.0070915875403286185,-0.047267595532129045,0.024949784562191105,0.027243981644149096,-0.007587947961700711,0.03984961786560533,-0.023949154401292083,0.024475598289399787,-0.0016821842599054485,-0.011652294244172624,0.01895406498669772,-0.016122395609471058,0.036098931268320186,-0.008226609494612088,-0.009131987891732201,-0.023080611412596548,0.04816929388230517,-0.03973295458883729,-0.03342122809744312,0.04032929361831909,-0.0026494316638590804,-0.00036704156155671077
3.4753154604368386,0.624804064942639,0.8845867460908414,10.0,108.0,118.0,112.0,90.0,71.0,36.0,33.0,17.0,14.0,9.0,12.0,134.0,111.0,125.0,122.0,113.0,122.0,95.0,116.0,115.0,115.0,113.0,105.0,0.18095238095238095,0.36984126984126986,0.4492063492063492,0.2683982683982684,0.3354978354978355,0.3961038961038961,0.012658227848101266,0.008190618019359643,0.012658227848101266,0.00967982129560685,0.01712583767684289,0.00967982129560685,0.0022338049143708115,0.011169024571854059,0.0052122114668652275,0.0052122114668652275,0.039463886820551006,0.007446016381236039,0.040208488458674606,0.0037230081906180195,0.0193596425912137,0.020104244229337303,0.02531645569620253,0.0022338049143708115,0.011913626209977662,0.0052122114668652275,0.0029784065524944155,0.02531645569620253,0.0014892032762472078,0.03276247207743857,0.008190618019359643,0.012658227848101266,0.01712583767684289,0.04318689501116903,0.0022338049143708115,0.03648548026805659,0.02680565897244974,0.010424422933730455,0.10201042442293373,0.0037230081906180195,0.055100521221146684,0.028294862248696945,0.03723008190618019,0.06403574087862993,0.06999255398361877,0.010424422933730455,0.029784065524944156,0.020104244229337303,0.004467609828741623,0.04839910647803425,0.0037230081906180195,0.016381236038719285,0.0022338049143708115,0.008935219657483246,0.005956813104988831,0.0007446016381236039,1.0,-0.041901152712340066,-0.037246066481423284,0.01658436708031961,-0.01932847231238269,-0.01270459768782457,0.03982420541873707,-0.012859122468279733,0.001633128849143427,0.03445324820545796,0.0049205301543864205,0.04529973974873841,0.018574579526362295,0.013675044507813938,-0.014352736637068849,-0.0029638800994866875,-0.02281316401892909,-0.04941477647492371,0.01662368817122868,0.00893124381442927,0.003163433860501077,0.022009049722446904,-0.024546361081906967,0.002187597208990021,0.01570533293791712,-0.0027331084712515206,0.010883621860358482,-0.0021391527328436053,0.013793759374334419,0.007158977731507231,0.023377457207561955,-0.007924183356852733,-0.008023183898380372,-0.016230879783835764,-0.05610438949146081,0.0391531740337745,-0.0067058339810897385,-0.006336708386707705,0.029149488360344724,0.015477227850962469,-0.0323559900629033,1.0,-0.04193237562792305,-0.039128741306085575,0.01339942652817016,-0.01961457020313853,-0.013333776657798762,0.03733361121436665,-0.010104703766010045,0.0035964324232134466,0.03267047093312348,0.009671158360772994,0.0495982460595246,0.02104293687655636,0.02135694241405662,-0.011932150109359572,-0.003888064845414177,-0.023071595536236236,-0.05524147059967979,0.008661271316387324,0.004261311807866877,0.0030082825318031585,0.018472089250592075,-0.0261544538336858,0.004554778762908496,0.010896879719328022,0.002636882535449922,0.016481225771559294,-0.00036936824069850764,0.023658582743682797,0.009054427773403706,0.02463392778305697,-0.006636694336877524,-0.011026259823644899,-0.0193777117394324,-0.06396809116496817,0.034787874827355195,-0.011219942815904464,-0.00508910300545613,0.026648315402587504,0.012469465618145499,-0.024439445392150115
3.528413177897587,0.6562741318303089,0.8905435591958303,6.0,109.0,125.0,98.0,95.0,74.0,18.0,42.0,16.0,13.0,35.0,19.0,134.0,110.0,127.0,125.0,119.0,130.0,109.0,127.0,123.0,121.0,127.0,115.0,0.18769230769230769,0.3415384615384615,0.4707692307692308,0.2665303340149966,0.332651670074983,0.40081799591002043,0.01340282948622487,0.008935219657483246,0.014892032762472078,0.01563663440059568,0.012658227848101266,0.008935219657483246,0.0014892032762472078,0.008935219657483246,0.0029784065524944155,0.0022338049143708115,0.04616530156366344,0.011913626209977662,0.03127326880119136,0.006701414743112435,0.017870439314966492,0.018615040953090096,0.02084884586746091,0.0037230081906180195,0.010424422933730455,0.0029784065524944155,0.004467609828741623,0.024571854058078928,0.0029784065524944155,0.02680565897244974,0.02084884586746091,0.00967982129560685,0.03127326880119136,0.04244229337304542,0.0052122114668652275,0.034996276991809384,0.03425167535368578,0.011913626209977662,0.08562918838421445,0.0007446016381236039,0.04169769173492182,0.029784065524944156,0.040208488458674606,0.04765450483991065,0.07371556217423679,0.0052122114668652275,0.03350707371556218,0.020104244229337303,0.010424422933730455,0.04988830975428146,0.0022338049143708115,0.02680565897244974,0.0052122114668652275,0.005956813104988831,0.008935219657483246,0.0022338049143708115,1.0,-0.013301212594435006,-0.003361496361479109,0.006864359695847443,-0.026361189391191874,0.035389878056701185,-0.028114905110022567,-0.03214261098629933,0.000403162539856553,-0.008944534283451582,-0.05179741607426674,0.024338056070511944,-0.0022809771616331973,0.021062996826232604,0.028715610886796524,-0.003112178908138862,0.04615593189327711,-0.0015336291894541803,-0.004409047133927798,-0.055830873351415414,-0.013909376448444526,-0.025401228232159876,0.020346134840501854,-0.02311465696332259,0.016970301773659255,-0.01419146837592736,-0.02492181019193374,0.03569230832754365,-0.08278657599043442,0.003060297713617237,3.3659902671958784e-05,-0.06574472250111793,-0.017943358070842047,-0.04177308460122286,0.02349388465665959,0.02674041138701442,0.026866169389436593,0.014959469705895132,0.03228314800437212,0.0010407564314298253,-0.024571455130797868,1.0,-0.01331112407922967,-0.003544323807768132,0.006788866033986287,-0.02627565807387301,0.03490291089582532,-0.027632665099267522,-0.03245932475279781,-0.0017418146429888997,-0.007084731334532221,-0.05488141490323026,0.02360604657011094,-0.0005822856252251518,0.01989294187262734,0.026141027732781798,0.0022575669204951496,0.04162634727410273,-0.0016237956230173796,-0.0029674833468438847,-0.059490397710564934,-0.013022925217151822,-0.026128461940105097,0.022916742085434674,-0.020707952702744205,0.023083533281656486,-0.019020276052471474,-0.022450050985997762,0.027385381281960757,-0.08514638216680294,-0.008203316544084108,-0.003623778570207916,-0.06581013477448874,-0.025644971780401024,-0.03772613048387998,0.02605771466181934,0.02275342118763189,0.0327864966126335,0.01795353862670165,0.017339021003831948,0.0029609315000501,-0.033940962012071994
3.480633521361089,0.6066194549215107,0.8860759493670886,6.0,109.0,116.0,114.0,89.0,69.0,28.0,13.0,4.0,32.0,9.0,1.0,134.0,111.0,122.0,122.0,116.0,124.0,109.0,125.0,113.0,113.0,117.0,109.0,0.14915254237288136,0.40508474576271186,0.4457627118644068,0.2706713780918728,0.32791519434628974,0.40141342756183745,0.02084884586746091,0.007446016381236039,0.00967982129560685,0.014147431124348473,0.011169024571854059,0.014892032762472078,0.0007446016381236039,0.012658227848101266,0.0052122114668652275,0.0029784065524944155,0.029784065524944156,0.00967982129560685,0.03052866716306776,0.0052122114668652275,0.022338049143708117,0.02308265078183172,0.01563663440059568,0.0014892032762472078,0.007446016381236039,0.0014892032762472078,0.005956813104988831,0.022338049143708117,0.0014892032762472078,0.024571854058078928,0.014892032762472078,0.01563663440059568,0.023827252419955324,0.0573343261355175,0.0029784065524944155,0.03350707371556218,0.029784065524944156,0.014892032762472078,0.0953090096798213,0.0037230081906180195,0.05584512285927029,0.029784065524944156,0.04095309009679821,0.058823529411764705,0.08413998510796723,0.008190618019359643,0.029784065524944156,0.017870439314966492,0.008935219657483246,0.0379746835443038,0.0037230081906180195,0.012658227848101266,0.0037230081906180195,0.008190618019359643,0.006701414743112435,0.0,1.0,0.007845060012150021,0.010301863492036678,0.025689529390559143,0.014659469062325091,0.055663456207099477,-0.011168321596639979,0.03790626502483195,0.03559935173786642,0.04249879454953643,-0.03392283816113465,0.018718575839191814,0.03546229429390847,0.018500840380059096,0.011270544135487868,-0.028411662407418225,0.03239281406776333,-0.058964787970107534,0.010487074760123014,-0.00699961854029817,0.03715287373073561,0.009930306148295267,-0.012039352125559883,0.011519607808302424,0.015114198630820046,-0.005036567337953745,0.04732889842386582,0.00830821311954087,-0.0025174896373069537,-0.03194546025831155,0.013342549543691783,-0.037717226127927564,-0.018996958162526414,-0.01845078960789581,-0.011276991462482634,-0.03145419716627257,0.026556932948492058,0.02134204936474768,-0.05381625461439776,-0.04062270479768282,-0.01670858609797801,1.0,0.007850905809476505,0.010256223379649489,0.02559062282048575,0.014216961294458442,0.05519311203385305,-0.012969561240612137,0.03665548696086586,0.03264126491606865,0.04103245237128819,-0.04007585345728568,0.01762492117068003,0.029162498798713656,0.016153535867888855,0.005572690832985284,-0.028678976158597942,0.02463986471730828,-0.06439533214078741,0.011050792507750757,-0.008504439200706072,0.03795336638501144,0.00305472324114079,-0.0029381894517710176,0.006722185938563281,0.019473165782476962,-0.012128910895089298,0.05616628163745515,0.000885131147885055,-0.004790178134291078,-0.0378784409115499,0.01734745593220703,-0.044411154981193454,-0.025620636226276805,-0.019293129268400863,-0.013104695785429788,-0.035816911836515676,0.03718305604402228,0.02904226478818431,-0.05216384267649566,-0.0436422215872337,-0.008109979246779139
3.490798322132868,0.61356330043209,0.8786299329858526,9.0,104.0,119.0,120.0,91.0,92.0,29.0,40.0,17.0,14.0,32.0,1.0,134.0,106.0,127.0,122.0,111.0,126.0,95.0,129.0,115.0,111.0,122.0,107.0,0.21107784431137724,0.36227544910179643,0.42664670658682635,0.27686832740213524,0.32669039145907475,0.39644128113879,0.008190618019359643,0.0052122114668652275,0.01340282948622487,0.016381236038719285,0.014892032762472078,0.01340282948622487,0.0007446016381236039,0.007446016381236039,0.008190618019359643,0.004467609828741623,0.03648548026805659,0.007446016381236039,0.035740878629932984,0.006701414743112435,0.021593447505584513,0.02680565897244974,0.02084884586746091,0.004467609828741623,0.01340282948622487,0.006701414743112435,0.0037230081906180195,0.02308265078183172,0.0029784065524944155,0.020104244229337303,0.011913626209977662,0.011169024571854059,0.023827252419955324,0.04169769173492182,0.004467609828741623,0.039463886820551006,0.024571854058078928,0.014892032762472078,0.09381980640357408,0.0007446016381236039,0.058823529411764705,0.024571854058078928,0.03425167535368578,0.0781831720029784,0.07073715562174236,0.014892032762472078,0.03201787043931496,0.011169024571854059,0.011169024571854059,0.04318689501116903,0.0007446016381236039,0.00967982129560685,0.0007446016381236039,0.008935219657483246,0.008935219657483246,0.0029784065524944155,1.0,0.008398512123852408,-0.017201171960909957,-0.003889519770885441,0.024576288728942165,-0.010572306413466237,0.026186636434548903,-0.026352402987057696,-0.002668890942880497,0.013636363657247057,0.007163180381673977,0.013280975222228835,0.02913913289167805,-0.005631441119118408,-0.0011132953751296906,-0.03089623035622861,-0.035626943076755936,-0.005557381379535272,0.008427840339274139,0.040465991980665084,0.0023786731015872213,-0.01493379679261609,-0.013503422724238955,0.007658252205879946,-0.027079729680527857,-0.017876710645072704,0.029987210119660494,-0.03010816658781718,0.0043455781561262665,-0.0006303084840974637,-0.05681704021294435,-0.03866524031204879,0.01971746586614366,0.01232136314916864,-0.04890333520070429,-0.012689809535851006,-0.02417438123798604,0.008959202737981791,0.03265306724365085,-0.0040043804067323215,0.0044399082263434754,1.0,0.008404770329607894,-0.01729868835341746,-0.003606878049490835,0.02442498912891042,-0.011170808228646356,0.02734524251005339,-0.027201038282383558,-0.0019473531663064198,0.013616582530072743,0.005227925652490701,0.01571205259028428,0.028306412244713735,-0.004994044375986529,-0.0004877501330134669,-0.032777689745394335,-0.03643794354570294,-0.005596246900457195,0.006154820721157017,0.04413749498595727,0.0026682372406034113,-0.013644925800638938,-0.014059386383965993,0.002754832664737839,-0.028372291699292854,-0.0170748903678399,0.034511370495326356,-0.028714077685862777,0.008386140426899297,-0.0034677795395876942,-0.06178768314553956,-0.04174920011413075,0.01429545764959249,0.01665478913941357,-0.04439359148415733,-0.007518145366216639,-0.023079568444544347,0.004472100472064402,0.028284024857540616,-0.0031393384473236427,0.009869435127305827
3.454750506322237,0.5973908949487291,0.8845867460908414,10.0,113.0,123.0,111.0,95.0,89.0,48.0,18.0,27.0,4.0,5.0,3.0,134.0,113.0,127.0,121.0,118.0,130.0,115.0,125.0,117.0,116.0,125.0,113.0,0.18111455108359134,0.3668730650154799,0.4520123839009288,0.26753782668500686,0.3246217331499312,0.4078404401650619,0.018615040953090096,0.010424422933730455,0.014892032762472078,0.012658227848101266,0.016381236038719285,0.014147431124348473,0.0022338049143708115,0.005956813104988831,0.0014892032762472078,0.0022338049143708115,0.040208488458674606,0.008935219657483246,0.034996276991809384,0.0037230081906180195,0.0193596425912137,0.023827252419955324,0.017870439314966492,0.004467609828741623,0.007446016381236039,0.0052122114668652275,0.0022338049143708115,0.02308265078183172,0.0037230081906180195,0.0379746835443038,0.008190618019359643,0.00967982129560685,0.024571854058078928,0.04690990320178704,0.0052122114668652275,0.03648548026805659,0.028294862248696945,0.018615040953090096,0.12062546537602382,0.004467609828741623,0.04988830975428146,0.026061057334326135,0.027550260610573342,0.04839910647803425,0.0766939687267312,0.011169024571854059,0.029039463886820552,0.022338049143708117,0.004467609828741623,0.04169769173492182,0.004467609828741623,0.011169024571854059,0.0,0.008190618019359643,0.0029784065524944155,0.0007446016381236039,1.0,-0.00011942249234143186,0.001684527586850955,0.013257122915572527,-0.014847669075372646,0.05606206131409974,0.04170553135379502,-0.03402304353159753,-0.01872527175377725,0.009834453575260743,0.01047720003044188,-0.024969370414073266,0.014605813861801698,-0.04005332872638134,0.02806438451119666,-0.014250870761842064,-0.05732905484418987,-0.01064324329579198,-0.03455587781043128,0.01026344356186424,0.01997279344687027,-0.02369450412507587,0.02655612239587397,-0.044976008534828193,0.026456194239980035,-0.018313656656308745,-0.03262248077783797,0.00449950810396618,-0.0018287389182236238,-0.002548773937602365,0.0133197735362985,0.02330494099398097,-0.00529560259745986,0.03365751531174351,0.04361978580518901,-0.03224309465097333,0.009315555620706772,0.020081750692428353,-0.014247446058947953,0.04906070361701276,-0.002973373871237313,1.0,-0.00011951148078579207,0.001687025673346956,0.013287243946956932,-0.014894073425260786,0.0562480013305894,0.04186258853568859,-0.03411390498415337,-0.020840974188953913,0.010726930494634407,0.00972652773271255,-0.030687602553097628,0.01598357479659658,-0.03530107383083176,0.028861034098904996,-0.018988011109080258,-0.05465220396940048,-0.010900295257629504,-0.032248939848421816,0.011321321675901403,0.01708252476698943,-0.015417160443664786,0.03164419163140596,-0.04515780643126908,0.02452847840423386,-0.021880613421390402,-0.033629599296323795,0.0037555161330133343,0.0008989191756634884,-0.005199674141569804,0.014588048487096798,0.02646095578515505,-0.005787296201275062,0.03230260141164461,0.03510425385980246,-0.026265968038333292,-0.0009494543662408887,0.02352488039836082,-0.013223046189208457,0.03715431466852464,0.0025610326798452816
3.5219108130663845,0.6433312572672893,0.8868205510052122,6.0,115.0,122.0,121.0,75.0,78.0,31.0,18.0,18.0,6.0,2.0,0.0,134.0,117.0,125.0,124.0,119.0,124.0,112.0,121.0,112.0,113.0,115.0,113.0,0.17229729729729729,0.3716216216216216,0.4560810810810811,0.26522043386983907,0.3275017494751575,0.4072778166550035,0.01340282948622487,0.014147431124348473,0.018615040953090096,0.014892032762472078,0.018615040953090096,0.011913626209977662,0.0022338049143708115,0.005956813104988831,0.0037230081906180195,0.004467609828741623,0.039463886820551006,0.014892032762472078,0.040208488458674606,0.0052122114668652275,0.0193596425912137,0.03052866716306776,0.020104244229337303,0.0052122114668652275,0.004467609828741623,0.004467609828741623,0.005956813104988831,0.0193596425912137,0.0037230081906180195,0.02531645569620253,0.012658227848101266,0.01340282948622487,0.02084884586746091,0.045420699925539834,0.0037230081906180195,0.04244229337304542,0.026061057334326135,0.010424422933730455,0.10275502606105734,0.0007446016381236039,0.039463886820551006,0.0193596425912137,0.03276247207743857,0.04393149664929263,0.06478034251675353,0.007446016381236039,0.035740878629932984,0.01712583767684289,0.005956813104988831,0.058823529411764705,0.0022338049143708115,0.023827252419955324,0.0052122114668652275,0.007446016381236039,0.008935219657483246,0.0022338049143708115,1.0,0.0021898485708156854,-0.02123406045329602,0.06994285672445466,0.024984691924659193,0.013344471942504028,0.051961578695558536,0.016239728258918618,-0.0021495358621344872,0.00014499206605167865,0.03574399302892782,0.024692963413580172,-0.017408960567495354,0.03141053346582795,-0.005338715798794897,-0.0023196331827738,0.014836095271039115,-0.019474114788048846,0.010768778175727684,0.016299917776141693,-0.020484473117112476,-0.005126808155435704,0.057111090636558205,0.021437009045977035,0.06408894367844865,-0.022429679776216595,-0.006294775194035523,-0.004905693033144468,-0.02010782821832414,-0.04432334823196866,-0.017233719052315757,-0.020532861374585813,0.002654685268247984,0.027485467560774614,0.0431441417270822,0.016252633735737113,0.013714062556761613,-0.011524900306944138,0.023302360339923858,0.008256098387737026,0.0562557916500507,1.0,0.0021914803506747206,-0.021270634187440737,0.0702257641481307,0.024319151088215394,0.01634500351111453,0.04856896667374793,0.01348997441335106,-0.0026297705716102093,-0.006872518054570507,0.03142945048534425,0.023013927152529493,-0.018621940580633795,0.027359159976053912,-0.011049533467416066,-0.0003077718245683383,0.007709036667449706,-0.023159200649883145,0.012720364529726814,0.012307887886184673,-0.01915436159235334,-0.0066042094201618495,0.05563588723752532,0.024181078658179825,0.0683127211019463,-0.029121880524580566,-0.00922183160715986,-0.015469753623036377,-0.02669292532395815,-0.05329151001846326,-0.021348561865974558,-0.017787146131522765,0.006976411969308483,0.03265561351157788,0.04973541069591952,0.0221193100883466,0.021827419643250964,-0.02123266467570902,0.021921816209498613,0.006071761221646852,0.05659910507365715
3.4680027539657035,0.6271207806690429,0.8801191362620998,14.0,107.0,126.0,116.0,83.0,95.0,13.0,57.0,18.0,26.0,17.0,7.0,134.0,107.0,129.0,126.0,118.0,130.0,89.0,127.0,113.0,116.0,122.0,105.0,0.24447717231222385,0.35787923416789397,0.39764359351988215,0.2761299435028249,0.3340395480225989,0.3898305084745763,0.01340282948622487,0.006701414743112435,0.010424422933730455,0.011913626209977662,0.01712583767684289,0.014147431124348473,0.0007446016381236039,0.011169024571854059,0.005956813104988831,0.0007446016381236039,0.03127326880119136,0.011169024571854059,0.035740878629932984,0.006701414743112435,0.017870439314966492,0.03276247207743857,0.011913626209977662,0.004467609828741623,0.011169024571854059,0.0022338049143708115,0.0022338049143708115,0.020104244229337303,0.0022338049143708115,0.03648548026805659,0.012658227848101266,0.007446016381236039,0.02308265078183172,0.039463886820551006,0.006701414743112435,0.034996276991809384,0.024571854058078928,0.011913626209977662,0.10722263588979895,0.0022338049143708115,0.054355919583023084,0.022338049143708117,0.039463886820551006,0.058823529411764705,0.06924795234549516,0.005956813104988831,0.04095309009679821,0.021593447505584513,0.008190618019359643,0.05286671630677588,0.0014892032762472078,0.01712583767684289,0.0022338049143708115,0.008190618019359643,0.0052122114668652275,0.0029784065524944155,1.0,-0.05241765141049663,-0.013364444574185919,-0.01744294401468549,0.038732446629541874,0.03909605333475797,0.01315789237717306,-0.04517701297617111,-0.016436163617788855,-0.0011226615425559577,0.003234010422265563,0.0015945197334471023,-0.01866524864453127,-0.030499490864915924,0.0299195915853991,-0.01223115095024109,-0.000807238032606891,-0.00847718660889717,0.01406395875488787,-0.012865971052906672,0.05666894423337768,-0.052037528610931,0.01220862478327989,0.033025950549184314,0.06595418953020264,0.022901633156935157,-0.03739294609171522,-0.001765319497355888,-0.0024104686580900506,0.007563292123427378,-0.011838728320353207,-0.0017776922715782683,0.010448113021022932,-0.022382469156699208,0.04072333635713393,-0.011743532430681502,0.02400879103431284,0.021234758579987138,-0.017808192142155087,-0.025951045409668718,0.014051739583335478,1.0,-0.052456710763261534,-0.01618060741849063,-0.019101787438927185,0.036802917773663624,0.04291219128788152,0.01857913437627824,-0.04144262050246157,-0.021132856300706934,-0.007203604502444473,-0.0019277221089067976,0.003273603983130546,-0.013882684807242598,-0.029631086371577433,0.0256570986925569,-0.012463081810986506,-0.001881810323880531,-0.004761028671192866,0.014203056615722862,-0.013669963283822386,0.054044932768901856,-0.045369016522745394,0.007691688452285232,0.03508162816554274,0.06634488570201365,0.03164895027370001,-0.03179800519927217,-0.00016927804050222248,-0.015008718825144821,-0.0024459356249600796,-0.010457548434453488,0.006388792395977016,0.01822073286750372,-0.020311296989392037,0.034569810448470094,-0.0036201848431249347,0.02603182599171641,0.02967173977889161,-0.021406723380988354,-0.027943249675358765,0.005845569464755595
3.5361747987306393,0.6828920464686234,0.8920327624720774,2.0,109.0,127.0,118.0,100.0,96.0,26.0,38.0,8.0,8.0,7.0,0.0,134.0,109.0,131.0,126.0,124.0,130.0,107.0,129.0,121.0,123.0,127.0,116.0,0.21283255086071987,0.36619718309859156,0.4209702660406886,0.2660798916723087,0.3344617467840217,0.3994583615436696,0.01563663440059568,0.004467609828741623,0.014892032762472078,0.01563663440059568,0.018615040953090096,0.01712583767684289,0.0029784065524944155,0.00967982129560685,0.008935219657483246,0.0014892032762472078,0.03648548026805659,0.017870439314966492,0.035740878629932984,0.007446016381236039,0.01712583767684289,0.029039463886820552,0.012658227848101266,0.0037230081906180195,0.005956813104988831,0.005956813104988831,0.0052122114668652275,0.016381236038719285,0.0014892032762472078,0.03201787043931496,0.007446016381236039,0.014147431124348473,0.021593447505584513,0.040208488458674606,0.004467609828741623,0.03052866716306776,0.023827252419955324,0.014892032762472078,0.07967237527922562,0.0037230081906180195,0.06254653760238273,0.026061057334326135,0.034996276991809384,0.06105733432613552,0.07297096053611318,0.00967982129560685,0.029039463886820552,0.02531645569620253,0.006701414743112435,0.049143708116157855,0.005956813104988831,0.021593447505584513,0.0029784065524944155,0.008935219657483246,0.0052122114668652275,0.0007446016381236039,1.0,-0.013186660366590561,0.013186126208168438,0.005586107473523557,-7.944511169224715e-05,0.015932865180564502,-0.027645824000724926,-0.0375272141607987,-0.011119375118972416,-0.029534656542021257,0.005047253379012729,0.01693935609805259,-0.0024542609846971704,-0.025133977631609097,-0.05586800585826767,-0.000606442897549356,0.034550182255529985,0.03840903991057795,-0.009734946323586733,-0.03198713645515516,-0.01833288863407994,0.019992902228410103,0.004381179620239312,0.0004796764867931489,-0.009101007243727472,0.007282899885846278,0.031877461752727605,0.0693562294983953,0.02051690132119841,0.027541997524937932,-0.050033660168911885,-0.01841960019628498,0.022357416525796182,0.0013800331418621302,-0.02843623695966933,0.028589903810979325,-0.025646105699447502,-0.024778272290314762,0.024421963025466502,0.02085776995778633,0.02939067320713731,1.0,-0.013196486492050036,0.013033914882126236,0.005944659171141449,-0.00010106495637485668,0.015844138462547706,-0.0274010561843623,-0.0389057353922294,-0.011688554499791953,-0.028801848202362312,0.004776935866143713,0.019092990019882843,-0.0012913675405255686,-0.027767480157020852,-0.05884342644366208,-0.004420005613583371,0.03432626822214417,0.042061954879084935,-0.007975298199462673,-0.03405369574243808,-0.025024789952350354,0.014127557461823901,0.004083189337021445,0.0032716133293025037,-0.0037787219469533496,0.009740981399217285,0.029589175424837487,0.06573354531949417,0.0172728674848928,0.028786416194854086,-0.04502106637079161,-0.018553084629289025,0.019664907543647473,0.002382392341581058,-0.02522131785556156,0.04133977794514312,-0.017157065682210926,-0.033368980393117705,0.01925569290555987,0.024395793954498125,0.037006164818460856
3.4907017598278647,0.6228793523473465,0.8838421444527178,0.0,111.0,124.0,114.0,90.0,72.0,38.0,46.0,3.0,16.0,4.0,0.0,134.0,113.0,129.0,122.0,114.0,125.0,107.0,120.0,115.0,115.0,121.0,109.0,0.19093851132686085,0.36084142394822005,0.4482200647249191,0.26615168539325845,0.32724719101123595,0.4066011235955056,0.014147431124348473,0.005956813104988831,0.00967982129560685,0.014147431124348473,0.02084884586746091,0.012658227848101266,0.0022338049143708115,0.005956813104988831,0.008190618019359643,0.0037230081906180195,0.03350707371556218,0.008190618019359643,0.04169769173492182,0.0052122114668652275,0.014147431124348473,0.024571854058078928,0.018615040953090096,0.0037230081906180195,0.007446016381236039,0.0037230081906180195,0.0052122114668652275,0.02531645569620253,0.0037230081906180195,0.024571854058078928,0.01712583767684289,0.011913626209977662,0.02084884586746091,0.040208488458674606,0.0052122114668652275,0.04244229337304542,0.02531645569620253,0.011169024571854059,0.11169024571854058,0.004467609828741623,0.058078927773641105,0.016381236038719285,0.03723008190618019,0.05361131794489948,0.07148175725986597,0.012658227848101266,0.03052866716306776,0.022338049143708117,0.007446016381236039,0.04616530156366344,0.0022338049143708115,0.01712583767684289,0.0037230081906180195,0.008935219657483246,0.0022338049143708115,0.0022338049143708115,1.0,-0.0025035816691466517,0.013247879062978871,0.03844320092365845,-0.027252197576259227,-0.005618327778917793,0.0005110638869235182,-0.02823356356308233,0.05602275210272532,0.050301744981592435,0.004561470893846779,0.00021287004813085766,0.03386210223769133,-0.02587837247739277,0.057138709199021184,-0.023456501831153373,7.465396624151165e-05,0.012263272379970065,0.0362252411531863,-0.004098187070064654,-0.03423511190049962,0.05271985800271716,0.01585151195187555,-0.005274431653701753,0.00021697750205260962,-0.04286307428846129,-0.01056146369452988,-0.0456070131192449,-0.005075003379210627,-0.015340317526140769,-0.007013664649231928,-0.02184254946672375,-0.041108968491179856,-0.001247089371575362,-0.05548437784659695,-0.007511710728518125,0.018154249379004554,-0.044899649130192745,0.028078828300538494,-0.01384824067836921,-0.047510517077395446,1.0,-0.0025054472292577908,0.013261443251658015,0.03860232528045019,-0.027344850267100852,-0.006816817512597001,-0.0002588377145763434,-0.026166595250291757,0.056148764474525846,0.051528110487936304,0.005359041341872401,-0.007025824263217167,0.032917021039848816,-0.023098049017365722,0.0577343596136117,-0.022460407371815334,0.0016232093856183856,0.0024005131049305148,0.03850442018469698,-0.0033494182751835277,-0.04150819432053718,0.054435384867523355,0.014056864993732638,-0.006240937721640476,-0.005573043598291172,-0.03959146826142604,-0.019195881867871138,-0.046745514515142916,0.0010236674677969672,-0.015182216820624081,-0.014991572560621296,-0.025899339674890602,-0.04570307882918323,-0.0001620764077765848,-0.047407264416126624,-0.007046568419097831,0.020535082816898507,-0.0376516384531857,0.028382049139265984,-0.012844193833274793,-0.04454584139378201
3.5191034272153265,0.6246408469424105,0.8905435591958303,5.0,109.0,123.0,112.0,75.0,82.0,25.0,26.0,23.0,18.0,7.0,4.0,134.0,109.0,129.0,119.0,118.0,130.0,109.0,121.0,112.0,116.0,119.0,108.0,0.18555008210180624,0.37438423645320196,0.4400656814449918,0.27036516853932585,0.3265449438202247,0.40308988764044945,0.017870439314966492,0.010424422933730455,0.012658227848101266,0.011169024571854059,0.012658227848101266,0.0193596425912137,0.0029784065524944155,0.0052122114668652275,0.0022338049143708115,0.004467609828741623,0.03052866716306776,0.005956813104988831,0.03052866716306776,0.006701414743112435,0.022338049143708117,0.027550260610573342,0.02308265078183172,0.0029784065524944155,0.010424422933730455,0.008935219657483246,0.004467609828741623,0.03201787043931496,0.0052122114668652275,0.023827252419955324,0.014147431124348473,0.008190618019359643,0.029784065524944156,0.04244229337304542,0.004467609828741623,0.03425167535368578,0.034996276991809384,0.012658227848101266,0.09977661950856292,0.0052122114668652275,0.05286671630677588,0.021593447505584513,0.03052866716306776,0.06403574087862993,0.06254653760238273,0.008935219657483246,0.0379746835443038,0.01563663440059568,0.007446016381236039,0.044676098287416234,0.0014892032762472078,0.01340282948622487,0.0022338049143708115,0.008935219657483246,0.007446016381236039,0.0007446016381236039,1.0,0.044612443744938335,0.005982840333390969,-0.012148387560858362,0.06058327227211872,0.013584507794295842,0.01752232680420741,-0.035945703843563236,-0.0050517653869962525,0.003297876643015908,-0.01775522292154338,-0.02284688129650733,0.0004234984437328752,0.014432883438298653,-0.025560193281580015,0.020904211613059748,0.0036828699299428416,-0.021330785327764723,0.007252959212557563,-0.02568915898867429,-0.07523202806000387,0.00559254712109414,0.03536010382045693,-0.05103961814330132,0.0201995468665633,-0.030460424880984358,-0.0006980685120156992,0.0172691969320719,0.024309560022061562,-0.01945853673762891,0.059500789943980455,0.03347364943587468,0.01597656766484186,-0.007599871944755908,-0.0017617474054743198,0.030702188264303952,0.0008579929892112804,0.07038865487357623,-0.0014313938302808972,0.030038567787460602,-0.009118683761335776,1.0,0.04464568699661115,0.004006511848638595,-0.012646303217850706,0.06197792849691746,0.008309887349822182,0.01589044955774048,-0.03627859966960192,-0.005474600358633628,0.0033120727922361574,-0.021452744276464417,-0.017544982027591183,0.0036583117790780647,0.0151757629971857,-0.026757388316794653,0.026009412429661934,0.003427641812973437,-0.02557417983530749,0.011313875745909528,-0.029651622940185335,-0.07450211331010162,0.012565505584502725,0.03598338992880711,-0.05316890331910015,0.03317904998480661,-0.030330713835943577,-0.0027566209962882108,0.01928844676949465,0.01709526937321733,-0.014253901337073148,0.05742326798316348,0.02577389555473657,0.011680029366817678,-0.006318945701871369,-0.01180334482779671,0.0344504281013545,-0.006535059232654997,0.06927549625516571,0.003191579218440893,0.024235058583758157,-0.017380709498581635
3.5017951274628305,0.6619399831356776,0.885331347728965,3.0,113.0,125.0,116.0,114.0,75.0,65.0,49.0,21.0,8.0,5.0,1.0,134.0,117.0,129.0,124.0,123.0,128.0,101.0,125.0,123.0,121.0,125.0,121.0,0.18273381294964028,0.3726618705035971,0.4446043165467626,0.26308633582596874,0.33378653976886474,0.40312712440516657,0.02084884586746091,0.005956813104988831,0.017870439314966492,0.01563663440059568,0.01563663440059568,0.01563663440059568,0.0014892032762472078,0.005956813104988831,0.004467609828741623,0.0022338049143708115,0.03723008190618019,0.005956813104988831,0.0387192851824274,0.005956813104988831,0.021593447505584513,0.021593447505584513,0.0193596425912137,0.0014892032762472078,0.010424422933730455,0.0052122114668652275,0.0029784065524944155,0.03425167535368578,0.0029784065524944155,0.02680565897244974,0.01563663440059568,0.014892032762472078,0.027550260610573342,0.03648548026805659,0.006701414743112435,0.03350707371556218,0.024571854058078928,0.012658227848101266,0.10052122114668652,0.0022338049143708115,0.04765450483991065,0.02531645569620253,0.034996276991809384,0.06180193596425912,0.06999255398361877,0.005956813104988831,0.034996276991809384,0.01563663440059568,0.007446016381236039,0.040208488458674606,0.0022338049143708115,0.02084884586746091,0.0022338049143708115,0.011169024571854059,0.0037230081906180195,0.0007446016381236039,1.0,0.00902320319689152,-0.015929586569451065,-0.019285417630771542,0.0366281133279129,0.01739311656657574,-0.005116104343213887,0.0072752421435400335,0.008587828744176592,0.03777469970365677,-0.0012750826441604815,-0.014836858988725587,0.02062804758386692,-0.012500297386564033,0.0015653230147435334,-0.02915603207164902,0.023725137125297894,-0.004104638497247365,0.040122822295710424,-0.04159046775247431,-0.004846103515388297,-0.02556059700592547,0.0067389224696611915,0.007998305948134023,0.018460178832538813,-0.016463057169162246,0.014647406124961685,0.03330454361829375,0.01598340719819411,0.01915264544511552,0.003647193390741746,-0.04365121153525466,-0.05257407589225764,-0.0072501633198195975,-0.020968817294509983,0.008150493588258822,-0.017421304716954043,-0.009617233096338749,0.007415146490920261,0.01776017117830055,0.009887856664901117,1.0,0.00902992689524987,-0.016036191506161934,-0.0190438703754536,0.03685372854006497,0.016202748800377486,-0.004687372940845632,0.009355302667884213,0.007659817101225055,0.036794918324612076,-0.0013090048332110424,-0.013990595007043749,0.021686473239409036,-0.016455608274915632,0.000784503612358778,-0.027942852722947335,0.022334515834994177,-0.005766947813107908,0.03999126391933337,-0.04071667445977485,-0.002645249813020234,-0.02799526836889859,0.004816038489913326,0.009078638734928311,0.0210508521323379,-0.01706700688959146,0.01648502210531567,0.03252387214205577,0.01584156656149913,0.02431251287719676,0.0025099583316653645,-0.04381027809893408,-0.05833276995364039,-0.007411728908670523,-0.030746419578756883,0.01085060841715564,-0.021714041635012536,-0.0028476737638925254,0.0064935871348770925,0.02200102838924529,0.011728183368534914
3.381643171749804,0.5981613461890454,0.8793745346239762,16.0,71.0,120.0,117.0,55.0,99.0,7.0,65.0,37.0,13.0,27.0,4.0,134.0,100.0,131.0,127.0,124.0,130.0,21.0,129.0,126.0,121.0,127.0,100.0,0.28526148969889065,0.3518225039619651,0.3629160063391442,0.28686131386861313,0.3635036496350365,0.34963503649635036,0.007446016381236039,0.0029784065524944155,0.012658227848101266,0.01340282948622487,0.008935219657483246,0.011169024571854059,0.0014892032762472078,0.007446016381236039,0.0022338049143708115,0.0014892032762472078,0.045420699925539834,0.0022338049143708115,0.04169769173492182,0.0029784065524944155,0.0193596425912137,0.023827252419955324,0.018615040953090096,0.0007446016381236039,0.00967982129560685,0.0029784065524944155,0.0007446016381236039,0.03723008190618019,0.0014892032762472078,0.040208488458674606,0.01340282948622487,0.010424422933730455,0.039463886820551006,0.04988830975428146,0.0029784065524944155,0.044676098287416234,0.008935219657483246,0.00967982129560685,0.09381980640357408,0.0022338049143708115,0.04988830975428146,0.018615040953090096,0.05063291139240506,0.06105733432613552,0.08116157855547282,0.012658227848101266,0.034996276991809384,0.01563663440059568,0.005956813104988831,0.04690990320178704,0.0014892032762472078,0.012658227848101266,0.0029784065524944155,0.007446016381236039,0.004467609828741623,0.0014892032762472078,1.0,-0.011128242831789165,0.03338990968944683,0.025171518545204843,-0.007001419184591263,0.007009236108564895,0.010158703168831495,0.0003560836537392325,0.055173850677538,-0.019596046380671178,0.03653171196966437,0.0511484675544785,-0.03409264286288036,-0.01184602659898472,-0.03750491884135282,-0.022176685359986053,0.018799142775627036,-0.03630345327280985,-0.017204067510773094,-0.005972128310837358,-0.016690385284740338,0.05574674267682302,0.06065430793117553,-0.05814696431343364,0.03672448646098092,0.0011013393694455924,-0.02924686477715655,0.00987716487677258,-0.041113532056625046,0.011552502553985797,-0.023381672633344685,0.019686981959919254,0.039660218036603724,0.0360847757734456,0.05286450658391456,-0.01137273202200962,-0.02030950222154373,-0.026755650002753654,-0.05116623023697992,-0.047732182880713035,0.041475755426586845,1.0,-0.011136535114078128,0.03331981820242558,0.025991009493311307,-0.0075774726191114965,0.005160636934783843,0.010201408871087045,0.0005524816749896952,0.054575821557087734,-0.019019159233821133,0.03295945138183098,0.05103877717548834,-0.03421358279572894,-0.018785859297876566,-0.03910937829910861,-0.020255542647066433,0.017534685872029006,-0.032363756563947,-0.022619896970943933,-0.008768913392328746,-0.008784235991445137,0.055312482840975695,0.06836892743985873,-0.05569507814515249,0.030933119981740198,0.012750665468589818,-0.030993162036008173,0.00404823871933117,-0.03745044796800049,0.00492100038589434,-0.026586114124245514,0.023220986375940895,0.023241293445220985,0.040153163000814965,0.0652896844562896,-0.018203578246225736,-0.013594336744630741,-0.03480273918093856,-0.04981067198104583,-0.041877154662444044,0.03759569925623122
3.498232805955836,0.6158125931551499,0.8838421444527178,2.0,111.0,127.0,107.0,77.0,94.0,23.0,16.0,43.0,26.0,7.0,0.0,134.0,115.0,129.0,117.0,121.0,126.0,103.0,125.0,113.0,123.0,117.0,119.0,0.1769352290679305,0.39968404423380727,0.42338072669826227,0.2669902912621359,0.3287101248266297,0.4042995839112344,0.01340282948622487,0.008190618019359643,0.012658227848101266,0.008190618019359643,0.011169024571854059,0.014892032762472078,0.0007446016381236039,0.006701414743112435,0.005956813104988831,0.0022338049143708115,0.039463886820551006,0.00967982129560685,0.03425167535368578,0.005956813104988831,0.018615040953090096,0.02680565897244974,0.0193596425912137,0.0007446016381236039,0.005956813104988831,0.0052122114668652275,0.0014892032762472078,0.02531645569620253,0.0029784065524944155,0.020104244229337303,0.016381236038719285,0.01340282948622487,0.023827252419955324,0.04690990320178704,0.005956813104988831,0.039463886820551006,0.024571854058078928,0.00967982129560685,0.10424422933730454,0.0037230081906180195,0.04690990320178704,0.027550260610573342,0.04169769173492182,0.06105733432613552,0.07222635889798958,0.01340282948622487,0.027550260610573342,0.022338049143708117,0.007446016381236039,0.040208488458674606,0.0052122114668652275,0.01712583767684289,0.004467609828741623,0.014892032762472078,0.008935219657483246,0.0007446016381236039,1.0,0.047958733559008676,-0.031309790848752385,0.053303256234465454,-0.031245211479433918,-0.05297934325571021,-0.013791545281602827,0.015056162947068099,-0.0008957354509377548,-0.05847283369894867,-0.04901687970241702,-0.046854280372758954,-0.005063158026698317,0.04925778414906195,-0.04553857062381458,-0.027125976472340742,0.021810664931062637,-0.04519705406973643,-0.010431285899694715,-0.012181421800063007,0.007924429293855128,-0.005322791853118388,0.006184544788059684,-0.03248751443802305,0.002770726959069775,-0.029378199947525507,0.0106507770015217,0.030528270170713218,0.005887567771036347,0.07849981941073882,0.0016632183760710202,-0.01964316437537213,-0.01088380948882781,-0.0012795268700149063,0.057027435795876165,0.00028409652587552435,-0.01798254634678451,0.013988930977882593,0.011272688532038895,-0.06156098384565442,-0.03671646473352426,1.0,0.04799447032023001,-0.03373766989614675,0.056792839552930505,-0.038217671444306676,-0.04616423324530836,-0.014292668496592602,0.017132819329120166,0.0008810820949880931,-0.06020824456595792,-0.049161782904635784,-0.0473732231235553,0.004272386791855734,0.04939049201526653,-0.056230450472473145,-0.030070746253529065,0.011567949232462738,-0.04054433181342887,-0.0022614193991975996,-0.028770207090876833,0.0012349583930582038,-0.01244835308057031,0.010023350760468393,-0.0411866359756111,0.0028153228835434904,-0.04028478507937751,0.010349693503002941,0.02722656090041725,-0.0024533629976711963,0.07231896921514629,-0.008417057531757137,-0.015538391901959393,-0.019693624825127973,0.0017961117269484341,0.060678175976188055,-0.006386158658432827,-0.016955058869368572,0.007937118553822647,0.027020637994844943,-0.05148834206083784,-0.03653907582097755
3.5214923738213417,0.6459236772826638,0.889054355919583,13.0,123.0,128.0,125.0,106.0,74.0,47.0,18.0,10.0,6.0,8.0,4.0,134.0,125.0,131.0,127.0,119.0,130.0,121.0,127.0,127.0,123.0,124.0,123.0,0.15861027190332327,0.3731117824773414,0.46827794561933533,0.25876902713434813,0.32825943084050296,0.4129715420251489,0.020104244229337303,0.004467609828741623,0.012658227848101266,0.011169024571854059,0.014892032762472078,0.011913626209977662,0.0014892032762472078,0.0029784065524944155,0.007446016381236039,0.0007446016381236039,0.035740878629932984,0.00967982129560685,0.034996276991809384,0.0052122114668652275,0.018615040953090096,0.029039463886820552,0.0193596425912137,0.0022338049143708115,0.01340282948622487,0.0037230081906180195,0.004467609828741623,0.022338049143708117,0.0007446016381236039,0.027550260610573342,0.010424422933730455,0.011169024571854059,0.02680565897244974,0.040208488458674606,0.004467609828741623,0.0387192851824274,0.028294862248696945,0.012658227848101266,0.0953090096798213,0.0052122114668652275,0.05584512285927029,0.027550260610573342,0.03425167535368578,0.04839910647803425,0.055100521221146684,0.010424422933730455,0.03127326880119136,0.029784065524944156,0.008190618019359643,0.055100521221146684,0.0037230081906180195,0.0193596425912137,0.0022338049143708115,0.017870439314966492,0.012658227848101266,0.0,1.0,0.006316631701150323,-0.0013047259299873444,0.033989038148770225,0.0030025957138232764,0.03733677974260063,-0.06221271283067297,0.03724956608853159,-0.023150339331373577,-0.05275613047511224,0.00830246009728225,0.0002776608635205741,-0.03577334042356452,-0.02174599123350491,-0.013811430404515905,0.021026925911137015,-0.01458144762678134,0.02276674128077151,0.003346916055556984,-0.012977144630780547,0.03778718156587893,-0.005422593909202996,-0.028222757879845486,-0.024173126713374387,-0.059043189854394405,0.07165084880097267,-0.005840941127889343,0.015003792258469298,-0.02855244394048417,-0.006008643815306676,0.04952746246435879,0.0007354830328015479,-0.006482928276529083,-0.04297124483639885,0.007173726802438299,-0.052482446664482735,-0.01832769580025369,0.006549395838474508,-0.015230578092210985,0.01261966070599271,-0.012558776889541814,1.0,0.006321338580212283,-0.0013466849640205252,0.03408334065736152,0.002579985409714098,0.037584138990728835,-0.06428084536389095,0.038616661696814096,-0.027173598328919493,-0.04843201026735578,0.005475577308574711,0.006208778140989555,-0.03980515495610241,-0.014787263206433563,-0.014948114810574054,0.019158473971577748,-0.010184350326302289,0.02516715617168457,-0.004353293442451029,-0.009797200035413345,0.03396505956271794,-0.006650483118891686,-0.03512579812897637,-0.022441835288330342,-0.061348718987441216,0.07183806112012288,0.0003164853626285903,0.01972099198650308,-0.03681696184500773,0.0042149062116132435,0.03664860841522419,0.01197824222133473,-0.01783861094121445,-0.04369409201067358,0.007960357213834415,-0.05965210043029074,-0.015021202848003236,0.0033019669709059727,-0.00793697055018158,0.022718026136870118,-0.012028843125065422
3.4940523082852994,0.6178690047490262,0.8838421444527178,5.0,113.0,120.0,108.0,97.0,72.0,22.0,38.0,15.0,7.0,13.0,11.0,134.0,117.0,129.0,123.0,123.0,128.0,73.0,124.0,117.0,115.0,115.0,97.0,0.18518518518518517,0.36553945249597425,0.4492753623188406,0.27670250896057347,0.3426523297491039,0.38064516129032255,0.012658227848101266,0.010424422933730455,0.008935219657483246,0.014147431124348473,0.011913626209977662,0.012658227848101266,0.0014892032762472078,0.008190618019359643,0.004467609828741623,0.0037230081906180195,0.03648548026805659,0.011169024571854059,0.03127326880119136,0.006701414743112435,0.01340282948622487,0.02531645569620253,0.02084884586746091,0.0014892032762472078,0.011913626209977662,0.005956813104988831,0.0022338049143708115,0.02084884586746091,0.0029784065524944155,0.026061057334326135,0.014147431124348473,0.014147431124348473,0.034996276991809384,0.04169769173492182,0.005956813104988831,0.0387192851824274,0.01563663440059568,0.012658227848101266,0.0960536113179449,0.0029784065524944155,0.06924795234549516,0.02680565897244974,0.045420699925539834,0.06701414743112435,0.05956813104988831,0.010424422933730455,0.03052866716306776,0.02531645569620253,0.0052122114668652275,0.04169769173492182,0.0037230081906180195,0.01340282948622487,0.004467609828741623,0.010424422933730455,0.004467609828741623,0.0,1.0,0.019479827949151717,0.008823366427688875,0.04014939559089387,0.027318964423749453,0.034869850891353325,0.020086124752245308,-0.012014517261412085,0.009728747943736153,-0.012509714560230742,-0.011539385577752184,0.026053731728690344,0.0606763626362759,0.013568419656818497,-0.014067288429119609,-0.022446463219304956,0.021283101881132947,-3.2297871039737394e-05,0.0026513035335275757,-0.010522467269087551,-0.01826800150297635,0.034403650829021554,0.03657657909885007,-0.037220436175320386,0.04288261395887468,-0.01591628875999252,0.023389250897297393,0.04410649921682149,-0.0021289936794718716,-0.005951410928931538,0.01477132624010623,0.007467052207605595,-0.008464263739793906,0.012837378312200163,-0.01290777770047819,-0.0020675071345769526,0.00956482288211038,0.010921705046723674,0.05223676217804298,-0.02814062910536978,0.04778654634483768,1.0,0.01949434346923304,0.008459711322829761,0.03992158814856346,0.025843019404403082,0.0334451239799898,0.017022340263133675,-0.0153666810226417,0.0066353274674729595,-0.016020539380378295,-0.012370751313393614,0.025791559960433374,0.0620995526368283,0.013146703806672898,-0.01651549638388505,-0.02733565013543785,0.016495320122734095,-0.005063773695115129,0.002889662846970403,-0.009333230891431853,-0.016802483904382277,0.03745885222147618,0.03774490980749956,-0.0406492560439737,0.03728491969390858,-0.021368464431266623,0.02669912099982755,0.04234327043471132,-0.0043941021409825065,-0.010499572353136814,0.009974084147111345,0.011286339714489712,-0.013278218243108543,0.006754586324862587,-0.017875571011204357,0.0002478634145478627,0.01180892724359618,0.013119564681313579,0.04754404930110308,-0.035475974865710816,0.04901430328277086
3.4781095914545896,0.6077309874422717,0.8763961280714817,5.0,120.0,122.0,116.0,94.0,84.0,38.0,60.0,6.0,14.0,3.0,7.0,134.0,121.0,127.0,120.0,121.0,128.0,109.0,125.0,115.0,119.0,119.0,119.0,0.2227204783258595,0.34379671150971597,0.4334828101644245,0.2656142759094029,0.3260123541523679,0.40837336993822926,0.01712583767684289,0.006701414743112435,0.011169024571854059,0.010424422933730455,0.011913626209977662,0.012658227848101266,0.0007446016381236039,0.012658227848101266,0.0029784065524944155,0.0022338049143708115,0.0387192851824274,0.008190618019359643,0.05063291139240506,0.004467609828741623,0.02308265078183172,0.034996276991809384,0.011913626209977662,0.0052122114668652275,0.011169024571854059,0.0052122114668652275,0.0052122114668652275,0.028294862248696945,0.0037230081906180195,0.027550260610573342,0.012658227848101266,0.010424422933730455,0.028294862248696945,0.03350707371556218,0.0052122114668652275,0.03127326880119136,0.02308265078183172,0.007446016381236039,0.11020104244229337,0.0022338049143708115,0.05286671630677588,0.02084884586746091,0.03425167535368578,0.058823529411764705,0.07446016381236038,0.008190618019359643,0.03425167535368578,0.018615040953090096,0.008935219657483246,0.0387192851824274,0.004467609828741623,0.016381236038719285,0.0037230081906180195,0.008190618019359643,0.0052122114668652275,0.0007446016381236039,1.0,0.02283007200283709,0.024901882603379534,-0.023144104009577622,0.035461131598913606,0.025620954837970573,-0.006896911470334256,0.02876385093397831,-0.019766075890511846,-0.0030831311925439914,-0.016476243219119575,-0.009837760782572596,-0.03225358560108861,-0.016820002894640935,0.03332688691144927,0.011648042183252156,0.046673859058930775,-0.0021619982480168493,0.021670527847228737,0.021802089527318647,0.006443945415660795,-0.0024375185053069617,-0.009238333049505661,-0.016332066610867023,0.03234540274582091,0.019353409702829744,0.041084113163442126,-0.005944961498191829,-0.0057902544815417265,-0.018569421034750178,0.004136318850976149,-0.0013941214918673389,0.0020778953692671275,-0.02939073391349539,-0.038666221588840796,0.02636264255863983,-0.049423143870766316,0.015354664631192687,-0.02190808075392602,-0.03881938421283642,9.518058662947214e-06,1.0,0.02284708397899418,0.024429784715032883,-0.02433715365329363,0.0360928415060601,0.025309026550503027,-0.010493696193270903,0.029900226358136234,-0.02092172750131263,-0.005884594416692905,-0.013967181450861845,-0.01176329791225147,-0.03176325506735407,-0.013963729199536356,0.0357269722057248,0.012033651989970057,0.047081367255894555,0.00021381174887373646,0.01826883115522396,0.02232697724088621,0.0003188295164631583,-0.008205624335690862,-0.009759177699161726,-0.02198361122399871,0.034768910120676746,0.01863687112437803,0.04323375468870453,-0.001536068663658757,-0.004766582610339541,-0.017990655451284556,0.0005747413643666055,-0.004655400206321038,-0.0008793626722071846,-0.033232144459125285,-0.03912470537319558,0.02920395240008035,-0.04779306312112889,0.021032163214951518,-0.0137657644220752,-0.043775216570199005,0.0006095712155603073
3.5376003156226052,0.6648302873384353,0.892777364110201,0.0,123.0,129.0,122.0,88.0,64.0,43.0,21.0,13.0,8.0,2.0,0.0,134.0,122.0,131.0,127.0,123.0,130.0,117.0,125.0,122.0,123.0,125.0,117.0,0.13866231647634583,0.3768352365415987,0.48450244698205547,0.2600267379679144,0.33088235294117646,0.4090909090909091,0.01712583767684289,0.00967982129560685,0.01712583767684289,0.01340282948622487,0.022338049143708117,0.014892032762472078,0.0014892032762472078,0.006701414743112435,0.0037230081906180195,0.0052122114668652275,0.034996276991809384,0.011169024571854059,0.021593447505584513,0.006701414743112435,0.021593447505584513,0.022338049143708117,0.014147431124348473,0.0029784065524944155,0.008190618019359643,0.004467609828741623,0.004467609828741623,0.024571854058078928,0.0037230081906180195,0.035740878629932984,0.011169024571854059,0.010424422933730455,0.02531645569620253,0.04318689501116903,0.00967982129560685,0.0387192851824274,0.022338049143708117,0.012658227848101266,0.0975428145941921,0.004467609828741623,0.06403574087862993,0.02531645569620253,0.03276247207743857,0.049143708116157855,0.06701414743112435,0.011913626209977662,0.040208488458674606,0.014147431124348473,0.010424422933730455,0.04318689501116903,0.005956813104988831,0.011913626209977662,0.0014892032762472078,0.008935219657483246,0.008190618019359643,0.0014892032762472078,1.0,0.02084831002497854,-0.013759221089332158,-0.009987539207249117,0.012591424577609827,0.014382098594448195,-0.005794244340764029,0.033320835038721956,-0.032205322808806496,0.011199135268515185,-0.002008272672558274,0.041704410940263364,-0.003751213188329652,-0.00033098275557924664,-0.03417160409915539,-0.0035509972859941456,0.0525112518267029,-0.003785680652070418,0.01196145391756987,-0.0043357076021053815,0.027012820558597307,0.04416171644692454,0.026725509254943502,0.006546285761912099,-0.029910575170004772,-0.019070223731483354,0.04319388391243953,-0.019922715101379922,-0.019703065150452843,-0.029915693112655954,-0.022465799169240405,0.008277917128706364,-0.017020744848679287,-0.03637388284765534,0.007157778908306523,-0.03397745007957754,-0.006060701527671014,-0.014850526939198375,-0.04313616068288868,0.006439426076355424,-0.0234926877259876,1.0,0.020863845278350352,-0.014221232469013122,-0.009427612473608403,0.01285232663962412,0.01364059214799398,-0.006163157975418162,0.03441722152700617,-0.03395876268788802,0.013224433947269175,-0.002881017505608878,0.04131293278162048,-0.005716776735571971,0.0021633180221944464,-0.036067035871812786,-0.0004968000157880824,0.04942595399837605,-0.005136441554104902,0.011400162645659176,-0.00010671683376495954,0.024904834484273653,0.04568211797830231,0.022845279145951795,0.004527948366370359,-0.026611472288960537,-0.019063786093940216,0.044600059081751506,-0.030008310474071986,-0.01911632302939644,-0.030061890282990954,-0.019683139677407178,0.007663820479061155,-0.022950482522541227,-0.04150643506393794,0.014405542969556932,-0.03302858295945379,-0.0025224776848736903,-0.022342380910388683,-0.048738110130036434,0.008476931569860954,-0.01740692751088078
3.458207514948708,0.6297824249163084,0.8868205510052122,6.0,109.0,126.0,123.0,89.0,74.0,53.0,12.0,9.0,4.0,1.0,4.0,134.0,109.0,131.0,127.0,120.0,130.0,109.0,127.0,109.0,110.0,114.0,107.0,0.15081967213114755,0.36885245901639346,0.48032786885245904,0.2740014015416959,0.3265592151366503,0.3994393833216538,0.014892032762472078,0.008190618019359643,0.00967982129560685,0.01712583767684289,0.012658227848101266,0.01340282948622487,0.0007446016381236039,0.007446016381236039,0.005956813104988831,0.0052122114668652275,0.03052866716306776,0.014892032762472078,0.03350707371556218,0.004467609828741623,0.014147431124348473,0.016381236038719285,0.017870439314966492,0.0007446016381236039,0.007446016381236039,0.0029784065524944155,0.0029784065524944155,0.018615040953090096,0.0037230081906180195,0.02308265078183172,0.01563663440059568,0.01563663440059568,0.021593447505584513,0.0387192851824274,0.005956813104988831,0.0387192851824274,0.023827252419955324,0.011913626209977662,0.10945644080416977,0.004467609828741623,0.058823529411764705,0.029039463886820552,0.029039463886820552,0.07446016381236038,0.07967237527922562,0.008190618019359643,0.0387192851824274,0.01340282948622487,0.010424422933730455,0.0387192851824274,0.0007446016381236039,0.029039463886820552,0.0022338049143708115,0.008935219657483246,0.0052122114668652275,0.0007446016381236039,1.0,-0.016203053435890402,0.015004537081578626,-6.853680141966628e-05,0.028354250034837426,0.009608372791652928,0.015636774025451865,-0.002588860076938389,0.03872558087914959,0.03887415467452958,0.04247615766189386,-0.005547974923817197,0.031329160557533875,-0.02697623228045922,0.03264296579254572,0.031099416045174574,0.009656360024327888,-0.034619561261009534,0.026316635344730676,-0.05095234740335266,-0.003075513312881873,0.00840266033735714,-0.03242945153376992,-0.03388740224411447,0.03639484853909007,-0.015665384568067302,-0.04214033171178119,0.014087649183125722,-0.0008610006720999711,0.0113230824622869,-0.014712717965783122,0.002940065231264177,0.02689554462133211,0.024264388666441594,0.02868441246781797,-0.015153029155486874,0.0029356797529608973,-0.05572180621619154,0.0019360812997950164,-0.02662354426049196,-0.07409421072971312,1.0,-0.016215127246200306,0.014767867782003622,0.0004110352602160755,0.028236091107082813,0.010558486737137603,0.015221584918539586,-0.0024156696363341894,0.03768161861271967,0.03999323190694831,0.04230747350139462,-0.005316450636285781,0.028193080414357037,-0.028997241447516735,0.027259571220909964,0.03196798912713436,0.006346860150552769,-0.03760529933258884,0.01869464673908477,-0.05491420456120581,-0.01110825514965993,0.010832358290162528,-0.03607904137717685,-0.035590066142272885,0.031030842223778547,-0.012201025475651269,-0.045286849026016276,0.021196236304366324,0.0035559801352679915,0.01666603359918273,-0.015534929941718808,0.01368949732265638,0.030772760947240085,0.02762478252473299,0.037409765543526784,-0.009098208647557037,-0.0036384356238187937,-0.05406590243215613,-0.0018737432589087122,-0.03612983641254964,-0.07784811077997446
3.497517597487689,0.5959264201268171,0.8823529411764706,1.0,104.0,122.0,113.0,93.0,60.0,24.0,42.0,12.0,14.0,9.0,3.0,134.0,108.0,129.0,122.0,120.0,128.0,91.0,123.0,113.0,111.0,114.0,109.0,0.17252931323283083,0.38860971524288107,0.4388609715242881,0.2746077032810271,0.33238231098430815,0.3930099857346648,0.018615040953090096,0.008190618019359643,0.016381236038719285,0.014147431124348473,0.014892032762472078,0.01563663440059568,0.0014892032762472078,0.00967982129560685,0.005956813104988831,0.0037230081906180195,0.03276247207743857,0.010424422933730455,0.039463886820551006,0.0014892032762472078,0.020104244229337303,0.03052866716306776,0.016381236038719285,0.0037230081906180195,0.008935219657483246,0.006701414743112435,0.0014892032762472078,0.0193596425912137,0.0037230081906180195,0.028294862248696945,0.00967982129560685,0.010424422933730455,0.026061057334326135,0.03723008190618019,0.0022338049143708115,0.03052866716306776,0.029039463886820552,0.00967982129560685,0.10796723752792256,0.0029784065524944155,0.06105733432613552,0.026061057334326135,0.03052866716306776,0.05286671630677588,0.06850335070737155,0.010424422933730455,0.03723008190618019,0.018615040953090096,0.007446016381236039,0.04839910647803425,0.0007446016381236039,0.01340282948622487,0.006701414743112435,0.010424422933730455,0.006701414743112435,0.0029784065524944155,1.0,0.01992075490647033,-0.03503471394483213,0.0038530352723831164,-0.02515267318336343,0.021675907296354324,0.028847060774934177,0.02211534405028825,0.019918144951281982,-0.011675834170716812,-0.020474261413404936,0.013510747547730361,0.005028327487515123,-0.026730327167878588,-0.0034007212863711883,0.004413453118693798,-0.023561653147097867,0.05899997796076279,0.06422572168725825,0.04055422098644123,0.012941999797363098,-0.02636823615718308,0.008065250183602402,-0.005707662837931023,0.02164624710871958,0.03408920639584828,-0.017187493560049696,0.014181045421273625,0.009117445674935228,0.048509565145702975,-0.0035905153345323743,-0.0174985730448321,-0.02934926381347426,-0.005733518762934058,0.00721448511536999,0.054288658785864155,-0.016637896616906504,0.0002625029340952842,-0.013023889779352026,-0.021125740544430265,0.017276162702321733,1.0,0.019935598986132386,-0.03549850177820759,0.005302442045041883,-0.026708346098118847,0.023220874892752964,0.026214895009724147,0.023027755741759765,0.020258437983872293,-0.010131102970313362,-0.018149080155217226,0.01334257049642902,0.002521382783526457,-0.02876961877153169,-0.004320558460521473,0.0038391892006629986,-0.023363073267725666,0.060446003758762766,0.062429303152321876,0.044601503024032436,0.015680644864451036,-0.019500081848250674,0.010483463436516967,-0.012865089366274934,0.017525627177202085,0.024120995644463145,-0.021683516362860512,0.019322754701627348,0.010897348508099468,0.052333260649446656,-0.005960276791725941,-0.011594664563407006,-0.030307193502035104,-0.002663879060527806,0.0017718873549976333,0.047394253586487765,-0.03157291688566225,-0.0011508358757913986,-0.010741928804994479,-0.015955869710911313,0.017391328553981553
3.4839150281014106,0.6266653572432969,0.8801191362620998,6.0,106.0,119.0,109.0,87.0,97.0,43.0,35.0,45.0,11.0,5.0,9.0,134.0,107.0,124.0,117.0,110.0,128.0,99.0,119.0,111.0,110.0,115.0,106.0,0.20535714285714285,0.375,0.41964285714285715,0.27608695652173915,0.32463768115942027,0.3992753623188406,0.01340282948622487,0.004467609828741623,0.014892032762472078,0.006701414743112435,0.017870439314966492,0.017870439314966492,0.0029784065524944155,0.00967982129560685,0.0022338049143708115,0.004467609828741623,0.034996276991809384,0.011913626209977662,0.03052866716306776,0.007446016381236039,0.02084884586746091,0.03276247207743857,0.014147431124348473,0.0052122114668652275,0.011913626209977662,0.0052122114668652275,0.005956813104988831,0.02084884586746091,0.0029784065524944155,0.02531645569620253,0.014892032762472078,0.011913626209977662,0.03052866716306776,0.05286671630677588,0.0022338049143708115,0.0379746835443038,0.02308265078183172,0.007446016381236039,0.10647803425167536,0.0,0.05361131794489948,0.026061057334326135,0.03648548026805659,0.05063291139240506,0.07371556217423679,0.00967982129560685,0.035740878629932984,0.01563663440059568,0.008935219657483246,0.04169769173492182,0.0029784065524944155,0.01340282948622487,0.010424422933730455,0.0,0.006701414743112435,0.0022338049143708115,1.0,0.036338796302411484,0.018327884123332375,0.03520866234611366,0.0008442606828724706,-0.02119943779638778,-0.011736815194802555,0.03171919843692336,0.0696919918335133,0.052582303382102694,-0.05297221549696991,0.005396413002665212,0.011251890710891008,-0.0024325813504548436,0.008899018581230924,-0.03191817493044979,0.04420928721097868,0.03333421998029717,-0.021370118390185242,0.011103509106684823,0.016069535096098795,0.05615598211669265,-0.009996016432465619,0.037512831342401985,0.028549298434768163,-0.0012007523429149365,-0.004804027812253643,-0.03504457170764063,0.01042046824550774,0.001261736909072884,0.03076386448289298,0.014425338950634012,0.013056290072464598,0.01654501907397824,0.01914675766370609,-0.035913696405535135,-0.0017192392644694388,0.029610057604828918,0.015723394765176334,0.05600115246824606,0.013569145761719638,1.0,0.0363658743920556,0.017055297190167268,0.03406608556020813,-0.0019289805837893823,-0.02248723298195924,-0.011470919851924775,0.03359180537458345,0.07006034932234903,0.048278962175749604,-0.0626366253009667,0.001639694980961592,0.011150431239445998,0.005316891835636864,0.011632801260809624,-0.04035855547080029,0.03762651802407336,0.02959307943123755,-0.017408557051175125,0.013540259824823953,0.007047003965173678,0.058132281201819756,-0.010733358027672632,0.03720147038503732,0.02040100822716363,-0.014338078801233766,-0.0010562867071410432,-0.033332374777454744,0.005867963049390473,-0.001862559139963146,0.02728049055052875,0.015442966474438932,0.0015453429006708518,0.011635280569195461,0.025572540068499135,-0.03615148472031309,0.004507122762355661,0.018748049087040572,0.015399651880642956,0.05560088924424344,-0.0009664304509605151
3.4689328317426296,0.6035779889952191,0.8838421444527178,4.0,103.0,122.0,121.0,97.0,91.0,25.0,65.0,11.0,14.0,6.0,1.0,134.0,108.0,127.0,125.0,115.0,128.0,93.0,122.0,111.0,113.0,117.0,108.0,0.24242424242424243,0.36818181818181817,0.3893939393939394,0.2740899357601713,0.331192005710207,0.3947180585296217,0.02308265078183172,0.005956813104988831,0.012658227848101266,0.01340282948622487,0.008190618019359643,0.01340282948622487,0.0007446016381236039,0.005956813104988831,0.0052122114668652275,0.0014892032762472078,0.04393149664929263,0.011169024571854059,0.04095309009679821,0.006701414743112435,0.012658227848101266,0.020104244229337303,0.022338049143708117,0.0022338049143708115,0.012658227848101266,0.0029784065524944155,0.004467609828741623,0.021593447505584513,0.0029784065524944155,0.0387192851824274,0.01340282948622487,0.012658227848101266,0.03425167535368578,0.04169769173492182,0.0037230081906180195,0.039463886820551006,0.017870439314966492,0.010424422933730455,0.10498883097542815,0.0037230081906180195,0.05584512285927029,0.024571854058078928,0.03648548026805659,0.05584512285927029,0.06626954579300075,0.005956813104988831,0.045420699925539834,0.02084884586746091,0.006701414743112435,0.029784065524944156,0.0014892032762472078,0.016381236038719285,0.0014892032762472078,0.008935219657483246,0.007446016381236039,0.0007446016381236039,1.0,-0.017816948298104228,-0.0026722153520277146,-0.03868163731958343,0.03601017634136811,0.03529458409146719,-0.05401335570107123,0.02684398560243919,0.015657699971324608,-0.0014605288564424044,-0.02238393307298118,0.0011711640901395392,-0.003949741896985263,0.034537290665272204,0.030033727947051954,0.008980343628802472,-0.026977245443583132,0.012923905615265846,-0.0244835513205656,-0.0005364431172440428,-0.0072559903728124115,-0.012270738928438645,-0.04586360078155065,0.032841094670334275,-0.038711966315230655,0.011361661551861767,0.021646975319216482,-0.02259722543524499,-0.030408790498078066,0.0315216543833977,0.00453835151895614,-0.010963392080012393,0.011581057332661824,0.018728442466382965,0.03642813989502109,-0.033886652242512035,-0.002532976327484051,-0.017717679327123096,0.05234325487255183,0.007499585532613014,0.04440884086478265,1.0,-0.017830224712633343,-0.0029950698556324906,-0.03888221093841535,0.034780697785762024,0.03651865161619375,-0.054513534435286816,0.028278852307222206,0.018101885349628873,-0.007838496360899649,-0.017947460644272425,0.0038666054384201396,-0.010526498474880432,0.03541681095761315,0.03479429260790209,0.009401150811427847,-0.026296049760880714,0.014649609708301656,-0.029131047029481376,-0.002727950997662722,-0.003579360630218689,-0.015992234734110333,-0.05143821360820006,0.03879969912781429,-0.041370340011967696,0.009282673390231228,0.0290125370016042,-0.02806466600408356,-0.03939530751917269,0.04603650024212197,-0.004484233513156123,-0.01222301201073914,0.023419966132046593,0.018185153271334555,0.0273943677941093,-0.017129151954504103,-0.0031030489090310403,-0.02301817512087326,0.050280227439771674,0.012344825597590616,0.041826051714099435
3.4737441653995327,0.6179905264628358,0.8860759493670886,12.0,104.0,120.0,102.0,105.0,73.0,38.0,41.0,26.0,8.0,11.0,1.0,134.0,109.0,128.0,123.0,114.0,130.0,103.0,127.0,119.0,114.0,123.0,107.0,0.19656786271450857,0.37597503900156004,0.42745709828393136,0.273235499650594,0.3284416491963662,0.39832285115303984,0.012658227848101266,0.00967982129560685,0.014892032762472078,0.01340282948622487,0.014147431124348473,0.016381236038719285,0.0,0.011913626209977662,0.0029784065524944155,0.0052122114668652275,0.04169769173492182,0.011169024571854059,0.029784065524944156,0.008190618019359643,0.022338049143708117,0.022338049143708117,0.01563663440059568,0.0029784065524944155,0.008190618019359643,0.004467609828741623,0.004467609828741623,0.035740878629932984,0.0022338049143708115,0.03648548026805659,0.01712583767684289,0.008935219657483246,0.024571854058078928,0.027550260610573342,0.004467609828741623,0.040208488458674606,0.03350707371556218,0.007446016381236039,0.11243484735666419,0.0029784065524944155,0.05584512285927029,0.029039463886820552,0.03052866716306776,0.058823529411764705,0.05658972449739389,0.005956813104988831,0.03425167535368578,0.01712583767684289,0.0037230081906180195,0.05361131794489948,0.0022338049143708115,0.011169024571854059,0.0029784065524944155,0.0052122114668652275,0.004467609828741623,0.0022338049143708115,1.0,-0.007023775946406944,-0.01797854127123765,0.060062282663069795,-0.011707154835218597,-0.010873785400139162,0.021369455720777947,0.046313520469645285,-0.024082406877619342,-0.05517368959023208,-0.004092861731015953,-0.00723865951263784,0.04381779358266009,-0.0034983506407555904,-0.025264389184757725,-0.016541080176225215,0.010441473624163403,0.012608438884703315,-0.04745082152079069,-0.00800029013146432,-0.017800554378088508,0.022381167957005725,-0.0008252164446274143,0.01980602227228311,0.02841426576415275,-0.03898699575852663,-0.019947028942783235,-0.011691154106276918,0.006644335257630302,0.00713853686897803,-0.02734374844783654,0.014081710508422737,-0.0022145582518464384,-0.006025386905743944,-0.020535697484168853,-0.03241550848699532,0.043832185160093205,-0.06943422248747683,-0.028624421214319826,-0.000865980739016955,-0.013952160654570946,1.0,-0.007029009758587562,-0.01805565395823937,0.0599635023061627,-0.01131735274837015,-0.008942456729644206,0.017411698185713184,0.0480176685753792,-0.022108985976116977,-0.0571629369344906,-0.010873218906426629,-0.004812442754256475,0.05104835856431888,-0.006096870471807303,-0.026378754296691356,-0.01909648964665896,0.016808508797057288,0.015131467536162983,-0.05199134948533427,-0.01696443033315538,-0.018464021285672354,0.03848194725566586,-0.00035614452862240775,0.01643561411759888,0.02128781397018985,-0.03139067490100292,-0.018006490767899227,-0.020617318094143865,0.004005391918075679,0.004701012960595195,-0.021764865076706753,0.014875233454876879,0.003599899404023188,-0.003402766300085352,-0.027466306779430953,-0.0384488126781359,0.04095026538313664,-0.06471444154614062,-0.027215969660820773,-0.010178151971782538,-0.006681367445377682
3.48578040340677,0.6393988355892861,0.8935219657483247,7.0,105.0,125.0,111.0,85.0,88.0,30.0,49.0,25.0,6.0,30.0,6.0,134.0,110.0,130.0,117.0,113.0,128.0,93.0,127.0,111.0,112.0,122.0,104.0,0.2158920539730135,0.3403298350824588,0.44377811094452774,0.27765881513204854,0.3233404710920771,0.39900071377587437,0.0193596425912137,0.004467609828741623,0.01340282948622487,0.01340282948622487,0.02084884586746091,0.006701414743112435,0.0,0.0052122114668652275,0.006701414743112435,0.0007446016381236039,0.035740878629932984,0.005956813104988831,0.03350707371556218,0.007446016381236039,0.014892032762472078,0.029784065524944156,0.01340282948622487,0.0029784065524944155,0.00967982129560685,0.0037230081906180195,0.0037230081906180195,0.03127326880119136,0.0037230081906180195,0.03127326880119136,0.012658227848101266,0.014892032762472078,0.023827252419955324,0.0387192851824274,0.0037230081906180195,0.0387192851824274,0.03350707371556218,0.011913626209977662,0.10796723752792256,0.0022338049143708115,0.04765450483991065,0.020104244229337303,0.0387192851824274,0.06031273268801191,0.07371556217423679,0.010424422933730455,0.02531645569620253,0.02308265078183172,0.0052122114668652275,0.04169769173492182,0.008935219657483246,0.011169024571854059,0.0014892032762472078,0.010424422933730455,0.011169024571854059,0.004467609828741623,1.0,-0.011751370700036628,0.011271867609956781,0.01516025118908887,0.08390309521335773,0.03502547316386953,0.02796971976106777,-0.006186587525454859,0.005967059653531483,0.009474732584371665,-0.07719981872603672,0.03925477833330341,0.004454532938129033,0.018340346801174634,0.03616789600273089,0.06613929113668325,-0.029204995683204633,0.04073342025898488,0.042209255355647256,0.042459690438304096,0.03823300573460132,-0.0024610049940024937,0.007341487631271031,0.03244264123294706,-0.009832850028327289,-0.03686307760499462,-0.03910071242715158,-0.001977546519800622,-0.006478339353827189,-0.00843049454132712,0.04519606853434854,-0.03768832379785627,-0.028133464733568717,0.04118880469072022,0.03277975081244018,0.028155871352153305,0.01820231414658024,-0.02086413859184824,0.025441681692286503,0.01725699094802843,-0.01498328797753557,1.0,-0.011760127310096282,0.011151920470211307,0.015460676592972688,0.08442930269378954,0.03719246503439681,0.027325338054097672,-0.008786411742905283,-0.003045147921204704,0.002737326927834961,-0.08417907576912012,0.036574599904423966,0.006368833757395358,0.02026848204567788,0.049997636201499836,0.06828292129725737,-0.028043883591461084,0.031389466345714094,0.034604764699227644,0.029837239572276315,0.029579623469167676,-0.004248201166526953,-0.001526459860469644,0.023161200880597217,-0.014453494469315075,-0.03514590872996888,-0.055466039761149534,-0.0018125923854291528,-0.0059330778181506975,-0.0036635598453876165,0.06003617116077144,-0.035262277920380045,-0.03823471681389931,0.040342724573040986,0.018969661191550576,0.02325521023113211,0.016913688249639822,-0.028877264873153764,0.01305000724636816,0.014646438523264086,-0.007352214488565979
3.4806609906284063,0.6091394195303735,0.8905435591958303,3.0,120.0,125.0,117.0,100.0,91.0,38.0,66.0,8.0,9.0,2.0,0.0,134.0,124.0,129.0,125.0,121.0,130.0,104.0,129.0,125.0,124.0,125.0,113.0,0.23564064801178203,0.3446244477172312,0.41973490427098675,0.26500337154416725,0.3337828725556305,0.4012137559002023,0.01340282948622487,0.008935219657483246,0.012658227848101266,0.012658227848101266,0.007446016381236039,0.01712583767684289,0.0007446016381236039,0.008190618019359643,0.0022338049143708115,0.0037230081906180195,0.040208488458674606,0.010424422933730455,0.03648548026805659,0.006701414743112435,0.023827252419955324,0.024571854058078928,0.01563663440059568,0.0037230081906180195,0.004467609828741623,0.0037230081906180195,0.0022338049143708115,0.028294862248696945,0.0052122114668652275,0.02531645569620253,0.014892032762472078,0.007446016381236039,0.02084884586746091,0.040208488458674606,0.0037230081906180195,0.03425167535368578,0.03201787043931496,0.0193596425912137,0.10275502606105734,0.0007446016381236039,0.05361131794489948,0.02308265078183172,0.03723008190618019,0.058823529411764705,0.06329113924050633,0.00967982129560685,0.04393149664929263,0.014892032762472078,0.005956813104988831,0.04839910647803425,0.004467609828741623,0.023827252419955324,0.0029784065524944155,0.011169024571854059,0.0037230081906180195,0.0007446016381236039,1.0,0.008090487925343713,-0.06052370568887044,-0.0009458118061049451,-0.02631340378997363,0.036064183227870625,0.02772287550172641,0.01374492005051578,-0.0014477070152031713,0.012377747060646182,-0.024545364271582708,0.0076929695722531,0.00889774789252215,-0.00701876637302843,-0.020174574110431873,-0.06689087970451983,0.009751233492640494,0.031071762930018614,0.018252463468096294,-0.025552983364456,0.018861159515023835,0.011973661172650805,-0.023942900153583933,0.015114444529046756,-0.033775260008445954,-0.02751229328579971,0.001819058816594,-0.05250262214149647,0.04545351569914959,1.0469832965281962e-05,0.045897362192805574,-0.009720642495584906,-0.0252090660778306,-0.006284916054758338,0.007184416047259138,-5.5110842856416604e-05,0.013641727968143173,-0.004810775010743579,0.008482750079483108,0.01289182149969148,0.01601879102588655,1.0,0.008096516604870794,-0.06068350381700304,6.417942490880497e-05,-0.030175779724542672,0.03680173120030463,0.02384520900192587,0.017990122096852437,0.0006187015189701164,0.016518150406940903,-0.02515974763737615,0.009033336934098581,0.0038174753943755386,-0.006093274087186248,-0.022362554548184293,-0.06706865943334711,0.00894833249611985,0.02288284495593286,0.018342502635788512,-0.024402869570641295,0.028040147255941204,0.013876871472715433,-0.02055732955345878,0.013015172151340728,-0.035527408367527005,-0.02956222735550074,-0.004029243452827182,-0.055888492679290705,0.045719045733807064,-0.011639025548793211,0.05499898752373271,-0.008143238182378287,-0.009853483841032285,-0.005091540475035017,0.0037576122813894252,-0.004761302961778109,0.015851607047872703,-0.013938944724505341,0.014487486635047885,0.005815093193694781,0.018202006462329945
3.491623586787039,0.6416666480081126,0.8845867460908414,3.0,101.0,120.0,106.0,83.0,85.0,28.0,49.0,35.0,10.0,7.0,1.0,134.0,108.0,128.0,123.0,117.0,130.0,51.0,125.0,118.0,111.0,122.0,90.0,0.21815286624203822,0.37261146496815284,0.40923566878980894,0.2866617538688283,0.3456153279292557,0.367722918201916,0.00967982129560685,0.008190618019359643,0.011169024571854059,0.020104244229337303,0.014147431124348473,0.01340282948622487,0.0007446016381236039,0.010424422933730455,0.0029784065524944155,0.0037230081906180195,0.035740878629932984,0.010424422933730455,0.034996276991809384,0.0037230081906180195,0.023827252419955324,0.02531645569620253,0.012658227848101266,0.0037230081906180195,0.014892032762472078,0.0022338049143708115,0.005956813104988831,0.029784065524944156,0.0014892032762472078,0.03425167535368578,0.01340282948622487,0.014892032762472078,0.029039463886820552,0.05212211466865227,0.004467609828741623,0.034996276991809384,0.022338049143708117,0.01340282948622487,0.08786299329858525,0.0029784065524944155,0.049143708116157855,0.022338049143708117,0.03276247207743857,0.06999255398361877,0.06403574087862993,0.008190618019359643,0.0379746835443038,0.02308265078183172,0.006701414743112435,0.049143708116157855,0.004467609828741623,0.01340282948622487,0.0007446016381236039,0.0022338049143708115,0.0052122114668652275,0.0014892032762472078,1.0,0.022234791317568944,-0.016372011191366186,-0.012516366668089784,-0.06148967888490241,-0.014879372153753026,0.06061044936012343,0.039674461285542056,-0.009580310084248167,0.007571087443309055,-0.023066655022608358,-0.024269212140949077,0.03561988725548881,0.016355768736412906,0.03710820955630853,-0.000355899094592967,-0.011226899111421062,-0.026489564758311837,0.008991529350624007,-0.0261209247375155,0.05639937122217851,-0.00782208237547013,-0.045478321770222846,-0.06124354016212776,0.02048969172584166,0.03555551113792317,0.027954485722198615,0.013039339889241853,-0.015399034925842088,0.028706874222771336,0.02258144203574969,-0.004341061479047564,-0.001102749552492433,-0.02593113073977785,-0.04241379115242496,-0.01037013820050052,0.013457119295125292,0.013051491923686523,-0.015625317953639615,-0.012651123709856438,0.021769763332490595,1.0,0.022251359716464303,-0.01689991935502245,-0.011806549611071242,-0.061458563643230144,-0.01268096152068908,0.05953223570004599,0.03572560065178552,-0.01352042545623187,0.008791178395015385,-0.016202969179081685,-0.01755929202844528,0.03284935039281102,0.010499426630535103,0.03571822174679824,-0.004069882583870993,-0.005167006108367674,-0.019579012573966114,0.01166489482852151,-0.03150056682169779,0.05380103331252789,-0.017604797568480338,-0.04217850088645771,-0.05984225711937577,0.029309134412773396,0.0364703468670509,0.015611441660113147,-0.00021704214783440284,-0.007793517333720057,0.04588925605966773,0.02742256086977099,-0.004283611465459658,-0.010547109624925515,-0.02711969811269559,-0.04227375944017186,-0.0045800902311575915,0.010571996407634347,0.014523324079355165,-0.029841835316325036,-0.013444292236893994,0.02723935201891476
3.5064251888978877,0.6462030610169033,0.8920327624720774,11.0,115.0,129.0,124.0,79.0,91.0,38.0,30.0,11.0,20.0,20.0,1.0,134.0,115.0,130.0,127.0,126.0,130.0,107.0,129.0,127.0,125.0,127.0,107.0,0.19730941704035873,0.34977578475336324,0.452914798206278,0.26482479784366575,0.34029649595687333,0.3948787061994609,0.01563663440059568,0.010424422933730455,0.0193596425912137,0.014892032762472078,0.01563663440059568,0.014147431124348473,0.0037230081906180195,0.0037230081906180195,0.006701414743112435,0.0037230081906180195,0.03425167535368578,0.010424422933730455,0.03350707371556218,0.004467609828741623,0.017870439314966492,0.02680565897244974,0.016381236038719285,0.004467609828741623,0.006701414743112435,0.0014892032762472078,0.0029784065524944155,0.02308265078183172,0.0052122114668652275,0.020104244229337303,0.01563663440059568,0.01340282948622487,0.02084884586746091,0.04095309009679821,0.0037230081906180195,0.035740878629932984,0.03052866716306776,0.01340282948622487,0.10424422933730454,0.0037230081906180195,0.05361131794489948,0.027550260610573342,0.044676098287416234,0.05658972449739389,0.06180193596425912,0.014147431124348473,0.029039463886820552,0.022338049143708117,0.010424422933730455,0.054355919583023084,0.0022338049143708115,0.010424422933730455,0.0014892032762472078,0.006701414743112435,0.005956813104988831,0.0007446016381236039,1.0,-0.03456391235251193,-0.017382366169473834,0.07361691641597878,0.025376861299704897,-0.022953133436373695,0.013504127447291443,0.011796182474583543,0.0027938905746728447,0.0775432800546146,0.009874280642437535,-0.026715376766568294,0.0098515472863356,-0.011899780940052198,-0.040132767923744594,-0.015331360072517746,-0.0173507683686409,-0.004801941744656886,-0.03079976598521771,0.037142282996683464,0.060346801149698294,-0.010362414064126396,0.03538990055999975,-0.013860207132600373,0.02728018965573094,-0.023810929141719703,-0.0012609826232711124,-0.036671903059238925,-0.008528540156117882,0.03335468031016226,-0.018535977624230638,0.06933068556100046,0.002739748640926771,0.01138789471573262,-0.03594351769001414,-0.009309753422740692,-0.03611746785493036,0.0037909014611568624,-0.002498327147571296,0.08262761231418274,-0.02871159029590713,1.0,-0.03458966787587444,-0.018627021986337148,0.07263614197931653,0.030392211665339404,-0.01878238238028143,0.00762334059036524,0.007958068509515654,0.006173067958263353,0.07891534671300197,0.013377244420245474,-0.025037906160096934,-0.0030035025777528563,-0.0187080762385335,-0.03578447217284652,-0.01888952188849976,-0.021195757920029326,-0.001245491996180473,-0.034312755796604484,0.03665176401541514,0.0699884571621257,0.0010365632504113066,0.037806332008481096,-0.017245696455497665,0.03038659464795492,-0.023428601341842995,-0.003830874129267624,-0.040553177966154506,-0.020527144082965437,0.019619849682690885,-0.014404781692740006,0.07245431052478511,0.0026629841449005236,0.01816599021904619,-0.036944816284500234,-0.009632750136717933,-0.030983323143959293,0.010687831461718634,-0.0017887791729693815,0.08521306066876025,-0.03594675359203542
3.451476530556465,0.624542988550181,0.8816083395383469,5.0,77.0,119.0,125.0,89.0,85.0,6.0,53.0,19.0,8.0,7.0,0.0,134.0,97.0,131.0,127.0,120.0,130.0,35.0,128.0,115.0,115.0,125.0,74.0,0.2411467116357504,0.40640809443507586,0.3524451939291737,0.29451540195341847,0.3583771600300526,0.34710743801652894,0.008935219657483246,0.005956813104988831,0.008935219657483246,0.016381236038719285,0.016381236038719285,0.01340282948622487,0.0014892032762472078,0.014147431124348473,0.0022338049143708115,0.0029784065524944155,0.040208488458674606,0.005956813104988831,0.03052866716306776,0.005956813104988831,0.016381236038719285,0.020104244229337303,0.012658227848101266,0.0037230081906180195,0.014892032762472078,0.004467609828741623,0.0029784065524944155,0.03723008190618019,0.0022338049143708115,0.034996276991809384,0.010424422933730455,0.014892032762472078,0.0387192851824274,0.04169769173492182,0.0014892032762472078,0.04393149664929263,0.020104244229337303,0.01563663440059568,0.10424422933730454,0.0037230081906180195,0.04393149664929263,0.026061057334326135,0.035740878629932984,0.06478034251675353,0.06478034251675353,0.0052122114668652275,0.0387192851824274,0.00967982129560685,0.007446016381236039,0.054355919583023084,0.0014892032762472078,0.01340282948622487,0.0022338049143708115,0.00967982129560685,0.0037230081906180195,0.0007446016381236039,1.0,0.04054566281929712,0.021831662789137396,-0.01400928555749484,0.012990202012753407,0.01837773742809714,-0.003241736611674183,0.023213702620971107,0.010675201684341102,0.043644164411654,-0.046547253107537157,0.015689360915352352,-0.022088878440822038,-0.011973759528092646,-0.0005578599359885934,0.02506674558756399,-0.010987084747705787,-0.007465215403266394,0.012987704739911147,0.004558274083275566,0.027849093864919197,-0.05369735129913543,0.02399258990403306,-0.02919533241682024,0.029991678148837197,-0.03632419508183845,-0.019539028100816917,-0.04961117640054565,-0.04609355560806734,-0.018585342076833638,0.014921229624376515,0.043838183792113274,-0.008717697454531595,-0.04513421910836028,-0.044230168568638935,-0.026276309005385294,0.01668762050234078,0.04143872828660336,-0.0030681171015618917,-0.027233333862476422,0.0026685346157647046,1.0,0.040575875682798856,0.0202511629231366,-0.015763960392630127,0.013806631054062303,0.01805212221857222,-0.00553538934904224,0.02337505140722474,0.009479454192660419,0.04165387777908398,-0.05046842756445331,0.018014561471178765,-0.02161696071096253,-0.013760063786677686,0.001139442353095857,0.02673848048939201,-0.016453260736231434,-0.004834368417147872,0.013741389532137858,0.007511715368266673,0.023658026894988006,-0.05236057943594876,0.025888530739473434,-0.03069551756640214,0.028726628403057078,-0.035452143895753484,-0.019286463370194552,-0.04997102752510649,-0.0397338069721904,-0.017747928745032067,0.027116848164809606,0.03724330562571748,-0.0020391587529523447,-0.052959307804805025,-0.032330375990146265,-0.025740192194351207,0.027847526257403735,0.04023421090142973,-0.009721501371454852,-0.034581599823019664,0.0051215530254894994
3.4675820287694448,0.6340669247545926,0.8793745346239762,4.0,115.0,122.0,115.0,84.0,85.0,61.0,41.0,19.0,18.0,1.0,2.0,134.0,117.0,127.0,127.0,122.0,128.0,103.0,129.0,126.0,115.0,125.0,113.0,0.19490254872563717,0.3538230884557721,0.4512743628185907,0.26671214188267395,0.33424283765347884,0.3990450204638472,0.014147431124348473,0.005956813104988831,0.01340282948622487,0.01340282948622487,0.01563663440059568,0.006701414743112435,0.0007446016381236039,0.011913626209977662,0.0037230081906180195,0.0022338049143708115,0.04244229337304542,0.010424422933730455,0.03425167535368578,0.00967982129560685,0.01340282948622487,0.03276247207743857,0.024571854058078928,0.0037230081906180195,0.008935219657483246,0.0037230081906180195,0.0037230081906180195,0.02084884586746091,0.0022338049143708115,0.029784065524944156,0.011169024571854059,0.007446016381236039,0.026061057334326135,0.05137751303052867,0.008190618019359643,0.029784065524944156,0.027550260610573342,0.012658227848101266,0.10498883097542815,0.0022338049143708115,0.05286671630677588,0.01712583767684289,0.04244229337304542,0.06775874906924795,0.058823529411764705,0.006701414743112435,0.03425167535368578,0.012658227848101266,0.0052122114668652275,0.054355919583023084,0.0029784065524944155,0.01340282948622487,0.0014892032762472078,0.011913626209977662,0.0052122114668652275,0.0029784065524944155,1.0,-0.0027753684751343033,0.023368277396062904,-0.02366500702473452,0.03879430491899715,-0.020735902385251744,-0.024701541738653302,-5.5872258320471326e-05,-0.04442380773923006,0.01937301109411626,0.03411363911047636,0.04475681134619438,-0.020795853101355982,-0.04264234507699523,0.002169286555323082,0.008807932267988665,-0.011536194675089692,-0.010083237398543037,0.00732492927186138,0.032855191062244875,-0.024290512730543994,-0.009985800601102462,-0.0026702230301670848,-0.01822629581540452,0.016812930222493243,0.030439417548840452,0.04413216138740677,-0.004867105526070091,-0.037790513788132495,-0.001083960156380721,0.075087734939689,0.019736190178671304,-0.001982696434832761,0.0046681907934398095,0.02179072721822734,-0.020182011084051252,-0.06352563943566553,0.017793963081721965,0.03150358276781977,-0.03955066939754835,-0.009711449393802592,1.0,-0.0027774365589458886,0.02339559573644496,-0.02360262958988128,0.03828994387334096,-0.01962608610778797,-0.027256149528038474,0.002635119950640075,-0.04612099844909036,0.01981619246163877,0.03833395930718761,0.04125132308667751,-0.018701541489395058,-0.047260739436563594,0.0004406246388027366,0.009361192198298974,-0.010532462278565977,-0.0038386648923662103,0.008255724415992325,0.03316727484199096,-0.02903191041982364,-0.017808018874409717,-5.832247264972475e-05,-0.016147668527904762,0.023003496439095914,0.031249382215076126,0.04137537686991554,-0.0001390732133146773,-0.04641984158973104,-0.006944107278450291,0.07807340824173217,0.027791577933136462,0.0052512910562384826,0.005140050774460203,0.016350627996774284,-0.026055642650826733,-0.07467847774829227,0.020972997898537515,0.05178416124246209,-0.033597150407778935,-0.01596956162997232
3.49983111547582,0.6385895115114768,0.8875651526433358,7.0,106.0,121.0,114.0,71.0,103.0,44.0,46.0,25.0,28.0,11.0,1.0,134.0,117.0,125.0,121.0,117.0,129.0,101.0,126.0,123.0,124.0,125.0,101.0,0.23042836041358936,0.3515509601181684,0.41802067946824223,0.2695772695772696,0.3361053361053361,0.3943173943173943,0.01563663440059568,0.012658227848101266,0.016381236038719285,0.01712583767684289,0.014892032762472078,0.014147431124348473,0.0014892032762472078,0.007446016381236039,0.0029784065524944155,0.0014892032762472078,0.04690990320178704,0.0052122114668652275,0.034996276991809384,0.0052122114668652275,0.014147431124348473,0.022338049143708117,0.017870439314966492,0.0007446016381236039,0.006701414743112435,0.007446016381236039,0.0022338049143708115,0.02680565897244974,0.0022338049143708115,0.024571854058078928,0.017870439314966492,0.014147431124348473,0.03127326880119136,0.04244229337304542,0.0052122114668652275,0.03425167535368578,0.021593447505584513,0.01340282948622487,0.09828741623231571,0.0052122114668652275,0.04839910647803425,0.023827252419955324,0.03723008190618019,0.06031273268801191,0.06775874906924795,0.011913626209977662,0.039463886820551006,0.02084884586746091,0.005956813104988831,0.039463886820551006,0.0052122114668652275,0.018615040953090096,0.0,0.00967982129560685,0.004467609828741623,0.0014892032762472078,1.0,-0.018382590195094726,0.019128736609833392,0.006429650350605832,-0.014564255791826165,0.05532288619487206,-0.025463632306589906,0.04028011842944203,-0.012764469095074544,0.013617626997648848,0.03623355568116392,0.02488753163500673,-0.002054197315846387,0.011889474983029166,0.005057488135460029,-0.008973461341592761,-0.023850083805409424,0.029612553256774157,-0.04227190207993201,0.045324033390407734,-0.02347543648819159,-0.013487982615536296,0.03612489710071186,0.028651489891446315,0.00946426717200536,-0.029273844709970274,-0.0238694085235228,-0.01730073179156065,0.027160390065373394,-0.023565195759418966,-0.017945993388217386,-0.004962699371938624,-0.058660858008346355,-0.019935883627622237,-0.009068550556554299,-0.006033769928470841,0.008512612789979775,-0.010280489815855068,-0.008673514099894307,0.0451053978716986,-0.029321489058687335,1.0,-0.018396288101350383,0.01882521314966845,0.007141093862792464,-0.014733278241769718,0.05479150776280095,-0.023201485299084383,0.03792693655031852,-0.011648079497168042,0.013882300606108518,0.033353919914604166,0.02978861266348115,-0.00778664909030224,0.014227844012063161,0.0027444386881982506,-0.010739566133989808,-0.027599813429312302,0.029589130631712906,-0.04444782327815043,0.044670782600342254,-0.024697730204888,-0.013780887624310163,0.031223740460134108,0.03986531105764294,-0.00206609217960668,-0.021319608053318166,-0.028157161773898317,-0.017668837943947167,0.02740840872504545,-0.024081723147293514,-0.02180570346201333,-0.0008068921090785536,-0.060965393566033456,-0.02894788478902252,-0.0065730416548423895,-0.0008038819662465649,0.006393312001890977,0.003109138050403701,-0.011597187453548832,0.053896186463973095,-0.02278201183780493
3.522084805005288,0.6495692923337282,0.885331347728965,19.0,108.0,117.0,116.0,80.0,94.0,14.0,60.0,5.0,10.0,6.0,1.0,134.0,108.0,121.0,119.0,117.0,126.0,93.0,123.0,111.0,111.0,113.0,99.0,0.2746031746031746,0.3349206349206349,0.3904761904761905,0.27854545454545454,0.3330909090909091,0.38836363636363636,0.010424422933730455,0.011913626209977662,0.016381236038719285,0.016381236038719285,0.016381236038719285,0.01563663440059568,0.0007446016381236039,0.0037230081906180195,0.0052122114668652275,0.0022338049143708115,0.03723008190618019,0.011169024571854059,0.03276247207743857,0.004467609828741623,0.01563663440059568,0.022338049143708117,0.012658227848101266,0.0029784065524944155,0.006701414743112435,0.0029784065524944155,0.0029784065524944155,0.02531645569620253,0.0022338049143708115,0.029039463886820552,0.01712583767684289,0.016381236038719285,0.03127326880119136,0.04393149664929263,0.005956813104988831,0.0379746835443038,0.02680565897244974,0.011913626209977662,0.09233060312732688,0.0037230081906180195,0.06254653760238273,0.026061057334326135,0.039463886820551006,0.05361131794489948,0.06850335070737155,0.014892032762472078,0.029039463886820552,0.021593447505584513,0.008190618019359643,0.034996276991809384,0.0029784065524944155,0.021593447505584513,0.0022338049143708115,0.008190618019359643,0.008935219657483246,0.0022338049143708115,1.0,0.007208725540563374,-0.01935968393305261,-0.027295315312541035,0.02983405531834883,0.0021382519627715945,0.012966147358731677,-0.005328740400556281,0.004324414777487882,0.0029299205462889736,-0.005891562348269229,0.03346809884468209,-0.03614013094367367,-0.026604695754171504,0.023229470067629585,0.03394097037570325,0.01554443044356823,0.026230642955303026,0.01868246805863771,0.034317601002386205,-0.03241320109187959,-0.044610361848921413,-0.009619516806652753,-0.0014225964568738878,0.023556885766565356,0.008638578250845281,0.009839615709794261,0.027837423771985094,0.0038539679092512414,-0.035431173053883415,0.0072324674483086205,0.028507062667333827,0.027783780009013558,0.012391785801973712,-0.025153253576953402,-0.03655258571760299,-0.0018842015761126047,0.028231292745486455,-0.02868416844903395,0.032590982322867494,0.027822379587592427,1.0,0.007214097169133093,-0.01944161243795904,-0.027085226935033718,0.029967135406907052,0.0006630870305032059,0.013423565684797484,-0.003877778167080429,0.004107433560314734,0.003353101001655406,-0.006884220448433303,0.03451295036205007,-0.03762269878079957,-0.025476342347100202,0.024731257355973316,0.02901309461284676,0.017119062559896918,0.029574741041219255,0.02098415264450897,0.034804573607336284,-0.03328324036890208,-0.04430333972629979,-0.011876240467267407,-0.006001452407527674,0.023588969456543308,0.006596091731093955,0.01181202344921961,0.03411252116168576,0.0036912112027949135,-0.03452604399947632,0.006512338463176343,0.029013451184984235,0.025400106032029506,0.006869337664908687,-0.028698023782611798,-0.03739352012793627,-0.001287929864163907,0.030119105446887607,-0.029745343113772152,0.04270732759748307,0.03613699266700489
3.5275075386857275,0.6318287584915082,0.8838421444527178,1.0,111.0,121.0,123.0,89.0,75.0,36.0,28.0,9.0,17.0,6.0,0.0,134.0,111.0,125.0,127.0,122.0,127.0,111.0,129.0,111.0,123.0,127.0,110.0,0.16883116883116883,0.38636363636363635,0.4448051948051948,0.2676733013040494,0.33150308853809196,0.4008236101578586,0.017870439314966492,0.008935219657483246,0.01712583767684289,0.01340282948622487,0.012658227848101266,0.01712583767684289,0.0037230081906180195,0.0052122114668652275,0.006701414743112435,0.0037230081906180195,0.044676098287416234,0.012658227848101266,0.03052866716306776,0.007446016381236039,0.0193596425912137,0.03425167535368578,0.017870439314966492,0.0037230081906180195,0.006701414743112435,0.005956813104988831,0.0007446016381236039,0.027550260610573342,0.0,0.02680565897244974,0.012658227848101266,0.011913626209977662,0.02680565897244974,0.03052866716306776,0.0037230081906180195,0.03648548026805659,0.022338049143708117,0.011913626209977662,0.08562918838421445,0.0029784065524944155,0.058823529411764705,0.02084884586746091,0.03127326880119136,0.06180193596425912,0.06701414743112435,0.006701414743112435,0.04244229337304542,0.01712583767684289,0.011169024571854059,0.044676098287416234,0.0052122114668652275,0.022338049143708117,0.0037230081906180195,0.008190618019359643,0.008190618019359643,0.0007446016381236039,1.0,0.03411222681748073,0.02242797147286135,0.010046691652073433,0.016572565801274756,-0.014599803136977185,0.044170235792546655,0.016931534606741346,0.06268367001026236,-0.01052743309934924,0.0021436723170824047,0.04221777022817271,0.015023106806219835,0.008206511056346049,0.04680232173353905,-0.016019397032538393,-0.0009044395560183182,-0.008405912682609113,0.06059113962377216,-0.017406461283951232,-0.04304838319278066,-0.003334072391162793,-0.022873627608069016,-0.03242973286481075,-0.004192494308477888,-0.0037630400950103534,-0.024447800105771206,0.002389030314708087,-0.02420015635100798,-0.02216204606821252,-3.727588664569717e-05,-0.02682435521592055,-0.04427159972233991,-0.01645843677842679,0.015497672919725043,-0.0458561612557799,-0.048704994331943086,-0.036617100169427035,-0.0230481432485692,-0.010496338009843549,0.0017614594914110231,1.0,0.034137645764438604,0.02132088914986274,0.008604842614844926,0.015547649438058515,-0.016156616194703637,0.04471439672255871,0.014447785278245506,0.06041117776564804,-0.015735210457031884,-0.0013446981120122238,0.0432139212112224,0.009334759600356228,0.007075534520585379,0.03990173452488932,-0.021675595389947174,-0.0036744527841765266,-0.01019332780179503,0.059797192256160384,-0.025804679566581876,-0.049998826822160586,-0.00017394198996707147,-0.029600575875939106,-0.024772535387321742,-0.006548722549602525,-0.006462016946292945,-0.0266410976217205,0.009551389895771721,-0.018174809692642686,-0.02289264086735045,0.007227990547668819,-0.020232428905792764,-0.04611843440265125,-0.00581148412315177,0.029831925103302823,-0.04616403736787933,-0.04721750250120117,-0.024883259376072973,-0.013072509063422551,-0.0018032600972932118,0.011318404706218801
3.4499081229985133,0.6211664185054058,0.8786299329858526,1.0,119.0,128.0,119.0,98.0,100.0,15.0,38.0,4.0,16.0,4.0,1.0,134.0,119.0,129.0,127.0,120.0,126.0,107.0,126.0,119.0,123.0,123.0,113.0,0.2161741835147745,0.36858475894245724,0.4152410575427683,0.26330150068212826,0.33356070941336974,0.40313778990450205,0.011913626209977662,0.0037230081906180195,0.011913626209977662,0.020104244229337303,0.01340282948622487,0.01563663440059568,0.0,0.008935219657483246,0.0029784065524944155,0.006701414743112435,0.03723008190618019,0.011169024571854059,0.03201787043931496,0.008190618019359643,0.021593447505584513,0.03127326880119136,0.012658227848101266,0.0029784065524944155,0.005956813104988831,0.004467609828741623,0.007446016381236039,0.017870439314966492,0.0029784065524944155,0.034996276991809384,0.011169024571854059,0.010424422933730455,0.026061057334326135,0.044676098287416234,0.0029784065524944155,0.035740878629932984,0.023827252419955324,0.012658227848101266,0.11392405063291139,0.0029784065524944155,0.055100521221146684,0.02531645569620253,0.03723008190618019,0.05584512285927029,0.07222635889798958,0.0029784065524944155,0.0379746835443038,0.014892032762472078,0.006701414743112435,0.04765450483991065,0.0,0.014147431124348473,0.0037230081906180195,0.008935219657483246,0.005956813104988831,0.0007446016381236039,1.0,0.017108588753417763,-0.024440127139289662,0.006433970211240668,-0.04591997074560283,-0.04559674895321084,0.02392203043209021,0.00723687706136707,0.018242833495229174,0.03409819917515719,0.012869257179759333,-0.032408775445026815,0.0035544555768067657,-0.01894085830430812,-0.016082576562460475,0.016467614009503546,0.047710697768614314,-0.03479396639277239,-0.020006731356362707,0.007987304187360754,-0.015846496682565103,-0.022211540092829805,0.010664638564093502,-0.01500071267678659,-0.029252180801249524,0.013892235984755336,0.052590817363785174,-0.03348177311447695,0.039862636888169,0.005514387544504492,-0.03875456766192573,0.028742368388688027,-0.030571423615429975,-0.002032738499443741,-0.029590047027616626,0.01780169691068486,0.029598407698393482,-0.06331289709565335,0.007668089200449801,0.0004530953905475121,0.0041496907555916935,1.0,0.01712133732923997,-0.024776981059975254,0.007308672685470387,-0.04695126825516475,-0.04390247053557189,0.023272671115797915,0.004891587666533922,0.017908800319635022,0.02975365537595449,0.012939797467900268,-0.02929098841040287,0.006433067575684771,-0.01697135695371182,-0.012022283435868758,0.012979321132394884,0.04417362007187385,-0.03716846162442151,-0.021382464400200186,0.00767485699955422,-0.009302950051989056,-0.020383397219911725,0.004467849323619947,-0.015268422306139996,-0.03154898557073632,0.008974278168446918,0.054674957611461204,-0.03134743164104966,0.03890023883524712,0.004103863919927233,-0.029618919182247915,0.02896678507549323,-0.036570458602085534,0.011624506131460611,-0.04106697851390456,0.014073248915466997,0.03133327012322286,-0.07022652025713282,0.006509795317008927,0.0033359843597343176,0.012398137459977148
3.4393132417646113,0.6125189526576126,0.8816083395383469,18.0,84.0,117.0,112.0,74.0,104.0,21.0,43.0,16.0,7.0,10.0,3.0,133.0,93.0,123.0,122.0,104.0,127.0,61.0,121.0,112.0,107.0,115.0,78.0,0.270935960591133,0.34318555008210183,0.38587848932676516,0.29398148148148145,0.3433641975308642,0.3626543209876543,0.017870439314966492,0.007446016381236039,0.010424422933730455,0.014892032762472078,0.008935219657483246,0.012658227848101266,0.0007446016381236039,0.007446016381236039,0.0037230081906180195,0.0014892032762472078,0.03052866716306776,0.008935219657483246,0.03350707371556218,0.008190618019359643,0.011913626209977662,0.029039463886820552,0.011913626209977662,0.0014892032762472078,0.005956813104988831,0.0037230081906180195,0.0022338049143708115,0.03350707371556218,0.0,0.03127326880119136,0.014147431124348473,0.014147431124348473,0.028294862248696945,0.055100521221146684,0.0022338049143708115,0.03276247207743857,0.027550260610573342,0.011913626209977662,0.10945644080416977,0.0029784065524944155,0.04765450483991065,0.02084884586746091,0.04169769173492182,0.05658972449739389,0.07520476545048399,0.007446016381236039,0.0379746835443038,0.027550260610573342,0.0029784065524944155,0.04244229337304542,0.0037230081906180195,0.016381236038719285,0.0037230081906180195,0.01340282948622487,0.0052122114668652275,0.0007446016381236039,1.0,0.03467800992395367,-0.04998046714867597,-0.000725294221883463,-0.0032320610650809333,-0.028778044784799176,0.021974896402145363,-0.03171118293827096,-0.02733338897404874,0.03162527962952662,-0.03436598166606253,-0.013760476183396453,-0.044825314589945875,-0.014638945277102805,-0.012837843352624815,0.021557657183242408,0.01002761516614415,-0.018389624907158675,-0.028317667775690367,0.0054394510595630234,-0.027564886378506404,-0.011164071164096881,0.033730318749527005,0.016716442508318923,-0.005345994162691427,-0.034503878350425406,-0.05837608809016867,0.004972798719988595,-0.014324489034904117,0.04270671961367327,0.011333905273282196,0.005474097126371543,0.008312284028173508,0.00875436186821584,-0.004371773873657376,0.0020338659103277448,0.010155438631039659,0.03230480827980401,0.015440295199659533,0.02360590342617568,-0.04026513638666847,1.0,0.03470385046786122,-0.05132117549885168,0.0028914649421549273,-0.005912317504451152,-0.028554365612093815,0.023820195640892414,-0.03667564115786796,-0.022732310367102406,0.030207838422720037,-0.040585688963394095,-0.0067523618377691745,-0.05136882085330866,-0.012319255647371415,-0.015292144762118839,0.015813059009394576,0.009607544980346728,-0.021256362972331418,-0.028915290005666523,0.004114739247305305,-0.03440262609629969,-0.008417339554237844,0.027800235104190538,0.013255959319949452,-0.0076130897139850915,-0.0397215329726353,-0.058150724621862764,0.008070691150424502,-0.026450358441310325,0.04784066553501608,0.0015391655204083708,0.003428785731250719,0.007160175603779479,0.0026146703637058614,0.0006263248438576737,0.00317283266324885,0.0073881922919647415,0.03329869381204686,0.0004850982642340254,0.02983167537977974,-0.04210623959117703
3.5317928313147133,0.6441793882832656,0.8771407297096053,2.0,106.0,119.0,117.0,86.0,75.0,19.0,20.0,25.0,4.0,3.0,0.0,134.0,111.0,125.0,121.0,119.0,123.0,101.0,125.0,111.0,111.0,111.0,105.0,0.1684027777777778,0.4027777777777778,0.4288194444444444,0.2734430923407301,0.33070866141732286,0.39584824624194703,0.011913626209977662,0.008935219657483246,0.010424422933730455,0.020104244229337303,0.016381236038719285,0.02084884586746091,0.0007446016381236039,0.011913626209977662,0.0037230081906180195,0.0029784065524944155,0.03350707371556218,0.01712583767684289,0.04690990320178704,0.005956813104988831,0.02084884586746091,0.02680565897244974,0.011913626209977662,0.0029784065524944155,0.011169024571854059,0.0052122114668652275,0.006701414743112435,0.01563663440059568,0.0014892032762472078,0.03201787043931496,0.01340282948622487,0.01340282948622487,0.029039463886820552,0.04095309009679821,0.006701414743112435,0.027550260610573342,0.020104244229337303,0.012658227848101266,0.08860759493670886,0.005956813104988831,0.044676098287416234,0.027550260610573342,0.035740878629932984,0.06105733432613552,0.07446016381236038,0.006701414743112435,0.03648548026805659,0.017870439314966492,0.007446016381236039,0.045420699925539834,0.0037230081906180195,0.014892032762472078,0.0007446016381236039,0.008190618019359643,0.008935219657483246,0.0014892032762472078,1.0,-0.028850669044813017,0.004257455448881329,0.0006175061477371269,0.052654756098087806,0.02499836257919261,0.007799034625603792,-0.016092416774679635,0.03743179264805266,0.04963272095530213,-0.005138425182413569,0.015423848097675334,0.04435528037220125,0.039130842841610794,0.028319624056936322,0.009021987116226354,-0.004931249752829015,0.007925616829901056,0.02458493283491119,0.019639260524813885,0.0047561062480132995,0.003856534321135134,0.0005675811026265574,-0.008733529170683518,-0.028205223442479225,-0.007048254281180643,0.011770173566506677,0.00800720226283581,0.007464193908981545,0.08481765289456819,-0.04761168176149769,0.01634258601439442,0.030368430228120212,-0.027067834488350005,-0.01221448538744207,-0.03958317639864192,-0.024967031690855093,0.026952421883912305,0.012454157008426768,-0.008380742168699145,0.014408380753790818,1.0,-0.028872167307886647,0.003433064886292879,0.0008414026177249327,0.052884157450324216,0.028231398287598564,0.009050118085420165,-0.016090514512480954,0.03386758887201275,0.049649020346627666,-0.00393497991649999,0.01612763234920595,0.04300227599850695,0.03579490638300546,0.028130259600523434,0.009877401016625107,-0.009366502277227396,-0.002290795717941426,0.01855989081299103,0.019576767360428078,0.002532609658328102,-0.0017895725804168007,-0.006675351575838196,-0.016915826764101093,-0.034786021374540704,-0.013021770324536325,0.006213769784144735,0.0041727553813820295,0.008965111140270808,0.08989195024181607,-0.046285376594974635,0.008942017916944541,0.031718254698462976,-0.03368032825489304,-0.013983677664652564,-0.04070759475355409,-0.02637972862402534,0.022728063436545324,0.01384659536876738,0.002211091655038343,0.010040940600865949
3.4675898600086614,0.6030011896587542,0.8771407297096053,14.0,106.0,117.0,110.0,83.0,59.0,33.0,46.0,19.0,15.0,9.0,1.0,134.0,107.0,123.0,119.0,110.0,120.0,79.0,116.0,111.0,113.0,111.0,97.0,0.19444444444444445,0.3709150326797386,0.434640522875817,0.27611940298507465,0.33805970149253733,0.3858208955223881,0.010424422933730455,0.010424422933730455,0.010424422933730455,0.014147431124348473,0.01712583767684289,0.01563663440059568,0.0007446016381236039,0.008935219657483246,0.0022338049143708115,0.0007446016381236039,0.03723008190618019,0.005956813104988831,0.0379746835443038,0.005956813104988831,0.020104244229337303,0.022338049143708117,0.01712583767684289,0.0029784065524944155,0.01712583767684289,0.0052122114668652275,0.0029784065524944155,0.02531645569620253,0.0029784065524944155,0.035740878629932984,0.008935219657483246,0.011913626209977662,0.027550260610573342,0.04616530156366344,0.0022338049143708115,0.034996276991809384,0.02084884586746091,0.00967982129560685,0.10498883097542815,0.0022338049143708115,0.05956813104988831,0.021593447505584513,0.027550260610573342,0.054355919583023084,0.06180193596425912,0.007446016381236039,0.044676098287416234,0.017870439314966492,0.007446016381236039,0.05584512285927029,0.0029784065524944155,0.0193596425912137,0.004467609828741623,0.007446016381236039,0.008190618019359643,0.0,1.0,0.022891524558461697,0.023076573073812112,-0.00949076545763077,0.02030729711951496,-0.053080333209647904,-0.013962994175979234,0.034856933791856386,-0.0572302016668555,-0.03665748649321665,0.04260300235956165,0.0101148646842273,0.04162545268147308,0.008380632266607659,0.0026545024131264233,0.03028725297680455,0.03036775041375747,0.024683799105633824,-0.030278271163432156,-0.041923175651324966,-0.022439600472199225,-0.017340869782403425,-0.019377639420685582,-0.003687326074175923,0.021016482931904053,0.003287579722223284,0.0449297681193355,0.034138595264587526,0.02098350583551825,-0.0805955413059448,-0.014495699412690346,-0.04106521723169723,0.003300361357559947,0.00686056147273275,0.02770166487911708,-0.009454679964097169,-0.030974098454116836,-0.009022735431896701,0.02100459294108239,0.028654418501607132,0.04411055564169279,1.0,0.022908582326389006,0.022598046417498734,-0.010558108180399442,0.02032065661700128,-0.05382598609574083,-0.01260829006237735,0.038654578235809506,-0.060553505846477916,-0.0340263974108449,0.04646005022905308,0.0053345980338360775,0.04536442077304594,0.003419093115207358,-0.00860427632180877,0.04020895996313189,0.029027690804759837,0.018778496515894694,-0.027411087465006197,-0.043478953738914514,-0.013321253479851016,-0.008959548910687946,-0.022047012280081015,-0.0030662082109101617,0.020510505744083914,0.0034781319435826363,0.04369901850990595,0.02059899300836357,0.011702427852162146,-0.08199168389276247,-0.012630278380733079,-0.03459512078872004,0.01001450346338523,0.01523117321683559,0.026893059383645626,-0.0028625014925421476,-0.02932604746710289,-0.017987716823659485,0.013791670968865022,0.028629217361659912,0.04012915652707322
3.461863063020789,0.6214043956669923,0.885331347728965,3.0,109.0,114.0,115.0,62.0,81.0,50.0,36.0,18.0,25.0,11.0,5.0,134.0,113.0,117.0,121.0,120.0,120.0,99.0,127.0,115.0,112.0,117.0,108.0,0.1907790143084261,0.3497615262321145,0.4594594594594595,0.27156094084105487,0.33357091945830364,0.3948681397006415,0.01712583767684289,0.005956813104988831,0.00967982129560685,0.011913626209977662,0.011913626209977662,0.016381236038719285,0.0029784065524944155,0.008935219657483246,0.004467609828741623,0.0022338049143708115,0.035740878629932984,0.008190618019359643,0.03201787043931496,0.0029784065524944155,0.02680565897244974,0.021593447505584513,0.014892032762472078,0.0014892032762472078,0.0052122114668652275,0.0029784065524944155,0.0037230081906180195,0.026061057334326135,0.0029784065524944155,0.029039463886820552,0.012658227848101266,0.011169024571854059,0.029039463886820552,0.04765450483991065,0.0052122114668652275,0.0379746835443038,0.03276247207743857,0.011169024571854059,0.114668652271035,0.0029784065524944155,0.045420699925539834,0.020104244229337303,0.03350707371556218,0.06180193596425912,0.06850335070737155,0.014147431124348473,0.03276247207743857,0.017870439314966492,0.008935219657483246,0.05286671630677588,0.0022338049143708115,0.01340282948622487,0.0022338049143708115,0.007446016381236039,0.006701414743112435,0.0014892032762472078,1.0,0.013077288161341525,0.03856706259884917,0.03332972191921183,0.034470590851601514,-0.0018341308154654155,-0.0030165721786429064,-0.026476265091520162,0.02732604851786431,-0.0019861621065739065,-0.038020888905854096,0.015907932601602365,-0.032505024066541044,0.03247241655417975,0.005799829925185953,0.027524272312803955,0.03016618159950515,-0.004893146511989771,-0.038064849566798044,-0.02067071407043703,-0.013708378280507642,-0.002963693693590992,-0.01719360658823721,-0.059007936535500065,-0.01203937902096028,-0.0113301420764358,-0.04777107621081433,0.01882536661328637,0.001991184997931129,0.003802516905587006,-0.029913166343385377,0.07258111858073665,0.012797602898197194,0.012098487386530988,-0.029142258877936207,0.05329857449698713,0.012988242427239859,0.008618080831013817,0.014148287813134448,0.015761406013315778,-0.009199477955692318,1.0,0.01308703278739319,0.03845989906974734,0.03246855330495937,0.032387827168887044,-0.005109349005698899,-0.0065790810416168745,-0.028558680064819014,0.027651047643968932,1.594124767453803e-05,-0.03838370724717439,0.017065637011254076,-0.03250618615506868,0.035112767551779944,0.008531365480762351,0.02766569079941139,0.028506402364794903,-0.01282400820333793,-0.04020689551246599,-0.026112395331145066,-0.009523180159047902,0.0023978500992317296,-0.013814777957608349,-0.05460242754694695,-0.01349975967021134,-0.003828176708212216,-0.04157793962499218,0.02648152066997581,0.0037450811425252042,0.0008730585481945702,-0.03581325452445931,0.07620460781021123,0.013644034992983861,0.007186582975564414,-0.027104587930246365,0.04675857273816009,0.011878437125552331,0.008014052643524443,0.01865490606208377,0.01604673104017692,-0.01737819643637063
3.46738651741075,0.6216974179620168,0.885331347728965,3.0,91.0,124.0,121.0,93.0,79.0,22.0,41.0,4.0,7.0,9.0,1.0,134.0,96.0,129.0,127.0,110.0,130.0,85.0,117.0,104.0,107.0,113.0,98.0,0.20672268907563024,0.37815126050420167,0.4151260504201681,0.2822222222222222,0.33185185185185184,0.38592592592592595,0.011169024571854059,0.011169024571854059,0.010424422933730455,0.008190618019359643,0.01563663440059568,0.01712583767684289,0.0014892032762472078,0.008935219657483246,0.0037230081906180195,0.0014892032762472078,0.04393149664929263,0.00967982129560685,0.03425167535368578,0.0052122114668652275,0.02531645569620253,0.02531645569620253,0.016381236038719285,0.0022338049143708115,0.0052122114668652275,0.0029784065524944155,0.0014892032762472078,0.03052866716306776,0.004467609828741623,0.02680565897244974,0.011913626209977662,0.010424422933730455,0.027550260610573342,0.035740878629932984,0.008190618019359643,0.03052866716306776,0.018615040953090096,0.01712583767684289,0.10349962769918093,0.0014892032762472078,0.06552494415487714,0.029039463886820552,0.03127326880119136,0.058078927773641105,0.0781831720029784,0.010424422933730455,0.03648548026805659,0.011913626209977662,0.006701414743112435,0.04169769173492182,0.0052122114668652275,0.02084884586746091,0.0052122114668652275,0.007446016381236039,0.0029784065524944155,0.0007446016381236039,1.0,0.06561925522883112,0.08042867709327672,0.06463728994912547,0.047866467495322,0.07625325627065678,-0.01065833125056748,0.03311365699835198,0.024113665591094013,0.008397637385990381,-0.0021670602609600302,-0.012228760541360252,-0.050516832129248644,0.04204263115983152,-0.01828745906763082,0.01151916132717816,-0.016462185340190075,0.07212900699925123,0.006779099538181642,0.007704420396872032,-0.014913936164240112,0.01319359229562488,0.014161124381265263,0.058504086358127635,-0.004903907630310976,-0.005520563415472366,0.022239657558820333,0.009624028733927441,-0.011275449475815396,0.0377605321458029,0.024652253261906964,-0.0372029488219203,0.022435698104801415,-0.008745768156630479,0.03820120567301882,-0.00803382593040413,-0.017346366982649106,0.01721872493387275,0.024711867646272468,-0.00732959810324323,0.023293363592108353,1.0,0.06566815184226543,0.07656650241164112,0.055432142895052716,0.035284763356470815,0.06364549250729844,-0.02836392970461644,0.021071189739528654,0.014949117043067617,-0.0007145220248513613,-0.011610394131983377,-0.013567854740712895,-0.055600138487403895,0.05011425984366041,-0.014993441506471148,0.014394579065156184,-0.016134185389955737,0.08059330821691317,-0.007908291834826256,0.006861792073519973,-0.027163414386187405,0.012586780945210159,0.001690190338229073,0.06463105745085643,-0.02168229329499422,-0.008201159646760726,0.009574514274382046,0.011421435215030045,-0.024581393219891733,0.0558086247292458,0.007638592982563438,-0.04625675089137747,0.016958837374575562,-1.585222610373861e-07,0.02647934283091225,-0.0027320425823342764,-0.027579626497383797,0.017620422481225962,0.028843904093001624,-0.014126796268241341,0.012914336418503676
3.503576209117928,0.652652967087036,0.8801191362620998,1.0,113.0,125.0,113.0,94.0,94.0,27.0,18.0,17.0,11.0,0.0,5.0,134.0,112.0,129.0,114.0,115.0,127.0,111.0,127.0,113.0,115.0,115.0,111.0,0.18284789644012944,0.3802588996763754,0.4368932038834951,0.27266338721011946,0.32115249472944485,0.4061841180604357,0.01340282948622487,0.007446016381236039,0.011913626209977662,0.01340282948622487,0.008935219657483246,0.016381236038719285,0.0007446016381236039,0.0052122114668652275,0.0022338049143708115,0.0022338049143708115,0.04839910647803425,0.011169024571854059,0.034996276991809384,0.008190618019359643,0.018615040953090096,0.022338049143708117,0.02084884586746091,0.0029784065524944155,0.01563663440059568,0.0052122114668652275,0.0037230081906180195,0.024571854058078928,0.005956813104988831,0.027550260610573342,0.011913626209977662,0.010424422933730455,0.03276247207743857,0.034996276991809384,0.007446016381236039,0.04318689501116903,0.02308265078183172,0.011913626209977662,0.10052122114668652,0.004467609828741623,0.055100521221146684,0.027550260610573342,0.03201787043931496,0.058078927773641105,0.07222635889798958,0.008935219657483246,0.03425167535368578,0.0193596425912137,0.011913626209977662,0.03425167535368578,0.0007446016381236039,0.012658227848101266,0.0029784065524944155,0.011913626209977662,0.0029784065524944155,0.0022338049143708115,1.0,-0.02124371603291586,0.07459730674483973,0.020582011975801662,-0.02230239733902457,-0.028854592713863363,0.025485356366063062,0.01053578494758307,0.013661368329493696,0.01873057561196112,0.01852843737183112,-0.04394234343777754,0.04268948722187469,0.025433124155116935,0.005029920842253646,-0.03390811718314059,0.039133049690989456,-0.03181701368441973,0.009044642862400407,-0.021795299022038757,-0.03098054502547051,-0.022375888273748316,0.010996142683501626,-0.008985924962943374,-0.029084212603247193,-0.006040842885060756,0.005646766267732088,-0.023880432740678578,0.04490001633414249,-0.009878326945512488,0.013577262240704359,0.001538908528213204,-0.012414205102659885,0.020939807177465557,-0.021693894046288877,-0.042338257793026766,0.0003241519414432214,0.00560065136454634,-0.03269884288366828,-0.008720787835898535,-0.010381330712901296,1.0,-0.02125954592563786,0.07429017149062395,0.023819912917799554,-0.027182859327805012,-0.03356962365797084,0.027775692687776087,0.01778923355224754,0.011097743060461851,0.01447094735867045,0.017373940181972716,-0.044776556859968494,0.03886676905767201,0.03489886240034647,0.003234987743409001,-0.04399176430389376,0.03447350348285368,-0.019542945907858943,0.004597911323446413,-0.023818422620390547,-0.033514501235522326,-0.019661159326339675,0.010318355372729337,-0.0007381015359501373,-0.032567215918575636,-0.011592238572035021,0.007344129877360552,-0.011918911635702915,0.04202980986742022,-0.005149005550417509,0.007814370670684351,0.0033650875409724232,-0.012683503555689804,0.032546680663356135,-0.022905875732594956,-0.05224175711749251,0.0009469349821876489,0.018597251674162842,-0.035960551615587394,-0.015780082380761205,-0.013070441939082472
3.4993559100115386,0.6432236086349952,0.8793745346239762,1.0,108.0,118.0,118.0,73.0,84.0,57.0,36.0,9.0,2.0,10.0,2.0,134.0,109.0,121.0,122.0,110.0,125.0,103.0,123.0,109.0,110.0,124.0,108.0,0.19579288025889968,0.3268608414239482,0.4773462783171521,0.2732474964234621,0.32260371959942774,0.4041487839771102,0.022338049143708117,0.0052122114668652275,0.011169024571854059,0.01712583767684289,0.0193596425912137,0.006701414743112435,0.0014892032762472078,0.0052122114668652275,0.004467609828741623,0.006701414743112435,0.0379746835443038,0.011913626209977662,0.03276247207743857,0.007446016381236039,0.02680565897244974,0.017870439314966492,0.008190618019359643,0.0029784065524944155,0.005956813104988831,0.0007446016381236039,0.0029784065524944155,0.021593447505584513,0.005956813104988831,0.03127326880119136,0.014147431124348473,0.014892032762472078,0.03350707371556218,0.045420699925539834,0.006701414743112435,0.03201787043931496,0.035740878629932984,0.014147431124348473,0.10498883097542815,0.007446016381236039,0.05956813104988831,0.02084884586746091,0.034996276991809384,0.045420699925539834,0.06329113924050633,0.008190618019359643,0.045420699925539834,0.01563663440059568,0.00967982129560685,0.04095309009679821,0.0014892032762472078,0.014147431124348473,0.0037230081906180195,0.005956813104988831,0.005956813104988831,0.0014892032762472078,1.0,0.0047079935964774835,0.06733069061880664,-0.016646225204895365,0.03712453345789109,-0.027474052161795322,0.0267607613326448,-0.014096033446687518,0.023033047865341428,0.022164604343429255,0.05543298684765134,0.0059294360966143265,0.025316758476148497,0.04638345869357315,0.04281188626639875,0.0032663267672152275,0.03733122184101867,-0.03367066306349891,0.032302620930442213,0.04131068553195025,0.019176612447003416,0.023450112546995944,0.05420175503593865,0.04061113911934413,0.010790312367947174,0.01272718264044479,0.0026405603771445098,-0.03323015963844549,0.00033469447922828403,0.018250012715342507,-0.028720454525114392,0.01924457721500546,0.021804910746226924,0.005756138788476662,-0.002852206716168109,0.018028375481121316,0.0403730639875094,-0.007114040313336914,-0.008624752765753838,-0.02447459669001303,-0.002442458509492647,1.0,0.004711501788427167,0.06741040739153217,-0.017376729183222823,0.03302015087721122,-0.025841831509625827,0.022428671755012685,-0.009922903734332494,0.01820912670232612,0.026360519822531483,0.05049726184961592,0.004942324816052845,0.017064861668790784,0.04800755985517271,0.03742363132765755,-0.0005073946639666256,0.03153710336289962,-0.03543798094706918,0.0259860543392624,0.04550986344576835,0.008269693917930657,0.021643764170046275,0.044955488200115475,0.03384485346972209,-0.0007622537277920042,0.0063976227661275845,-0.004005481208621546,-0.0387787192434123,-0.006432790372340883,0.014970078772311615,-0.034361789065219785,0.012683494603382549,0.01109017936154713,-0.004845759765129024,-0.01186075252543897,0.007794020825414355,0.040321825127592685,-0.014236286231808728,-0.018066045850660663,-0.025110453518926643,-7.290632096554402e-06
3.4677926023718735,0.6028212569455089,0.8808637379002234,2.0,104.0,121.0,118.0,88.0,86.0,26.0,38.0,19.0,10.0,14.0,0.0,134.0,107.0,125.0,121.0,115.0,124.0,93.0,120.0,109.0,110.0,111.0,102.0,0.2012779552715655,0.3753993610223642,0.4233226837060703,0.27571115973741794,0.33187454412837347,0.3924142961342086,0.014147431124348473,0.01340282948622487,0.016381236038719285,0.00967982129560685,0.017870439314966492,0.01340282948622487,0.0014892032762472078,0.004467609828741623,0.008190618019359643,0.0052122114668652275,0.040208488458674606,0.01340282948622487,0.03276247207743857,0.005956813104988831,0.018615040953090096,0.024571854058078928,0.016381236038719285,0.0029784065524944155,0.008190618019359643,0.0007446016381236039,0.0022338049143708115,0.023827252419955324,0.0037230081906180195,0.026061057334326135,0.012658227848101266,0.010424422933730455,0.024571854058078928,0.04318689501116903,0.0037230081906180195,0.040208488458674606,0.022338049143708117,0.011169024571854059,0.10647803425167536,0.0029784065524944155,0.05286671630677588,0.02531645569620253,0.034996276991809384,0.06924795234549516,0.06775874906924795,0.007446016381236039,0.04244229337304542,0.014147431124348473,0.004467609828741623,0.04244229337304542,0.0014892032762472078,0.01712583767684289,0.0022338049143708115,0.007446016381236039,0.008935219657483246,0.0,1.0,0.013804507131483934,-0.0055203157000097685,0.04737172992312727,0.025503694325227585,0.01968850740926898,-0.030370682186812735,0.016053484782941094,0.01840773522720052,0.026414948333697653,-0.012239650815647263,0.005868763228423932,0.015575634859502202,0.023955825755219685,0.0014364047347334471,0.043117542984136954,-0.01089419362271886,-0.01285134181735861,0.015366695832601916,-0.02763120144935228,0.04567822589327258,0.02737575708862921,-0.05161320060473231,0.061840039719138734,-0.012082769890173891,0.002674361944497128,-0.01914412455987552,-0.01303898505127279,0.056139095495552516,-0.012170563952261116,-0.0377145006469295,-0.012346536048223658,-0.016283697719368398,-0.001873238670284775,-0.02549953794869242,-0.007454366094450847,-0.04510220449550177,-0.032204072514955655,0.039360660510665925,0.01635409462673055,-0.051703615384337764,1.0,0.01381479364946565,-0.0057204891035217064,0.047644277733096804,0.024274328970294707,0.019711846776193528,-0.03307726658293273,0.014919536231177647,0.015266035775771472,0.028559514697753696,-0.013259984488152408,0.005520299580783688,0.010353447522567812,0.02437220826479111,0.0007832508717725995,0.04440659181028472,-0.01746483929073553,-0.013949669625900987,0.010899919919574896,-0.027657931158592775,0.046452137769503916,0.02782888944121567,-0.05409486514171009,0.06073008943896173,-0.02019527954591763,0.005710809264294053,-0.021435648855398944,-0.013362058872505203,0.051286659216258926,-0.010173424019818708,-0.03935474716872566,-0.011177238780589915,-0.023808868078982068,-7.547915726390192e-05,-0.017786683487919213,-0.0076786432858015705,-0.05377761486128008,-0.02397348811331239,0.038282410459258454,0.028643235059041365,-0.04983346071743749
3.4597748651562923,0.612267321587383,0.8860759493670886,21.0,87.0,126.0,110.0,71.0,97.0,19.0,51.0,15.0,23.0,10.0,5.0,134.0,98.0,131.0,123.0,122.0,129.0,35.0,128.0,105.0,122.0,118.0,98.0,0.26614173228346455,0.34488188976377954,0.3889763779527559,0.2911392405063291,0.351451973194341,0.3574087862993299,0.014892032762472078,0.008935219657483246,0.011913626209977662,0.014147431124348473,0.011913626209977662,0.00967982129560685,0.0014892032762472078,0.008190618019359643,0.0052122114668652275,0.0007446016381236039,0.045420699925539834,0.00967982129560685,0.049143708116157855,0.004467609828741623,0.0193596425912137,0.023827252419955324,0.01563663440059568,0.0022338049143708115,0.01340282948622487,0.0014892032762472078,0.0014892032762472078,0.035740878629932984,0.0052122114668652275,0.03648548026805659,0.011169024571854059,0.011913626209977662,0.03425167535368578,0.03201787043931496,0.0037230081906180195,0.034996276991809384,0.022338049143708117,0.008190618019359643,0.0975428145941921,0.0037230081906180195,0.054355919583023084,0.021593447505584513,0.0379746835443038,0.058078927773641105,0.06031273268801191,0.008190618019359643,0.04393149664929263,0.01340282948622487,0.005956813104988831,0.05658972449739389,0.004467609828741623,0.007446016381236039,0.0014892032762472078,0.005956813104988831,0.008190618019359643,0.0014892032762472078,1.0,0.02047935784529542,0.001150141445074368,0.0001953531283153829,0.009296531739472794,0.008851490825933969,-0.01393610398885236,0.017223036091637733,0.008136989855910501,0.02677996687294678,0.007072126464918979,0.001083221331395693,-0.00020141283483640488,0.022906310782386852,-0.012576476580115426,0.014602820958080761,-0.03619059257170323,-0.06225595929915271,-0.0330632325958366,-0.013158930130903607,-0.002667077201102268,0.011286703192596748,-0.02208596468046396,-0.05041066593636888,-0.002744687749386052,-0.02642775207386417,-0.009921679537592635,0.03279339913919059,-0.04365776018954601,0.007322173197300915,-0.10146170065803736,-0.015093603856332124,-0.013733157079080066,0.030931838580334468,0.01514121275587544,-0.029917082904024606,0.022138233700539682,-0.01639325692563188,-0.025436899922117492,-0.0017610610175757266,-0.012974798790937577,1.0,0.020494618171558673,0.0007321349381675112,0.0001572622172984806,0.009320150941950543,0.0085068256755543,-0.014379822327147884,0.017890181721517247,0.00740900004281978,0.026472590526889266,0.00621217678177493,0.0007122535797348821,-0.000905044722372277,0.02308125264758925,-0.014354291440371337,0.015712925342189245,-0.038157707452491404,-0.06275339706011006,-0.03227482796630468,-0.011924396376366928,-0.003217645456530448,0.01411296707029435,-0.0240836610648656,-0.0504719135676607,0.0003388579521973998,-0.02375918509516049,-0.004853438954151394,0.03967530774764292,-0.04650436432289705,0.011191466367145188,-0.10210353753115944,-0.01055892192601348,-0.009888637448117377,0.032580364128066044,0.008579307077358139,-0.031609370447556254,0.017566654169014328,-0.015515970177925971,-0.02225213481686754,0.0009547357589186591,-0.020741801165878083
3.471734241364206,0.6282132690604134,0.8786299329858526,1.0,108.0,125.0,106.0,94.0,87.0,28.0,61.0,19.0,18.0,2.0,0.0,134.0,109.0,131.0,123.0,123.0,130.0,103.0,129.0,108.0,109.0,113.0,106.0,0.2295839753466872,0.36517719568567025,0.4052388289676425,0.2771509167842031,0.32651622002820874,0.39633286318758815,0.0193596425912137,0.00967982129560685,0.011913626209977662,0.010424422933730455,0.012658227848101266,0.005956813104988831,0.0014892032762472078,0.005956813104988831,0.005956813104988831,0.0014892032762472078,0.044676098287416234,0.00967982129560685,0.03201787043931496,0.008935219657483246,0.0193596425912137,0.026061057334326135,0.01563663440059568,0.0022338049143708115,0.011913626209977662,0.0029784065524944155,0.0029784065524944155,0.024571854058078928,0.0052122114668652275,0.02308265078183172,0.018615040953090096,0.00967982129560685,0.02308265078183172,0.04318689501116903,0.0037230081906180195,0.03276247207743857,0.02531645569620253,0.01712583767684289,0.11020104244229337,0.0022338049143708115,0.05361131794489948,0.024571854058078928,0.03723008190618019,0.06329113924050633,0.07297096053611318,0.01340282948622487,0.03276247207743857,0.014147431124348473,0.005956813104988831,0.049143708116157855,0.0037230081906180195,0.00967982129560685,0.0029784065524944155,0.00967982129560685,0.0029784065524944155,0.0037230081906180195,1.0,-0.009402595893630527,0.02529040145132237,-0.018878740239174182,0.036964435038785264,0.01895615573570175,0.00029039601409355456,0.019888025762729886,0.042077762202328034,0.047016954944614754,-0.006736229775398245,0.06381593630833521,0.05369102636972213,-0.04050570744244315,-0.0048978901489696415,0.024741181794750836,0.04665438864267788,0.06929209906788997,0.04076510276254831,0.015325476708039278,0.031185639668468206,-0.008981432262392746,0.05085252232372427,0.007727802982508415,0.05373359491722028,0.02056545409312999,0.019205553869400715,0.015657665442117958,-0.04479846205810314,0.030483393354219845,0.029814350791787306,0.015184059689971996,0.0416723205336494,0.027277967750467105,0.000324204447932872,0.01926317408645136,0.03734843303625436,0.004892254617826512,0.002120405614181522,0.024419424112437624,-0.0036261993471328456,1.0,-0.009409602298916393,0.02524181448122681,-0.018464577435773753,0.036139887043088945,0.02063096095314202,-0.0015335712165249823,0.020427413677295322,0.04224806000402994,0.045870796114296945,-0.007477814817520887,0.06263458510779975,0.05452811874027638,-0.048263886296904174,-0.007395015081910131,0.024213042905875545,0.036891819843498166,0.06820851049294507,0.041642743406040426,0.00766793084949392,0.02128383071660705,-0.013005336563514118,0.04776314172557477,-0.0005105075273197241,0.0467891470292538,0.021331125133576087,0.0026840696703704123,0.004200662790914893,-0.062049678073764714,0.016704970637984,0.03289824367804765,0.00498549159249835,0.03997982407699047,0.015199656853892287,-0.020794057759235342,0.009985803107775946,0.030268803609490642,0.0016584974408877246,-0.0074648041234566965,0.022243981620933908,-0.015100607049442945
3.473128050595703,0.6627483134357368,0.8793745346239762,3.0,104.0,116.0,113.0,94.0,72.0,18.0,56.0,34.0,18.0,19.0,3.0,134.0,111.0,118.0,127.0,126.0,124.0,71.0,129.0,117.0,118.0,120.0,102.0,0.20153846153846153,0.3984615384615385,0.4,0.2770221904080172,0.3493199713672155,0.37365783822476734,0.01563663440059568,0.007446016381236039,0.008935219657483246,0.010424422933730455,0.017870439314966492,0.008190618019359643,0.0014892032762472078,0.008935219657483246,0.004467609828741623,0.0014892032762472078,0.0379746835443038,0.007446016381236039,0.0379746835443038,0.006701414743112435,0.02308265078183172,0.02308265078183172,0.012658227848101266,0.0037230081906180195,0.008190618019359643,0.0022338049143708115,0.0022338049143708115,0.03276247207743857,0.004467609828741623,0.02680565897244974,0.011913626209977662,0.007446016381236039,0.03127326880119136,0.05063291139240506,0.0052122114668652275,0.0379746835443038,0.02680565897244974,0.012658227848101266,0.11094564408041697,0.0052122114668652275,0.05584512285927029,0.021593447505584513,0.03425167535368578,0.05063291139240506,0.058078927773641105,0.008190618019359643,0.039463886820551006,0.01712583767684289,0.0052122114668652275,0.05361131794489948,0.005956813104988831,0.01563663440059568,0.0022338049143708115,0.007446016381236039,0.00967982129560685,0.0007446016381236039,1.0,0.03593382721493312,0.03950625688235781,-0.00446732785841501,0.03249546927078561,0.024422252688484296,0.010744844086124581,0.00524378068245517,0.016626212605254487,0.0416003190872337,0.007806876944362774,0.028199179952351702,-0.06985029823772788,0.04635124258213547,0.03436074603610502,0.02092628600325417,0.028059276686097572,-0.0051197118402656755,0.007759045638100639,0.02561846073908609,-0.01465556926264506,0.015004741414345957,-0.012218243910106305,0.02901696016850167,0.018965492948281766,-0.0011267118107046242,-0.05177818101789484,-0.0034834735962092937,-0.01116356646736449,0.015367338170445,0.0013006994144617139,-0.021713990781143756,0.04110577741677673,-0.09838431554945662,-0.02521891913902934,-0.020947784294254528,-0.06512963668289395,-0.016095611766925692,0.026843171306180587,-0.03037298032242511,0.002918879715524474,1.0,0.03596060353923634,0.03832156857886763,-0.007243651370583731,0.03157178264979387,0.0228187823107023,0.006676553713677273,0.003301615845209698,0.015162669132637044,0.03929560733840707,0.0029081300351034164,0.024758733818600963,-0.07371838178919107,0.04718831509581949,0.03508488950978866,0.011670023186464634,0.028253737817937767,-0.009443990729481256,0.0017780656961854492,0.0229474127336159,-0.020448547318221034,0.017928263264682883,-0.017281013600699897,0.028235181156449105,0.008431176567319587,-0.0023597982332101254,-0.05158210718034721,-0.0040105452890922535,-0.008701491207789003,0.01117769793360414,0.0011711343986494066,-0.017775579285314435,0.03687521640764617,-0.10238538033586893,-0.02601524399227823,-0.003794202107425181,-0.06720608951296872,-0.006802042401186196,0.029186284052051134,-0.0284640245997812,0.009523993307774613
3.4630570066223405,0.6177259609456243,0.8816083395383469,1.0,109.0,118.0,112.0,87.0,102.0,34.0,41.0,11.0,17.0,9.0,1.0,133.0,113.0,125.0,121.0,115.0,127.0,99.0,123.0,117.0,118.0,115.0,111.0,0.22429906542056074,0.35358255451713394,0.4221183800623053,0.2702893436838391,0.3323923782639379,0.39731827805222303,0.011169024571854059,0.00967982129560685,0.01712583767684289,0.011913626209977662,0.014892032762472078,0.014147431124348473,0.0007446016381236039,0.008935219657483246,0.005956813104988831,0.0014892032762472078,0.04244229337304542,0.01340282948622487,0.035740878629932984,0.008190618019359643,0.020104244229337303,0.029039463886820552,0.014147431124348473,0.0037230081906180195,0.011913626209977662,0.0022338049143708115,0.0022338049143708115,0.022338049143708117,0.0022338049143708115,0.023827252419955324,0.010424422933730455,0.00967982129560685,0.022338049143708117,0.05063291139240506,0.0052122114668652275,0.03127326880119136,0.020104244229337303,0.0052122114668652275,0.10722263588979895,0.0022338049143708115,0.0573343261355175,0.018615040953090096,0.04244229337304542,0.06403574087862993,0.06999255398361877,0.00967982129560685,0.03201787043931496,0.014147431124348473,0.008935219657483246,0.05212211466865227,0.0052122114668652275,0.014892032762472078,0.0029784065524944155,0.008190618019359643,0.006701414743112435,0.0007446016381236039,1.0,0.02226826319667697,-0.0069409327369898445,-0.006803252072949555,-0.013338734921879309,-0.014993845334928242,0.023744560290506606,0.039053568078902604,0.011848898274422008,0.039396709492754964,0.021911718131509206,0.03616506500658123,-0.03804758855712724,0.017615262571633577,0.02419385468845107,-0.033113470756467686,-0.015501342621967356,0.001458507895390739,-0.003302788556776797,-0.02363931402684282,0.0016219248157242046,-0.03161097080518834,0.008112483988344433,-0.008464496432099934,0.0007386285316254124,0.007322771997466681,-0.02880138641532748,-0.0358578887106918,-0.00017386242663876926,0.024294594272857187,0.028673216826625242,0.0014733794066451717,0.024574321384281735,-0.004760937906754694,-0.013932869555592392,0.04699220078186851,-0.011743436085762941,-0.039601152563699574,0.009842287116963196,0.026310719489528383,0.026423887588532154,1.0,0.022284856537360054,-0.007451600018783278,-0.006499951412842593,-0.013139573525026252,-0.014563265166830312,0.024300074332114535,0.037858307246546256,0.010228652050655495,0.03974599471182207,0.02152576683294626,0.03818715559228371,-0.038377168223413645,0.01992237901806107,0.02340050559547768,-0.036118214647378945,-0.017861569320934582,-0.0029949869728034613,-0.006047641875047358,-0.025098512825452193,-0.004153863457261495,-0.03240634683300839,0.010819228261026643,-0.008242453102907046,-0.00043380335992452613,0.010755169403354742,-0.023808979084539196,-0.03530332748086001,0.004546128536485814,0.02855989090154609,0.03182360934867891,-0.0033749232089683562,0.02978334435186472,-0.0029082028698814797,-0.008951195643320057,0.05162310689301306,-0.01640780555339581,-0.03861997862752943,0.007296621911893354,0.01886346556969375,0.026016889167324527
3.495925396682397,0.660326502930661,0.8793745346239762,6.0,107.0,128.0,113.0,98.0,85.0,27.0,45.0,23.0,13.0,25.0,1.0,134.0,114.0,129.0,125.0,121.0,130.0,63.0,126.0,113.0,121.0,122.0,106.0,0.20268256333830104,0.368107302533532,0.42921013412816694,0.2777777777777778,0.3418803418803419,0.3803418803418803,0.012658227848101266,0.008190618019359643,0.011913626209977662,0.011913626209977662,0.020104244229337303,0.00967982129560685,0.0014892032762472078,0.005956813104988831,0.0037230081906180195,0.0022338049143708115,0.04765450483991065,0.012658227848101266,0.039463886820551006,0.0022338049143708115,0.0193596425912137,0.029039463886820552,0.014892032762472078,0.0014892032762472078,0.011913626209977662,0.005956813104988831,0.004467609828741623,0.028294862248696945,0.0022338049143708115,0.02680565897244974,0.007446016381236039,0.016381236038719285,0.039463886820551006,0.06031273268801191,0.0029784065524944155,0.03648548026805659,0.022338049143708117,0.011913626209977662,0.08339538346984364,0.0052122114668652275,0.05584512285927029,0.016381236038719285,0.03648548026805659,0.05286671630677588,0.06478034251675353,0.010424422933730455,0.03648548026805659,0.02084884586746091,0.0022338049143708115,0.04095309009679821,0.0037230081906180195,0.0193596425912137,0.0037230081906180195,0.008190618019359643,0.004467609828741623,0.0029784065524944155,1.0,-0.008011035747524929,-0.0016582555219096403,0.024552065827134192,0.03978420321904871,-0.018874024413654905,-0.04251474015873381,-0.017968560939121064,0.004800600811368971,0.0259255289752115,-0.029485384590181976,0.007683248944411774,0.007708182960391448,0.018079378597274345,-0.056848988417107636,0.03228439521158825,-0.0024953539946674604,-0.013857095242788843,0.021970002193504593,0.021995732918907628,-0.03444808683550174,0.000856681774286248,0.010728478494722173,-0.056680790123110426,-0.019219209597804925,-0.027844250912330806,-0.0017166249371673575,-0.0021169958612598434,-0.03352589813984249,0.06115831631919635,-0.011728059928912994,0.010351212746265635,-0.0011990912367689764,-0.0009904697346937877,0.00721308793131461,0.04064911636747916,-0.02029016082251784,0.007813963340048956,-0.03018203133027188,-0.015294856861615153,0.0051988721330163395,1.0,-0.00801700522274664,-0.0017251119342863823,0.024581518931222023,0.04032122938318761,-0.01822740532926197,-0.04362755666953754,-0.020933161526011296,0.003785169124550024,0.030040844642803165,-0.02517041012306736,0.006928850437796774,0.003505183349240054,0.01618395971872945,-0.05461650639035726,0.0325626954072413,-0.004389962362784313,-0.01294606379004241,0.025798181111260532,0.021577057929830074,-0.0382908739782263,0.0005844996690363728,0.008297886073486947,-0.05483769861477412,-0.020478777698855557,-0.025026526106997807,-0.0021108529400384692,0.0016629886950373823,-0.036491769640108834,0.06676452740697535,-0.019931535800633407,0.007179338839919093,0.004311243104516121,-0.006377514834316517,0.002731341644214812,0.048453727391925515,-0.015749936696098903,0.0014871335317016836,-0.03570649681867502,-0.014636144408166194,0.004621843034195361
3.454099183423292,0.6488115975915234,0.874162323157111,3.0,105.0,123.0,121.0,97.0,84.0,35.0,38.0,41.0,9.0,5.0,3.0,134.0,113.0,127.0,123.0,119.0,126.0,97.0,129.0,113.0,117.0,123.0,106.0,0.18825301204819278,0.4036144578313253,0.40813253012048195,0.2725998598458304,0.33076384022424665,0.39663629992992294,0.014892032762472078,0.005956813104988831,0.014147431124348473,0.014147431124348473,0.01563663440059568,0.012658227848101266,0.0014892032762472078,0.008190618019359643,0.004467609828741623,0.0007446016381236039,0.049143708116157855,0.010424422933730455,0.040208488458674606,0.004467609828741623,0.021593447505584513,0.022338049143708117,0.017870439314966492,0.005956813104988831,0.01340282948622487,0.0007446016381236039,0.0022338049143708115,0.028294862248696945,0.0007446016381236039,0.03201787043931496,0.008935219657483246,0.011169024571854059,0.02680565897244974,0.026061057334326135,0.0052122114668652275,0.03723008190618019,0.02084884586746091,0.008190618019359643,0.114668652271035,0.0029784065524944155,0.05584512285927029,0.01563663440059568,0.04244229337304542,0.05956813104988831,0.06626954579300075,0.010424422933730455,0.034996276991809384,0.011913626209977662,0.007446016381236039,0.04765450483991065,0.0037230081906180195,0.018615040953090096,0.0029784065524944155,0.010424422933730455,0.007446016381236039,0.0007446016381236039,1.0,-0.026505552549937538,0.026518993964351305,0.0030628013857574793,-0.05196412151360618,0.004585736754878217,0.03245591995913322,0.004493779498441695,0.021511314029462773,0.010971562237108592,0.002453905410709867,0.022529596257139566,0.005970654202569377,0.038488125204766424,0.012559800307886271,-0.009036770260342147,0.01348241467294275,-0.007203286213423658,0.030607036985118793,-0.006553370305724816,0.04395385650483173,-0.02380359302946969,0.03274939878919599,-0.01836089001070715,-0.008101530026284205,-0.0027521867141758727,0.009006431114090626,-0.006934090220410487,0.022592526521118407,0.026632853564641887,0.02528253688433713,-0.02639259865539534,-0.026211372786696132,-0.054445442319423276,-0.03408161814381157,0.025428604912598574,0.05467110327823515,0.014300192534711525,0.020310679561035223,-0.021352441835284394,0.02262144486505929,1.0,-0.026525303334251963,0.025873157458938218,0.00444830374321934,-0.05268525109823796,0.0017061876700784665,0.035728014588663794,0.006450555845054435,0.017299364129423532,0.011977175765395576,0.00554302072039259,0.02263151577196195,0.007831553200607782,0.038863320574642445,0.013357891350728587,-0.009362582954607351,0.01218967915475334,-0.004122318172705886,0.03036412015277551,-0.009523611309349193,0.04219410808027849,-0.023864412413529403,0.030644905657368705,-0.017554834957721747,-0.010223319267262311,-0.006286868238757349,0.007915821549473899,-0.009275789969160418,0.01857917885229567,0.02734265512633958,0.02719617552736151,-0.03179912965690123,-0.027903433085045257,-0.05650666795481444,-0.0356070777672599,0.02243411712404854,0.05392226228612538,0.014829879610740618,0.012862799083665492,-0.01446546916424329,0.026135937700764448
3.398416815788468,0.5832479280784004,0.8756515264333582,7.0,82.0,118.0,108.0,61.0,76.0,5.0,61.0,17.0,12.0,6.0,0.0,134.0,100.0,129.0,119.0,109.0,119.0,37.0,115.0,109.0,109.0,112.0,70.0,0.2603978300180832,0.35804701627486435,0.38155515370705245,0.29160063391442154,0.35340729001584786,0.3549920760697306,0.014892032762472078,0.007446016381236039,0.00967982129560685,0.006701414743112435,0.00967982129560685,0.016381236038719285,0.0014892032762472078,0.011169024571854059,0.0029784065524944155,0.0037230081906180195,0.04169769173492182,0.007446016381236039,0.0387192851824274,0.004467609828741623,0.01712583767684289,0.02531645569620253,0.014147431124348473,0.0014892032762472078,0.010424422933730455,0.0037230081906180195,0.0014892032762472078,0.03052866716306776,0.0037230081906180195,0.03052866716306776,0.014892032762472078,0.011169024571854059,0.03723008190618019,0.039463886820551006,0.0029784065524944155,0.04393149664929263,0.022338049143708117,0.010424422933730455,0.12509307520476545,0.0022338049143708115,0.06105733432613552,0.014892032762472078,0.040208488458674606,0.05956813104988831,0.06775874906924795,0.0052122114668652275,0.027550260610573342,0.011169024571854059,0.007446016381236039,0.049143708116157855,0.0022338049143708115,0.014147431124348473,0.0007446016381236039,0.005956813104988831,0.008190618019359643,0.0,1.0,0.037650360855912474,-0.0051939968609828096,-0.007727134424074918,-0.00295367182738565,0.017206177074579457,0.03544714900890677,0.052556809229465554,0.04243837568416284,-0.03436101932173915,0.013281807311087237,0.07039400570779666,-0.03948145473802634,0.03617178802733181,0.0018179882754090263,-0.0061611564028701046,-0.04513790567740711,0.041274123400046284,0.012485541445819932,-0.018601781603314785,0.04879094515794096,-0.016644572478467273,0.013800916027102643,-0.03387941106869845,0.013636779926489194,0.006688140689523935,0.019633947948154234,-0.027440761497685946,-0.009129298566478749,-0.0451757939068921,0.021740517980783056,0.01429719110832304,-0.019706796495622743,0.002813707621771035,0.001880608394617488,0.02297853586959048,-0.03380898908171505,0.020051078968327286,-0.013546853110777198,-0.030908689125970192,-0.018956545576509103,1.0,0.03767841626638632,-0.006630819896525396,-0.007307997894162411,-0.002430520824703994,0.017413876887131075,0.03426843672514688,0.05051126332887088,0.03978203570096118,-0.03648700505949349,0.017179461111580283,0.06976713144338195,-0.04838830018312521,0.03618281920441354,-0.004249272306559874,-0.008643261772720704,-0.04678164319348291,0.044627684229554744,0.0006577329642844481,-0.023292120246301534,0.05848865271244735,-0.027829023736289166,0.01736973727415202,-0.028071313642511947,0.009618943273563427,0.0006701464017448757,0.02265863004786198,-0.027226475546149126,-0.021661455626983468,-0.03233986552766905,0.02351460805069312,0.003670538569607078,-0.018684715541443724,0.0027309055306897066,0.011036509247074687,0.022857967240746672,-0.027704466376156575,0.016227074147217448,-0.013271515878967225,-0.031541446512055406,-0.010694069837161396
3.4818360922019895,0.619942182088175,0.8830975428145942,1.0,107.0,121.0,118.0,97.0,79.0,53.0,40.0,15.0,15.0,16.0,0.0,134.0,109.0,125.0,127.0,116.0,126.0,107.0,125.0,106.0,107.0,124.0,106.0,0.18126888217522658,0.37009063444108764,0.4486404833836858,0.2726628895184136,0.32294617563739375,0.40439093484419264,0.014147431124348473,0.005956813104988831,0.011169024571854059,0.014147431124348473,0.010424422933730455,0.014147431124348473,0.0007446016381236039,0.00967982129560685,0.004467609828741623,0.0037230081906180195,0.04169769173492182,0.014147431124348473,0.03276247207743857,0.005956813104988831,0.0193596425912137,0.023827252419955324,0.010424422933730455,0.0029784065524944155,0.006701414743112435,0.0052122114668652275,0.0029784065524944155,0.027550260610573342,0.0014892032762472078,0.02531645569620253,0.010424422933730455,0.0052122114668652275,0.0193596425912137,0.03723008190618019,0.0052122114668652275,0.0379746835443038,0.029784065524944156,0.01340282948622487,0.09828741623231571,0.0037230081906180195,0.05361131794489948,0.022338049143708117,0.03425167535368578,0.06775874906924795,0.07446016381236038,0.010424422933730455,0.039463886820551006,0.03127326880119136,0.014147431124348473,0.045420699925539834,0.0022338049143708115,0.01563663440059568,0.0029784065524944155,0.00967982129560685,0.0052122114668652275,0.0014892032762472078,1.0,-0.002193378726362886,0.008927631829505967,0.029207719116503942,-0.0558816767863908,0.03399179123696923,0.02405174515752442,0.03731408053517769,0.054926384721315016,0.03238397293194527,0.02730590590876027,-0.0009929697923283904,0.03468586014346522,0.0251135771780845,-0.012132375908246656,0.036775829773266454,-0.004956989565055802,0.018657876565009487,0.0782674280241604,0.005697501078136583,0.03348105274321208,-0.00609313199614828,-0.02880471384893069,0.009928007758425356,-0.036050939895131084,0.06749028094606442,0.02504936877210026,0.023208554109477093,-0.05395986231925211,0.004450354155131172,0.025301297664382338,0.028985045563460838,0.0007693240211399887,-0.011765217209992464,-0.01525879459300037,-0.02360820660646451,-0.007085252486041309,0.02906993852031781,-0.01454737530346557,-0.0336747097802721,0.0036985068939791575,1.0,-0.0021950131367401943,0.00893617168919265,0.02931465682128981,-0.05604629006826962,0.03354912133768254,0.024457437029252377,0.040377558926295284,0.05009509948053235,0.03480540342488919,0.02651992903656397,-0.00152867231990261,0.035897697628146666,0.022941880278365957,-0.015688493980557335,0.027734289937212116,-0.008456604823425059,0.014408142532031869,0.07027183973100609,0.006077315239582767,0.024896143149045466,-0.012676295702420062,-0.02685586682482032,0.0008454576307809038,-0.040314257060541044,0.05797749579277592,0.01413543438490115,0.018582036725664663,-0.07039424255567088,0.013105036489040664,0.02099380699093064,0.03400944283850693,-0.009882109210039269,-0.021288261444561613,-0.01592191513153084,-0.028534893601137118,-0.009219439934407164,0.027458014685717173,-0.02620493556859995,-0.03898734622614386,0.003821643396195473
3.424033585838318,0.6079843190081531,0.8808637379002234,13.0,77.0,127.0,115.0,91.0,95.0,2.0,69.0,22.0,14.0,17.0,1.0,134.0,91.0,131.0,127.0,122.0,130.0,17.0,129.0,119.0,123.0,123.0,88.0,0.27527216174183516,0.37636080870917576,0.3483670295489891,0.2946026986506747,0.36806596701649175,0.3373313343328336,0.011913626209977662,0.0052122114668652275,0.01340282948622487,0.014892032762472078,0.014147431124348473,0.007446016381236039,0.0,0.017870439314966492,0.0022338049143708115,0.0014892032762472078,0.03127326880119136,0.008190618019359643,0.044676098287416234,0.008190618019359643,0.022338049143708117,0.022338049143708117,0.014147431124348473,0.0029784065524944155,0.011913626209977662,0.004467609828741623,0.0014892032762472078,0.03052866716306776,0.0022338049143708115,0.04244229337304542,0.012658227848101266,0.012658227848101266,0.03648548026805659,0.055100521221146684,0.0014892032762472078,0.044676098287416234,0.012658227848101266,0.012658227848101266,0.10052122114668652,0.0014892032762472078,0.055100521221146684,0.014892032762472078,0.04393149664929263,0.058823529411764705,0.06999255398361877,0.006701414743112435,0.02531645569620253,0.008190618019359643,0.006701414743112435,0.04988830975428146,0.0029784065524944155,0.016381236038719285,0.0014892032762472078,0.004467609828741623,0.007446016381236039,0.0014892032762472078,1.0,-0.00019870084235537548,-0.02342621135602788,-0.022110550701967446,-0.028603576803198374,0.023065747549869765,-0.006430549026067372,-0.007651820597776685,0.02516269203714963,0.014855725509912758,0.03885192116473919,-0.031166844686738273,-0.04505771829030478,-0.05639671343372132,0.013176622854974285,-0.015273008436422484,0.005962154991665518,0.0359885967428354,0.013604166710820277,0.06365576353876519,-0.01907762685253432,-0.042435677487065795,0.0035768953968632992,-0.03170790201133566,0.039911240013151376,0.020143690856094687,-0.01634196151153698,0.012348557756305648,-0.016647444660970727,-0.03852584388902573,-0.04342130617680112,0.027122261611426227,-0.018384434783342566,0.017102316225054745,0.04592396572398106,-0.018300985078566076,0.03638285770154194,-0.08119432935240113,-0.0159219259834707,-0.007262846627528679,-0.0018344272731765177,1.0,-0.000198848905576211,-0.02346119024570405,-0.022181702136844946,-0.02929053707625775,0.022092531243238202,-0.008303533988774273,-0.007924489787209913,0.025168841670289453,0.01564993667737943,0.039204015488800543,-0.029762109045408453,-0.04143782284258402,-0.057563255343026296,0.011635090629402177,-0.023050343684250664,0.003256739574418974,0.034671108831118416,0.0138724596309764,0.06494331838069438,-0.015013849804819896,-0.031890773840669275,0.007088297049699205,-0.029996417704208682,0.030093145977349214,0.01459595181373649,-0.01875377524908745,0.006695384479871624,-0.015808737787784695,-0.0390648341277158,-0.03709947024474785,0.037006629634338276,-0.02077466491602796,0.011337432411335611,0.04235161113002217,-0.01884656689138211,0.034448011905843325,-0.07722944247643455,-0.01281072525939846,-0.009606485800818533,0.00481137952912877
3.5237417749321094,0.6326045033584604,0.8808637379002234,4.0,109.0,124.0,122.0,61.0,87.0,34.0,24.0,26.0,26.0,11.0,2.0,134.0,111.0,127.0,125.0,115.0,128.0,97.0,125.0,112.0,121.0,123.0,108.0,0.18253968253968253,0.373015873015873,0.4444444444444444,0.2713884992987377,0.3316970546984572,0.39691444600280507,0.02084884586746091,0.004467609828741623,0.01340282948622487,0.008190618019359643,0.020104244229337303,0.01712583767684289,0.0022338049143708115,0.008935219657483246,0.005956813104988831,0.0037230081906180195,0.03276247207743857,0.007446016381236039,0.03276247207743857,0.007446016381236039,0.02084884586746091,0.02531645569620253,0.018615040953090096,0.0022338049143708115,0.010424422933730455,0.0052122114668652275,0.004467609828741623,0.029039463886820552,0.005956813104988831,0.017870439314966492,0.01563663440059568,0.01340282948622487,0.023827252419955324,0.039463886820551006,0.0029784065524944155,0.03201787043931496,0.02084884586746091,0.014147431124348473,0.10052122114668652,0.0022338049143708115,0.05137751303052867,0.023827252419955324,0.0387192851824274,0.0573343261355175,0.07148175725986597,0.006701414743112435,0.03723008190618019,0.020104244229337303,0.008190618019359643,0.05063291139240506,0.0022338049143708115,0.017870439314966492,0.0052122114668652275,0.007446016381236039,0.008190618019359643,0.0029784065524944155,1.0,0.011807121638795855,-0.001513565379795956,-0.0039006463258328614,-0.000389601796524306,0.028318532039372762,-0.010411129659199743,0.0012809080759874354,0.03032724518320626,0.009940767316736415,-0.014079410260952182,-0.027931865782731744,0.05293465367069167,-0.008975347353217328,0.020419258080911534,-0.02692666841914462,-0.03123937433595444,-0.020837290948401643,0.02764405937545339,0.020466568883116782,-0.0056834208665376505,-0.02302457838662409,0.02744491047516219,-0.013003688682351354,-0.008609257138736181,0.013321578768249404,-0.04528871125502199,0.043628428478191296,0.018292664017930556,-0.0017523532119651797,-0.026867803177352587,0.021180668539618003,0.01816388638957827,0.00518067169302628,0.001899607868687352,0.010140169808282517,0.012415997068921256,0.03325187965337078,-0.022798112579770855,0.012123084351244741,0.04579503674879941,1.0,0.01181591979202893,-0.001655669866468892,-0.0038724266256650523,-0.0003012526786699897,0.028424853034187465,-0.011157429607072887,0.0016303997850363094,0.030695626088653352,0.009233518393676716,-0.015179169231002123,-0.026972479806079152,0.05413295157678003,-0.012330113677059757,0.0208984121513908,-0.026618607551125148,-0.030623117538587347,-0.024602769469596934,0.03128286501417532,0.020344207716423944,-0.007601232914151222,-0.02337101782968648,0.029370915282445807,-0.012272802252169498,-0.009571952496757562,0.01845896971243194,-0.05216422643094683,0.043326744264624836,0.02111020615814796,0.004511270900478212,-0.032886734679865866,0.02332775983551807,0.012867584250933442,0.006846607774833808,0.0028687754319648043,0.01587799965581694,0.005483956118357393,0.029648448364025207,-0.013351882022877229,0.00820120311859609,0.044694683795566376
3.516171941731378,0.6234777199971107,0.8838421444527178,0.0,107.0,122.0,111.0,82.0,97.0,33.0,22.0,22.0,24.0,5.0,3.0,133.0,111.0,129.0,120.0,117.0,125.0,107.0,120.0,111.0,112.0,117.0,107.0,0.18949044585987262,0.38057324840764334,0.4299363057324841,0.26827537260468415,0.32647267565649396,0.40525195173882184,0.0193596425912137,0.005956813104988831,0.01563663440059568,0.016381236038719285,0.01340282948622487,0.006701414743112435,0.0014892032762472078,0.005956813104988831,0.0037230081906180195,0.0029784065524944155,0.04095309009679821,0.011169024571854059,0.027550260610573342,0.004467609828741623,0.021593447505584513,0.023827252419955324,0.018615040953090096,0.004467609828741623,0.010424422933730455,0.004467609828741623,0.0022338049143708115,0.03052866716306776,0.0014892032762472078,0.020104244229337303,0.01563663440059568,0.01563663440059568,0.029039463886820552,0.039463886820551006,0.0052122114668652275,0.029039463886820552,0.03052866716306776,0.0193596425912137,0.0960536113179449,0.0037230081906180195,0.058823529411764705,0.02531645569620253,0.034996276991809384,0.06031273268801191,0.07073715562174236,0.006701414743112435,0.03201787043931496,0.0193596425912137,0.010424422933730455,0.04095309009679821,0.004467609828741623,0.0193596425912137,0.0037230081906180195,0.007446016381236039,0.006701414743112435,0.0014892032762472078,1.0,0.022133384266745285,0.006127849769135682,0.019290141292413337,-0.005489785595350706,0.042904994724440586,0.02041828934780128,0.007487600095694683,0.02666884496187006,0.013554319361649202,-0.0033399087908157093,-0.03962305850678978,0.027566587187238006,0.05136588584920033,-0.008111979126451934,0.009249198136123033,0.022551323302363892,-0.021552484908085947,0.077896288053337,0.011806751087339357,0.009966789185514347,0.05224902454801325,0.005486228581227616,0.017895462874261955,-0.03973356827021503,0.02366017003792014,0.026244257845007894,-0.01223621586979888,-0.010180641676447836,-0.025581516485792318,0.0065869568895023985,0.023775854528464313,0.07618086666797858,0.019173253824044216,0.009309665994974384,0.018491127409776445,-0.04555983543100291,0.026358864899720152,0.008747889843613113,0.05851766315946651,0.03370871887677131,1.0,0.02214987710151932,0.005649143503790876,0.019083005839664158,-0.006390353326896236,0.04314852535361963,0.018346542059041068,0.006486470336224084,0.0247300329392158,0.012346924508162755,-0.006007544950823475,-0.04253673521716124,0.028667959132488437,0.04924600973118216,-0.011426262656254405,0.007161476858423663,0.024294813877722626,-0.023385196813516963,0.07504806321731163,0.009090039070906832,0.008763500481066102,0.044505888345261695,0.002801128994826374,0.01458829042399266,-0.04476535055837422,0.021880688221366178,0.017556854377962096,-0.015021419716676298,-0.017360364242240585,-0.020275296714695464,0.006420375901188203,0.014440800048078017,0.08497989444065784,0.014390652064937304,0.0004278549845478528,0.017026494552007627,-0.0524731552367742,0.025642700266839836,-0.001491645484033142,0.05074376938464628,0.027038664795274052
3.47126176974162,0.6252671408463586,0.8816083395383469,15.0,100.0,122.0,124.0,89.0,70.0,38.0,34.0,17.0,11.0,6.0,0.0,134.0,111.0,129.0,125.0,125.0,126.0,95.0,123.0,117.0,119.0,115.0,94.0,0.1900958466453674,0.38498402555910544,0.4249201277955272,0.27105449398443027,0.34394904458598724,0.38499646142958244,0.021593447505584513,0.011169024571854059,0.01712583767684289,0.011913626209977662,0.008190618019359643,0.007446016381236039,0.0014892032762472078,0.006701414743112435,0.004467609828741623,0.0052122114668652275,0.034996276991809384,0.011169024571854059,0.04318689501116903,0.0037230081906180195,0.02531645569620253,0.029039463886820552,0.011169024571854059,0.005956813104988831,0.006701414743112435,0.0037230081906180195,0.0,0.021593447505584513,0.0037230081906180195,0.029039463886820552,0.014892032762472078,0.008190618019359643,0.03350707371556218,0.05286671630677588,0.0037230081906180195,0.03052866716306776,0.020104244229337303,0.01563663440059568,0.10945644080416977,0.0037230081906180195,0.05063291139240506,0.021593447505584513,0.03425167535368578,0.06105733432613552,0.06180193596425912,0.012658227848101266,0.028294862248696945,0.018615040953090096,0.007446016381236039,0.05137751303052867,0.0,0.014892032762472078,0.0037230081906180195,0.006701414743112435,0.007446016381236039,0.0022338049143708115,1.0,-0.024623553246264553,-0.004944468989410249,-0.016995817136006307,0.03235103197467621,-0.021728187854911204,0.03930491692465247,-0.005172782144905768,0.03092296936612859,-0.01963438657376739,0.022476276644448213,0.04649989190763654,-0.0509223572440442,-0.05348035830925608,-0.025509747934962582,0.00037467061594595463,-0.027963875229192782,-0.006070586507849093,0.0181746459297587,-0.011852641893478063,0.016447866154497406,0.007374107113565675,-0.0038816974515121718,-0.024523639772125978,-0.0057044377481520765,-0.01016328499644609,0.003102387305201383,0.004091444959211732,-0.02538698369516396,-0.008274027394359569,-0.008344401788419279,0.036394734052348596,0.00825136727880054,0.008019922229762642,-0.0011523906997612245,-0.0012116883892350568,-0.013250867887155363,0.018257952898544927,-0.02078272510273545,-0.00980532252760987,0.011391190142042684,1.0,-0.0246419016465971,-0.0055624442532715,-0.01730468115884556,0.0315974847808462,-0.020461578620424463,0.03862129750981983,-0.0025583307465292804,0.02982838975168534,-0.015906601477351286,0.019368455475663127,0.05058970510925077,-0.053377376458313995,-0.05277251663697726,-0.03216538055873984,-0.003884869348388055,-0.028362598088317467,-0.010032084986168923,0.02055023303844948,-0.011601631805158481,0.024665019605107686,0.007949525187670716,-0.002814060407886865,-0.016256726790158126,-0.0047493091603551035,-0.013029598239115502,-0.005788659999934731,0.005656194876237705,-0.032651175409082654,-0.012933160348109306,-0.009270251637009895,0.03633870224624399,0.012399322933223118,0.012170042948784083,0.008090714587651045,-0.004435904000501187,-0.011234235392306802,0.012567979269065999,-0.02364000202401233,-0.0134543042401802,0.010362957328346366
3.431184567511343,0.6268998072303242,0.8771407297096053,5.0,102.0,124.0,110.0,71.0,68.0,33.0,34.0,32.0,23.0,13.0,14.0,133.0,106.0,128.0,121.0,117.0,127.0,75.0,127.0,111.0,118.0,115.0,105.0,0.17011128775834658,0.3751987281399046,0.4546899841017488,0.279826464208243,0.3376717281272596,0.3825018076644975,0.02084884586746091,0.0022338049143708115,0.011913626209977662,0.016381236038719285,0.017870439314966492,0.011169024571854059,0.0,0.007446016381236039,0.0014892032762472078,0.0022338049143708115,0.04169769173492182,0.005956813104988831,0.0387192851824274,0.0029784065524944155,0.02308265078183172,0.018615040953090096,0.014147431124348473,0.0029784065524944155,0.006701414743112435,0.0029784065524944155,0.0037230081906180195,0.03201787043931496,0.0014892032762472078,0.03425167535368578,0.008190618019359643,0.012658227848101266,0.03201787043931496,0.05584512285927029,0.0029784065524944155,0.03425167535368578,0.020104244229337303,0.011913626209977662,0.10871183916604617,0.0029784065524944155,0.06105733432613552,0.02308265078183172,0.03425167535368578,0.054355919583023084,0.06775874906924795,0.008935219657483246,0.03276247207743857,0.01563663440059568,0.006701414743112435,0.04690990320178704,0.0029784065524944155,0.012658227848101266,0.0029784065524944155,0.011913626209977662,0.0052122114668652275,0.0022338049143708115,1.0,-0.06059047882482205,-0.018234099949848384,-0.0051130406954997465,0.004272410202002067,0.025525806244977245,0.007059599908600987,0.0306883953915615,-0.002075994175017478,0.016795612742476054,0.004423747465473942,-0.0017681346524738015,-0.015325505118756202,0.014097297737950603,-0.007836353304715882,-0.0019592244801117566,0.027835734466393154,0.01748422864798154,0.04918244898722492,0.0071851547071694844,0.017463462582641823,0.013128147291601496,0.005151071379971272,0.014869536926781219,-0.004249196034669647,-0.003936858467104435,-0.028252043170948055,-0.003949409799725673,0.010641597218636247,-0.05299294501279555,0.0052255972656422775,0.0024821046791736103,0.035924121283233364,0.0018395014245097326,0.013209599101982472,-0.024136102628987965,0.020988041156775415,-0.0158620167330485,0.002075397235272144,0.015045778718197799,-0.018840490036418352,1.0,-0.060635628212918034,-0.022018930687626153,-0.007622995411435358,0.0031069023212127946,0.025934809513736633,0.010454888137441706,0.033202977083024124,0.00256699373514786,0.01823417661235859,0.006296399333485894,-0.0011836961010400337,-0.01711759458882468,0.011433439653207922,-0.00911938772916584,-0.003361522808479081,0.02682252281990342,0.021517127629730744,0.05342963661975846,0.0162953519516562,0.021267733023521855,0.01664489550597005,0.005963795678812588,0.01187664970465953,-0.005518891374517473,-0.009460133519538467,-0.03366897040517683,-0.012347461120383091,0.006627349873241811,-0.05535862097154207,-0.0005208180901274048,0.001998168806615909,0.0386966126262137,0.008853723681977725,0.01709353349996512,-0.02281866938901491,0.018478451768514648,-0.020493829097926426,-0.0036772329385853174,0.00913431912384782,-0.020733885969032743
3.5007628460092777,0.6081375928278197,0.8860759493670886,8.0,100.0,122.0,111.0,91.0,80.0,18.0,36.0,25.0,6.0,9.0,9.0,134.0,110.0,127.0,122.0,118.0,124.0,81.0,126.0,110.0,107.0,115.0,100.0,0.2016260162601626,0.37886178861788616,0.4195121951219512,0.2794759825327511,0.33260553129548764,0.3879184861717613,0.018615040953090096,0.008935219657483246,0.01712583767684289,0.011169024571854059,0.01340282948622487,0.011169024571854059,0.0007446016381236039,0.005956813104988831,0.008935219657483246,0.0029784065524944155,0.044676098287416234,0.011169024571854059,0.034996276991809384,0.005956813104988831,0.0193596425912137,0.0379746835443038,0.024571854058078928,0.0029784065524944155,0.008190618019359643,0.0029784065524944155,0.004467609828741623,0.027550260610573342,0.0029784065524944155,0.03052866716306776,0.010424422933730455,0.008935219657483246,0.026061057334326135,0.0387192851824274,0.0022338049143708115,0.04169769173492182,0.02084884586746091,0.011169024571854059,0.08562918838421445,0.0014892032762472078,0.05212211466865227,0.0193596425912137,0.05063291139240506,0.05137751303052867,0.06999255398361877,0.004467609828741623,0.03425167535368578,0.023827252419955324,0.008190618019359643,0.04244229337304542,0.0022338049143708115,0.014892032762472078,0.0022338049143708115,0.011913626209977662,0.006701414743112435,0.0007446016381236039,1.0,-0.01359427311015403,0.03584834567637682,0.03298658045101081,0.014935502204595663,0.027702521129737267,0.013082324135432645,0.0090656331048387,0.05573475971308123,0.02962518788881011,0.06258375845554288,0.062222694979012595,0.015809075549986843,-0.03285166302444687,0.00496191891322068,0.05270889439821802,0.03413782935263924,0.019030117101376642,-0.010448438632827756,-0.002570474616818408,0.014431255885867349,0.04097480555929966,-0.01520881808365785,0.023752320928026052,-0.024200577326223525,-0.0177531296627551,0.016721287163948686,0.01141438042308225,-0.042034756192133545,0.0008227222598588622,0.009814543685810279,0.02230896868099824,-0.011401400263140427,-0.014854874604796125,0.025161957965133118,0.020024139043135027,0.027893604455813698,-0.022071252168445025,-0.013755438143843734,-0.01778249452300863,-0.0294041091629486,1.0,-0.01360440297089185,0.03572334265881229,0.03406717252917043,0.01465734015821364,0.025892162486630798,0.011794313266311881,0.006626757580462487,0.0536353880720743,0.02958138704868834,0.05913157577547584,0.059240879345909665,0.01076812230782565,-0.044387932522440735,-0.005527176780290294,0.04970609599539508,0.03194390831473316,0.013074981333954903,-0.021960824074348836,-0.01755462246518597,0.0029436014178303017,0.03787543715737409,-0.017969724899490263,0.019011591692033078,-0.027071756880715832,-0.030288007466386765,0.004036855100355799,0.010379903634231228,-0.03967555939117452,-7.177369110115657e-05,0.011745765018230768,0.014219770807110448,-0.016236771208578128,-0.01258768567955642,0.03202577390952846,0.0268260633475662,0.032262472592217206,-0.028287415519257945,-0.021322425641764117,-0.014699453087805557,-0.025848619899731518
3.5299426022034286,0.6614093345412613,0.8883097542814594,6.0,111.0,120.0,117.0,95.0,69.0,42.0,20.0,20.0,6.0,9.0,6.0,134.0,110.0,125.0,121.0,119.0,121.0,105.0,129.0,111.0,110.0,112.0,107.0,0.1529790660225443,0.3832528180354267,0.463768115942029,0.27350427350427353,0.32834757834757833,0.39814814814814814,0.014892032762472078,0.008190618019359643,0.011913626209977662,0.01340282948622487,0.017870439314966492,0.021593447505584513,0.0,0.005956813104988831,0.0052122114668652275,0.0022338049143708115,0.0379746835443038,0.012658227848101266,0.03052866716306776,0.007446016381236039,0.0193596425912137,0.022338049143708117,0.014892032762472078,0.0037230081906180195,0.008190618019359643,0.0052122114668652275,0.005956813104988831,0.02308265078183172,0.0037230081906180195,0.028294862248696945,0.016381236038719285,0.006701414743112435,0.028294862248696945,0.040208488458674606,0.004467609828741623,0.040208488458674606,0.026061057334326135,0.01563663440059568,0.0953090096798213,0.0052122114668652275,0.05956813104988831,0.026061057334326135,0.03425167535368578,0.058823529411764705,0.055100521221146684,0.014147431124348473,0.03276247207743857,0.023827252419955324,0.007446016381236039,0.04765450483991065,0.0014892032762472078,0.016381236038719285,0.004467609828741623,0.008190618019359643,0.006701414743112435,0.03648548026805659,1.0,0.06745906563168864,0.04150016517541641,-0.009575714445896217,-0.01308174311877073,0.04546447285589541,0.03135990231507439,0.03550634075554455,0.007129702673007769,0.04415139848907203,-0.052166371208952574,-0.0026884455266589836,-0.0038295747758383646,0.012081195331918013,0.038455084907062904,-0.013725215813239298,-0.005419390463296293,0.038384841281907625,-0.02104250641352917,-9.245698521275415e-05,0.044728786691721124,-0.00842546939519687,0.008231868926227043,0.009655824441820471,0.027520713090667046,0.02413487763494412,-0.0013825590851266967,-0.015973526636775096,-0.04973706631417135,0.027807798405701092,0.01967894332760635,-0.00716315398520919,0.02931872594497778,0.023342702115749826,-0.04425638354846446,-0.0570929270223333,-0.05769196259307009,0.0022777121044269236,0.030981259671382745,-0.039108186590202494,-0.0011424160950118567,1.0,0.06750933319177188,0.037173970206121176,-0.014896649301364579,-0.013152237811567711,0.04864167623782978,0.026476882452690382,0.027995510692495635,0.0016820703764026381,0.043876746064410256,-0.059665530625274736,-0.0004147183933835879,-0.0016791710238350092,0.010852031589818865,0.030816688256694993,-0.017256121737766087,-0.005587192528407375,0.04623481033645852,-0.028733254289114094,0.0006890119090156979,0.04506314296309024,-0.014866142062976706,0.0013085120892064206,0.010007612282583468,0.03224311671291825,0.016122197823256423,-0.012256315713524804,-0.012601167381510625,-0.051813334172674474,0.03155142381903607,0.02122948601925757,-0.02152875289928443,0.03430565367524045,0.025648271876675694,-0.055998340002948316,-0.04736064247311685,-0.04902603875563534,0.00829503800488936,0.023387732342864155,-0.04784978194437857,0.009862640273986435
3.5144088396883073,0.630676910259399,0.8838421444527178,5.0,107.0,126.0,118.0,100.0,96.0,17.0,43.0,19.0,28.0,6.0,6.0,134.0,109.0,129.0,125.0,119.0,130.0,93.0,129.0,117.0,114.0,122.0,104.0,0.21460506706408347,0.3949329359165425,0.39046199701937406,0.27578947368421053,0.3333333333333333,0.39087719298245616,0.017870439314966492,0.008190618019359643,0.006701414743112435,0.01563663440059568,0.020104244229337303,0.014892032762472078,0.0007446016381236039,0.008190618019359643,0.004467609828741623,0.0037230081906180195,0.04616530156366344,0.011169024571854059,0.04169769173492182,0.007446016381236039,0.016381236038719285,0.02531645569620253,0.014147431124348473,0.0022338049143708115,0.008190618019359643,0.005956813104988831,0.0029784065524944155,0.023827252419955324,0.004467609828741623,0.0193596425912137,0.01340282948622487,0.010424422933730455,0.03052866716306776,0.05063291139240506,0.0029784065524944155,0.0379746835443038,0.028294862248696945,0.020104244229337303,0.10349962769918093,0.006701414743112435,0.045420699925539834,0.03052866716306776,0.03350707371556218,0.04839910647803425,0.06924795234549516,0.005956813104988831,0.035740878629932984,0.020104244229337303,0.006701414743112435,0.029784065524944156,0.0029784065524944155,0.01712583767684289,0.004467609828741623,0.005956813104988831,0.008190618019359643,0.0014892032762472078,1.0,0.0009866640224967034,-0.013682916559164655,0.04294730218590328,0.0387044417200103,0.009229366389218674,-0.029706982496089336,0.014478370235839429,0.028955632724527097,-0.020879183486763295,0.024516060570381814,0.02068191189404181,-0.008412589563025163,0.005347017875997477,-0.016655491036469548,0.009660224220869758,-0.057005680201873424,0.0019870509513214073,0.0037660439542785517,0.018824937532033285,-0.01371804786848922,-0.013387836074682176,0.00965100468057973,0.009766171416198203,-0.049048734753144675,0.026609297429453838,0.00480527408424583,0.026331829544859037,-0.011177642203934432,-0.034261562182348555,-0.02798144298079086,0.020694136488001818,-0.034201532938320636,-0.019075205700659494,0.005240969052510507,-0.02176700650481866,0.014733612833381888,0.023219415969644313,-0.003534735518444364,0.018597343925169603,0.007307503768921432,1.0,0.0009873992415894766,-0.013704311911936377,0.043078833117947475,0.03859955316885062,0.010423704037555201,-0.0307562450713943,0.011520833869076928,0.026116101953011773,-0.01890461910261587,0.02661573123803545,0.017649124508403807,-0.009466955407328923,0.005447955233231591,-0.018866317154866565,0.006905685177059261,-0.05742964577823583,0.005292284987859456,0.00011203970324067445,0.02455119370284664,-0.010786498251435017,-0.013179237326672337,0.005203040549395633,0.009445021414019728,-0.044513870730330946,0.02770261785806561,0.003560982735727713,0.03206230778550384,-0.010217306166731804,-0.03539649535453806,-0.039123157738754154,0.024477216158094235,-0.034509804120221935,-0.014266751626730629,0.007045343380862402,-0.021338694853230276,0.01625395415680351,0.027186603378209783,-0.006479583211162531,0.023841353423329433,0.004928956739173234
3.4247502324835897,0.6406917913126398,0.8883097542814594,4.0,99.0,120.0,111.0,93.0,80.0,30.0,52.0,13.0,10.0,11.0,0.0,134.0,102.0,125.0,123.0,118.0,126.0,91.0,125.0,105.0,107.0,121.0,100.0,0.21829855537720708,0.36436597110754415,0.4173354735152488,0.27959331880900506,0.3289760348583878,0.3914306463326071,0.014892032762472078,0.006701414743112435,0.008190618019359643,0.010424422933730455,0.01563663440059568,0.011913626209977662,0.0007446016381236039,0.005956813104988831,0.0052122114668652275,0.004467609828741623,0.03350707371556218,0.011169024571854059,0.04244229337304542,0.0052122114668652275,0.022338049143708117,0.026061057334326135,0.014147431124348473,0.0,0.010424422933730455,0.0052122114668652275,0.0029784065524944155,0.028294862248696945,0.0022338049143708115,0.029039463886820552,0.00967982129560685,0.008190618019359643,0.040208488458674606,0.05063291139240506,0.0029784065524944155,0.034996276991809384,0.03425167535368578,0.011913626209977662,0.10424422933730454,0.0014892032762472078,0.045420699925539834,0.01563663440059568,0.026061057334326135,0.06626954579300075,0.07297096053611318,0.004467609828741623,0.04318689501116903,0.016381236038719285,0.0037230081906180195,0.05361131794489948,0.0014892032762472078,0.01712583767684289,0.0029784065524944155,0.005956813104988831,0.008190618019359643,0.0007446016381236039,1.0,0.01899760988802784,0.05447100364269527,-0.014087300481632809,0.0009192019764100092,0.00655919442443271,-0.022287531160627455,0.05261171984156025,0.01664285266400767,0.018005396563256417,0.027204015285571554,-0.010239116834507265,-0.0268965072433323,-0.03299735767141257,0.014990590713206964,0.036107259597783034,-0.02750224107007577,0.04545906692694139,-0.014023865640959941,0.009021512090824276,0.044343497278736925,0.0623736014286369,0.029781909321415563,-0.013367707890244872,0.007443278741947004,0.02417898163708428,0.02343221300377114,-0.020267930791123177,-0.011702870176514772,0.009919308771228444,-0.0365109644233761,-0.0047652326318389174,0.051519597194851,-0.04244484812393934,0.008703987317422193,0.006086700843978352,-0.042535170085305087,-0.012191929794816507,0.03453622645310217,0.020348087832018025,-0.05730523257108696,1.0,0.01901176608019477,0.05421038996858964,-0.01618377822084774,-0.0014825617545231517,0.008275983042492507,-0.02294783180761638,0.05314588655828121,0.017496766801404367,0.011038737304174427,0.026819542650159418,-0.012278261587924975,-0.030664701934998918,-0.02814343427051237,0.01694284186319809,0.037378096208381575,-0.032491560407355256,0.04074479653966467,-0.012615965257135845,0.004705734300176712,0.052501489439166354,0.06382662497282404,0.019500486527478995,-0.015379832252521302,-0.0005866204830901081,0.024216111823348763,0.024879428147757843,-0.025944256523745875,-0.018402443391528196,0.005778324082282609,-0.03998371490106293,-0.006919292411557336,0.058029564187339594,-0.03968094099971092,0.004730736495222699,0.010765797463094516,-0.054048821186018406,-0.006033548056908345,0.05008065810778553,0.00960678632713508,-0.067858314343579
3.5227871691707633,0.6582881004423285,0.8838421444527178,6.0,107.0,119.0,116.0,96.0,58.0,50.0,13.0,4.0,1.0,3.0,1.0,134.0,107.0,126.0,124.0,116.0,124.0,107.0,123.0,109.0,109.0,115.0,106.0,0.13414634146341464,0.3780487804878049,0.4878048780487805,0.27214285714285713,0.3271428571428571,0.4007142857142857,0.018615040953090096,0.0052122114668652275,0.014147431124348473,0.014892032762472078,0.014892032762472078,0.011913626209977662,0.0007446016381236039,0.005956813104988831,0.006701414743112435,0.0022338049143708115,0.0379746835443038,0.01340282948622487,0.02531645569620253,0.004467609828741623,0.0193596425912137,0.035740878629932984,0.017870439314966492,0.0029784065524944155,0.010424422933730455,0.005956813104988831,0.005956813104988831,0.02680565897244974,0.0029784065524944155,0.03052866716306776,0.011913626209977662,0.011169024571854059,0.028294862248696945,0.040208488458674606,0.006701414743112435,0.03052866716306776,0.02531645569620253,0.016381236038719285,0.10126582278481013,0.0037230081906180195,0.04393149664929263,0.023827252419955324,0.024571854058078928,0.06552494415487714,0.06701414743112435,0.00967982129560685,0.034996276991809384,0.02084884586746091,0.00967982129560685,0.04839910647803425,0.0037230081906180195,0.018615040953090096,0.0037230081906180195,0.008190618019359643,0.006701414743112435,0.0,1.0,0.006519127310432939,0.0016493511546879322,0.055955369696711256,0.06222763258201931,-0.01840283226637332,-0.0022995998777760665,0.02481567582827479,0.011547805219469073,0.03164334766839934,-0.01489326503721827,0.03842264234304504,0.012944924962165408,-0.038192935822983505,0.01787578688415439,0.0180211808559586,0.024924421308212718,0.006099647652481887,0.0024171685580646482,-0.005973631299572336,-0.012506766508400938,0.040903725274432645,0.012788195786440247,0.02128090430531484,0.0007348431643919867,0.016837120426326273,0.008512063130809048,0.0013363157183712436,0.01944620953042753,-0.01598979573791366,0.03094450447829319,0.0020240091626135973,0.04925857433871715,0.01824401157083454,0.004233894123618955,0.0005784182508260475,0.0028120772803558115,-0.014828076653474334,-0.024826217385412415,0.06737918237123582,-0.011798466173068272,1.0,0.006523985080410901,0.0016093171521370019,0.05606191602074775,0.06188278154515194,-0.019352666154636548,-0.0055130056394023935,0.018236677307265324,0.00978350484917226,0.03471355139275346,-0.017739172495084887,0.035039484638619646,0.008751553035225748,-0.04088359378502334,0.017547309831346513,0.011853039185998886,0.028207685938604267,0.00969858173118284,-0.005605656308764716,-0.010507546588243877,-0.017483710934735112,0.04323992048094615,0.015433563280558296,0.01970366370795483,-0.0011071572180819304,0.007748435557480519,0.004042037008110576,-3.5085677612509317e-05,0.018919582678818294,-0.017590620873809255,0.027681549972098374,0.0001368265847702261,0.04489076403649335,0.015510971584974222,0.0012482849464142463,-0.003953685155948912,-0.004110683189225474,-0.021619912342206102,-0.02471223450016401,0.06486039634479182,-0.010651993847538474
3.500693961059759,0.618686757934892,0.8920327624720774,1.0,111.0,121.0,112.0,76.0,86.0,37.0,24.0,28.0,4.0,12.0,2.0,134.0,115.0,131.0,117.0,114.0,121.0,103.0,118.0,115.0,112.0,113.0,106.0,0.18078175895765472,0.3583061889250814,0.4609120521172638,0.2666190135811294,0.3273766976411723,0.40600428877769834,0.014147431124348473,0.01340282948622487,0.016381236038719285,0.016381236038719285,0.01712583767684289,0.014147431124348473,0.0,0.008190618019359643,0.0052122114668652275,0.0029784065524944155,0.039463886820551006,0.00967982129560685,0.03127326880119136,0.0052122114668652275,0.01563663440059568,0.03201787043931496,0.012658227848101266,0.0029784065524944155,0.008935219657483246,0.0022338049143708115,0.0014892032762472078,0.02531645569620253,0.0029784065524944155,0.028294862248696945,0.011169024571854059,0.008935219657483246,0.03276247207743857,0.054355919583023084,0.005956813104988831,0.0387192851824274,0.02680565897244974,0.018615040953090096,0.09977661950856292,0.0029784065524944155,0.05212211466865227,0.02531645569620253,0.029039463886820552,0.06031273268801191,0.06031273268801191,0.006701414743112435,0.03201787043931496,0.01340282948622487,0.007446016381236039,0.04095309009679821,0.0029784065524944155,0.0193596425912137,0.0014892032762472078,0.012658227848101266,0.008935219657483246,0.0007446016381236039,1.0,0.040446706784373565,-0.02303553125250884,-0.011659874988756647,0.028890060481051066,0.014811443586690128,0.03683190326199276,0.0026066715176481384,-0.013531647099248468,0.04116680273850927,0.020198840016538662,0.0003227617521500299,-0.022673447181074988,0.031021684051903572,0.03204758649450839,0.04939975181641953,-0.009427946512267023,-0.018576599745550957,0.0006818451446360008,-0.015108277339047323,-0.0222424829508258,-0.012206529129128117,-0.03674896525692436,0.010100143618764653,-0.009956983275750671,-0.020714862615275022,0.029578916244581928,0.017996672240029186,-0.003038174092125929,-0.050056488541907015,0.02413344781499473,-0.005734312331373881,0.0060170962301730815,0.032257270117639375,-0.010419266798982111,-0.016007295020016493,-0.012756456404678165,0.014103414785087646,-0.02441828765792235,-0.06506265850913143,0.019520293616863155,1.0,0.04047684591014433,-0.02474880989141405,-0.00974925341734046,0.029360099105290353,0.011984612575319777,0.03724667986110389,0.0008618545517972506,-0.012632442297880662,0.042874619047573816,0.014083913428131561,-0.0004603457422108947,-0.021852124704227135,0.03147584249963063,0.028043537622135753,0.04538322104127328,-0.011739102105245541,-0.015458152793718536,0.0007503500372471122,-0.023482877391983334,-0.02539489532495463,-0.011352315680751774,-0.038600847360106036,0.0126330247754762,-0.01717288424439311,-0.017993976968131875,0.038091688394772304,0.016137317428972967,-0.003391957122308125,-0.049897892444174606,0.028868154973845175,-0.005613500945444244,0.005967002252070537,0.036757044667790104,-0.00891150580665711,-0.006158760581906716,-0.015606115115196719,0.01340483550276241,-0.022332136742160565,-0.06980315896901673,0.02479285049682347
3.4580963513812804,0.6164164933211429,0.885331347728965,4.0,112.0,128.0,118.0,97.0,82.0,32.0,37.0,28.0,15.0,11.0,2.0,134.0,113.0,131.0,126.0,115.0,130.0,101.0,122.0,121.0,115.0,127.0,112.0,0.18468468468468469,0.38738738738738737,0.42792792792792794,0.26675881133379403,0.32964754664823775,0.4035936420179682,0.016381236038719285,0.004467609828741623,0.01563663440059568,0.0037230081906180195,0.01712583767684289,0.01712583767684289,0.0007446016381236039,0.007446016381236039,0.0029784065524944155,0.0014892032762472078,0.04095309009679821,0.00967982129560685,0.03648548026805659,0.008935219657483246,0.023827252419955324,0.02308265078183172,0.01340282948622487,0.0052122114668652275,0.008935219657483246,0.0037230081906180195,0.0029784065524944155,0.026061057334326135,0.0037230081906180195,0.02084884586746091,0.008190618019359643,0.00967982129560685,0.020104244229337303,0.04616530156366344,0.008190618019359643,0.028294862248696945,0.02680565897244974,0.017870439314966492,0.09456440804169769,0.0022338049143708115,0.05658972449739389,0.020104244229337303,0.049143708116157855,0.06478034251675353,0.08786299329858525,0.007446016381236039,0.02531645569620253,0.023827252419955324,0.0052122114668652275,0.04616530156366344,0.0022338049143708115,0.014147431124348473,0.0014892032762472078,0.008935219657483246,0.005956813104988831,0.0037230081906180195,1.0,0.007312526736487805,0.02512922605956897,-0.007413764355793509,-0.029692508661454606,-0.029931927678776487,-0.032940867921493276,-0.0005737978687278796,-0.043721727853820676,0.05220826671478078,0.026577995147414622,0.0005928577117261763,-0.0268249722030969,0.006177642738161402,0.033751642164339034,3.190221676982341e-05,0.01506612913910487,-0.034621527675718536,-0.011570315601377836,0.03233771411577321,-0.017917272568478394,-0.036984168130189767,0.005756836122056209,0.0337380190357967,0.03269464100109839,0.016433497593092344,0.04304535169890031,0.009602907956252023,-0.07980974368664984,0.05890796054017005,-0.000534251656712401,-0.07474458652302442,0.005287196101576961,0.0001356637235514706,-0.01390153206362394,0.026925791009067345,-0.03346107845245359,-0.03990982583317923,0.007800695834214871,0.06836982644889886,-0.0031447588209695954,1.0,0.007317975713191594,0.02511449658049461,-0.007799030163670005,-0.030325714372626333,-0.029275942541205108,-0.0312938222428272,0.000879154733530453,-0.04383180013399707,0.05108533910873869,0.02565666908249888,-0.004780486594034984,-0.031433862712942816,0.007608212460107964,0.03754589870571929,0.0034899383361348315,0.01144659863896306,-0.03204537013850729,-0.011741435650532994,0.03486147762665875,-0.018570559886056128,-0.0370392691530893,0.009970143718970715,0.031905278369711965,0.03089412651701784,0.00947175728924175,0.04389699554750764,0.015125469833649987,-0.08614624991149314,0.061542513384331615,0.013511993327314223,-0.07095083492875451,0.0037901440255520853,-0.002890491661065407,-0.015541347822272027,0.02736714064551994,-0.045503945901718815,-0.03597084391193,0.005885723118157592,0.06482896285975541,-0.004089235896490543
3.5112140513376833,0.643652842357938,0.8883097542814594,6.0,112.0,127.0,119.0,82.0,89.0,21.0,47.0,11.0,13.0,9.0,4.0,134.0,116.0,129.0,123.0,117.0,129.0,75.0,125.0,119.0,121.0,123.0,96.0,0.221875,0.3515625,0.4265625,0.2757640369580668,0.3411513859275053,0.38308457711442784,0.011169024571854059,0.005956813104988831,0.01712583767684289,0.01712583767684289,0.02084884586746091,0.014892032762472078,0.0029784065524944155,0.005956813104988831,0.0029784065524944155,0.0022338049143708115,0.044676098287416234,0.007446016381236039,0.04690990320178704,0.006701414743112435,0.017870439314966492,0.03052866716306776,0.01340282948622487,0.0022338049143708115,0.00967982129560685,0.008190618019359643,0.0029784065524944155,0.028294862248696945,0.0052122114668652275,0.024571854058078928,0.016381236038719285,0.01340282948622487,0.03201787043931496,0.04318689501116903,0.005956813104988831,0.039463886820551006,0.02084884586746091,0.008935219657483246,0.10275502606105734,0.0037230081906180195,0.055100521221146684,0.018615040953090096,0.04169769173492182,0.058078927773641105,0.05286671630677588,0.005956813104988831,0.03052866716306776,0.01563663440059568,0.004467609828741623,0.0387192851824274,0.0029784065524944155,0.012658227848101266,0.0037230081906180195,0.011913626209977662,0.007446016381236039,0.0029784065524944155,1.0,-0.012815445618092742,-0.03065291102267861,-0.004880000927798046,-0.03182992120221665,0.024951475404999323,0.01143666820945733,-0.011912702143731671,0.016052308250335143,-0.02037618231489394,0.01300743220438977,0.012955377812638912,0.0004850282018349897,0.03071753539499772,-0.061045574259531575,-0.012054625164448208,0.020721260866050757,-0.01375895519440307,-0.0471312861449351,0.01569506214321125,-0.07801501165309767,-0.020876579844844097,-0.008530366724690954,-0.02521296454976642,-0.02775559908442297,0.031018543960781162,-0.02026476353664169,-0.01940843558455471,-0.026368369295614168,0.008131993152398119,0.026165676037786436,-0.022177519378690565,-0.059341576255318496,-0.011318497005976634,-0.003983436593746104,0.018034488366577263,-0.039590672263705204,0.013212358055372039,-0.025863798373058747,-0.003689651340777392,0.01247702932654163,1.0,-0.012824995130475816,-0.03086818523399783,-0.005699040271256314,-0.03305154014677571,0.023895779373533328,0.010096475483178128,-0.010528811730799911,0.015792355009612447,-0.01918071026134812,0.013628560234819969,0.011116252294830493,0.002864911042988316,0.030312645825395054,-0.059676050121280126,-0.01080953236375602,0.01587921370726263,-0.012552889454416296,-0.05315319902432044,0.0158717247903113,-0.07899496095641645,-0.026999883700719617,-0.014548974170023939,-0.027889735370301368,-0.035822403213722584,0.03289405172441163,-0.020662162146485308,-0.02030547804868505,-0.028217867001538655,0.006049599824788057,0.02636110103431444,-0.019381692066010918,-0.0675834585403159,-0.00779388596330411,-0.011157564822339356,0.00704124930826585,-0.046036900896539334,0.014513424934963945,-0.04480582794990316,0.0025697405250406304,-0.0005424900573102174
3.416981260440581,0.6086609423176106,0.8823529411764706,10.0,81.0,126.0,112.0,88.0,74.0,11.0,32.0,27.0,20.0,9.0,1.0,134.0,92.0,131.0,122.0,118.0,128.0,35.0,127.0,110.0,112.0,113.0,87.0,0.19627749576988154,0.4179357021996616,0.38578680203045684,0.29717341482047366,0.35294117647058826,0.34988540870893814,0.016381236038719285,0.010424422933730455,0.010424422933730455,0.011169024571854059,0.011913626209977662,0.012658227848101266,0.0007446016381236039,0.012658227848101266,0.0022338049143708115,0.0022338049143708115,0.03201787043931496,0.010424422933730455,0.04690990320178704,0.0052122114668652275,0.02084884586746091,0.020104244229337303,0.014147431124348473,0.004467609828741623,0.012658227848101266,0.0014892032762472078,0.0029784065524944155,0.03052866716306776,0.0037230081906180195,0.02531645569620253,0.008190618019359643,0.010424422933730455,0.04690990320178704,0.055100521221146684,0.0037230081906180195,0.04095309009679821,0.016381236038719285,0.014147431124348473,0.10275502606105734,0.0007446016381236039,0.05286671630677588,0.014147431124348473,0.03350707371556218,0.07148175725986597,0.07297096053611318,0.005956813104988831,0.035740878629932984,0.014147431124348473,0.006701414743112435,0.04690990320178704,0.0022338049143708115,0.008935219657483246,0.0029784065524944155,0.007446016381236039,0.0022338049143708115,0.0007446016381236039,1.0,0.0008419585453147757,0.06493867557560927,0.06358598914129014,0.027852352283519646,-0.029649844496241192,-0.0036402669154933023,0.034254662754165985,-0.030545025330978828,0.045792476946589326,-0.038450556916368506,-0.025755603192704014,-0.02485172262731478,0.022176638229046537,-0.004395566758609368,0.02838797265657743,0.0006093089701076127,-0.005757614314074993,-0.01811136416385607,-0.02575233762167661,0.013234908056305969,-0.025155884274677288,-0.006626772258487977,-0.0378802075581435,0.022245309208452357,-0.0066420079280139115,-0.03981563317799711,-0.030675192282442216,-0.03262031289013089,-0.011069006284543577,0.008516284132998358,0.009524122720587223,-0.00496604493251041,0.04392320712957711,0.03391578481687131,0.009395407332642804,0.019849396981139595,0.02700674019066002,-0.055268229739519587,0.017138884081254305,0.04250042994724403,1.0,0.0008425859361830879,0.06503486291554597,0.0638925951678073,0.024069683843595546,-0.038184817444690496,-0.011485931880093893,0.035810044946607736,-0.02600251553633983,0.04455724354659133,-0.04066657120295019,-0.03107739836019096,-0.022449766425183537,0.02789068196142188,0.006261933856862335,0.030434539613837366,-0.008240633832573126,-0.00829557044217813,-0.023280541799140617,-0.02242889980324446,0.017869391277016294,-0.017952437178543876,-0.012243841843125882,-0.03688468278030433,0.022597892619603856,0.0062898527487408595,-0.03752772282399932,-0.03400023910832431,-0.03222779441135362,-0.006572826261548578,0.022610092680994384,0.011540004906307546,-0.002482637063854661,0.03635491215665779,0.03433038203853379,0.00900973145918883,0.014747937029224726,0.01581337210127526,-0.06465451844613719,0.009885965556983765,0.04555205630816743
3.524501234001784,0.6269876965078527,0.8838421444527178,1.0,121.0,129.0,116.0,102.0,63.0,42.0,17.0,9.0,27.0,18.0,0.0,134.0,124.0,131.0,127.0,125.0,130.0,101.0,127.0,122.0,124.0,124.0,121.0,0.12558139534883722,0.3937984496124031,0.4806201550387597,0.26241610738255033,0.33422818791946307,0.4033557046979866,0.01563663440059568,0.005956813104988831,0.014892032762472078,0.01340282948622487,0.01340282948622487,0.011169024571854059,0.0022338049143708115,0.006701414743112435,0.0052122114668652275,0.0022338049143708115,0.04244229337304542,0.014147431124348473,0.03052866716306776,0.0052122114668652275,0.0193596425912137,0.021593447505584513,0.0193596425912137,0.004467609828741623,0.008935219657483246,0.0037230081906180195,0.0029784065524944155,0.022338049143708117,0.005956813104988831,0.02680565897244974,0.01340282948622487,0.012658227848101266,0.024571854058078928,0.05286671630677588,0.005956813104988831,0.03648548026805659,0.026061057334326135,0.010424422933730455,0.09977661950856292,0.0037230081906180195,0.05361131794489948,0.03052866716306776,0.03723008190618019,0.054355919583023084,0.058078927773641105,0.011169024571854059,0.03052866716306776,0.022338049143708117,0.005956813104988831,0.049143708116157855,0.007446016381236039,0.016381236038719285,0.0014892032762472078,0.007446016381236039,0.008935219657483246,0.0007446016381236039,1.0,-0.018227245832757522,0.047877393864026584,0.04159499458128461,0.030669489972517706,-0.06935328111194934,-0.021381849228710982,0.038074926955221286,0.013082646214052565,-0.01981292677027214,-0.011321759736795821,0.021094561485907954,-0.03309934195323795,-0.018104163282983882,-0.005661999978398385,0.00018102639473039354,-0.010836744776841009,-0.01996560809961914,-0.017575728468736587,0.007038674133002383,-0.007385579635649743,-0.026824332849656015,0.0010738953613841269,0.012120698518992352,-0.00018489932714683814,0.022514595305164628,-0.039734027740131614,0.030506168811841174,-0.024831532471210702,-0.02494670435989363,0.005472495181726928,0.038081925725663136,0.01448117314936458,-0.014985306712882908,0.0339790539735008,-0.013159572422033939,-0.021071061403697123,-0.022430431508244583,0.04524522627326788,0.02753923679001472,-0.016473477660136508,1.0,-0.018240827983154514,0.04763192003185865,0.04350307065777028,0.030180561250983274,-0.07288702453225049,-0.029309723062456425,0.04208975790125205,0.02310829413320439,-0.017059748729632646,-0.02178546728265771,0.015172919058370898,-0.025229912100329488,-0.014448079285859993,-0.007613752770420019,-0.0012438144102439117,-0.004051861367668676,-0.020770998655941626,-0.02293361389187711,0.008802295552688655,-0.00012387590940048793,-0.026278957367003038,-0.004374425530366614,0.01240875988668124,0.004992178622853759,0.024635965722818617,-0.047518135617217266,0.023704103587955737,-0.017993355005075103,-0.02568506431747739,0.005970836131384299,0.03645106521343342,0.020978012391403088,-0.01940857270538833,0.021884262888282102,-0.015211964080623936,-0.016791146268330517,-0.01688330704315694,0.03800908674103393,0.03669351577449143,-0.015504173368565865
3.5103908399759836,0.641370693780428,0.8749069247952346,2.0,110.0,120.0,111.0,101.0,75.0,37.0,31.0,20.0,19.0,6.0,1.0,134.0,111.0,125.0,125.0,114.0,127.0,105.0,122.0,113.0,111.0,118.0,110.0,0.17061611374407584,0.39652448657187994,0.43285939968404424,0.2706713780918728,0.32720848056537105,0.4021201413427562,0.01340282948622487,0.010424422933730455,0.010424422933730455,0.017870439314966492,0.018615040953090096,0.01563663440059568,0.0,0.010424422933730455,0.005956813104988831,0.004467609828741623,0.04393149664929263,0.010424422933730455,0.034996276991809384,0.0022338049143708115,0.021593447505584513,0.026061057334326135,0.021593447505584513,0.0037230081906180195,0.008190618019359643,0.006701414743112435,0.0022338049143708115,0.0193596425912137,0.008935219657483246,0.024571854058078928,0.01712583767684289,0.00967982129560685,0.027550260610573342,0.034996276991809384,0.004467609828741623,0.03648548026805659,0.021593447505584513,0.016381236038719285,0.0960536113179449,0.0014892032762472078,0.06254653760238273,0.021593447505584513,0.03276247207743857,0.06775874906924795,0.06552494415487714,0.011169024571854059,0.029039463886820552,0.011913626209977662,0.007446016381236039,0.04244229337304542,0.0014892032762472078,0.017870439314966492,0.004467609828741623,0.008935219657483246,0.007446016381236039,0.03648548026805659,1.0,0.008050930053322802,-0.002521845091799779,0.0141592831871321,0.0021277512031585856,0.0012750436452897641,0.04134449654569421,-0.002687612836043349,0.016554952700258068,0.07026262746537805,0.012845646670965842,0.01000565946921308,0.024202413293637513,-0.016519652096942283,-0.003117107559866103,0.04454880358209064,-0.042232788025051794,-0.01541172435783048,0.01609150349797176,-0.007982336911893984,0.03307882491529304,0.022491646494509007,0.013800161416303998,-0.016673466059662977,0.022817172793674786,-0.016641383419534788,0.002842489764829195,0.018189637790663734,-0.016627820576725193,-0.0020209135384528683,0.015464431841311119,0.0021249844896951728,0.013675274227687587,0.003446608937755959,-0.003976493542038654,0.028545150291589404,0.01399500968304585,-0.030032411010218057,0.012830573625396953,-0.0506207081829443,0.016647254761929867,1.0,0.008056929256045096,-0.002590688514149907,0.014233276879958885,0.001897962683294006,0.0013218557869570332,0.04132934595569037,-0.0034263972942112316,0.016922448057554294,0.06944593588637209,0.011971435160053836,0.009924196164502894,0.02104667160856616,-0.017354029410636157,-0.004543682198697823,0.03912724435754769,-0.04434740354798142,-0.017797731917348462,0.008565359714285186,-0.008534547469627778,0.032516727503693256,0.01635558998932972,0.01957710989695687,-0.01754347756420032,0.017956911186200047,-0.011061920816942817,0.0029789145951440764,0.014875220603394992,-0.015318339635227274,-0.0060232819772613804,0.00686742583987566,0.004727166475682774,0.01282350203484225,-0.00230879870040343,0.00032120101729689744,0.02716117552613838,0.011310765105682878,-0.027101358013519712,0.015124659375625049,-0.058435838179812336,0.020156822475287342
3.4712582612619443,0.6247879297989303,0.8816083395383469,6.0,106.0,118.0,121.0,88.0,78.0,30.0,41.0,12.0,12.0,6.0,0.0,134.0,108.0,126.0,126.0,117.0,126.0,103.0,127.0,113.0,121.0,125.0,105.0,0.2022653721682848,0.37702265372168287,0.42071197411003236,0.27044025157232704,0.3333333333333333,0.39622641509433965,0.01712583767684289,0.005956813104988831,0.008935219657483246,0.014147431124348473,0.014147431124348473,0.010424422933730455,0.0,0.008190618019359643,0.0052122114668652275,0.0029784065524944155,0.03723008190618019,0.008935219657483246,0.03648548026805659,0.005956813104988831,0.020104244229337303,0.02084884586746091,0.016381236038719285,0.0029784065524944155,0.008935219657483246,0.0029784065524944155,0.0022338049143708115,0.02308265078183172,0.0037230081906180195,0.03276247207743857,0.011913626209977662,0.011169024571854059,0.02531645569620253,0.03723008190618019,0.005956813104988831,0.034996276991809384,0.02680565897244974,0.00967982129560685,0.10573343261355175,0.0037230081906180195,0.04988830975428146,0.02084884586746091,0.0379746835443038,0.06626954579300075,0.08339538346984364,0.00967982129560685,0.0387192851824274,0.01340282948622487,0.010424422933730455,0.04244229337304542,0.006701414743112435,0.0193596425912137,0.0022338049143708115,0.00967982129560685,0.0052122114668652275,0.0014892032762472078,1.0,0.021026169960883984,0.017221311528370996,0.023317465181127924,0.054389962981914945,0.028210051699447798,-0.03652317844154338,0.06645835309901017,0.04428584394801453,-0.0060912298330146235,0.02822663256475677,-0.018574412319824894,-0.0048314490796958825,0.007722470492089876,0.04879956468229851,-0.04556928343204542,-0.006806783745560185,0.056068594004641086,0.008012859952901574,-0.020758332885855643,-0.05930283870663705,0.01772926959764719,0.0007888750239685464,-0.06468565355367208,-0.0012378767031504443,0.00788131780007616,0.012277251489297845,-0.01838479423554622,-0.00324401580115669,0.007240805828174885,0.012103065004130073,0.008359373784226987,-0.005487908658007821,-0.07944257249694019,0.0006095345116677762,-0.003204836418438656,0.013888789825477152,0.07821911334801812,-0.04480591448502863,-0.008625239449758392,0.005572930773423443,1.0,0.021041837747740093,0.016811680396957594,0.02267555824461097,0.0533850298333676,0.02552074484001498,-0.04013780570269868,0.06536565062609839,0.03948898052261455,-0.011304925510921722,0.02843278024041933,-0.0263448654667938,-0.014220634037660027,0.012010937985302913,0.047166046258702396,-0.05418067454823505,-0.002988786253615556,0.05283440872274373,0.0017361313580263747,-0.01633848150755748,-0.056912383899437355,0.005557240823536943,0.002092520520342919,-0.0542172999125435,-0.002024933014021652,0.010379744412995995,0.011180195568899575,-0.008592123548045257,0.003700683636813635,0.0066095914705554286,0.01855109251783869,0.005740989303804213,-0.003419583027016765,-0.08122920548403469,0.0013675989910393244,-0.008316062994316208,0.021069759026008328,0.10308406417518709,-0.0584151260231336,-0.02207475761295164,0.019516005407767763
3.4466971060013045,0.5902256596630633,0.8801191362620998,5.0,86.0,117.0,99.0,80.0,94.0,15.0,33.0,20.0,11.0,21.0,1.0,133.0,97.0,123.0,113.0,112.0,122.0,53.0,114.0,110.0,111.0,112.0,82.0,0.2268041237113402,0.36082474226804123,0.41237113402061853,0.2878315132605304,0.34789391575663026,0.36427457098283933,0.014147431124348473,0.008190618019359643,0.01563663440059568,0.011913626209977662,0.011913626209977662,0.008190618019359643,0.0014892032762472078,0.008935219657483246,0.0014892032762472078,0.0014892032762472078,0.0387192851824274,0.005956813104988831,0.029039463886820552,0.006701414743112435,0.026061057334326135,0.020104244229337303,0.012658227848101266,0.0,0.011913626209977662,0.007446016381236039,0.0014892032762472078,0.03276247207743857,0.0014892032762472078,0.02531645569620253,0.011169024571854059,0.012658227848101266,0.03276247207743857,0.05063291139240506,0.004467609828741623,0.04393149664929263,0.02308265078183172,0.010424422933730455,0.09828741623231571,0.0007446016381236039,0.05584512285927029,0.023827252419955324,0.03723008190618019,0.07073715562174236,0.06329113924050633,0.007446016381236039,0.03723008190618019,0.017870439314966492,0.007446016381236039,0.04765450483991065,0.0007446016381236039,0.0193596425912137,0.004467609828741623,0.00967982129560685,0.0029784065524944155,0.0029784065524944155,1.0,0.049954913708541396,0.03019207904119326,4.688320930645409e-05,-0.004140790714099071,0.006284318630890845,0.007892913994940015,0.013277909591944994,-0.02689046109984287,-0.015002604461111898,-0.009632001004811779,0.02652093206283325,-0.002713523281291619,-0.0038087101053505905,-0.01845126930149155,-0.027764916046724143,0.006680467231821298,0.03984565266087729,-0.0035806213751167545,-0.019210566250831475,-0.00181062100837229,-0.03780887921781,-0.023926551047565782,0.009078849018159944,-0.00879129728649968,0.001395051919983592,-0.027552826687959574,0.02793205264447736,0.032469013427682096,-0.04796204665503941,-0.004052724627469745,-0.04334257018405647,-0.054293594349920024,-0.04375241731202332,0.06636850668513568,0.03551225300913049,0.018836964572063564,0.024084185570299878,-0.02480031811489545,0.00520542368425086,0.008276183946199936,1.0,0.049992137936342086,0.02780739100328424,-0.002821975659580514,-0.004875317124708366,0.006853113524605503,0.007578249725390292,0.01223987986937381,-0.028853479278190593,-0.013105751962248528,-0.006654736349566449,0.028459353767263783,-0.005492544027144357,-0.005137908281902891,-0.01769781299776337,-0.024826073051982443,0.009859511864370927,0.04040783255844905,-0.009627060313399265,-0.020101762277190263,0.0017098452383139961,-0.03610029700302602,-0.022683717688127544,0.011223736712535452,-0.009862653585590327,0.0046394133421808394,-0.025049149144175237,0.03073453033481377,0.030069904672174276,-0.05648194213262756,-0.0028613130227968368,-0.039664167828581266,-0.04886508454375373,-0.03886840024900404,0.07089663519466666,0.03368035866093262,0.01398342248563109,0.021968738609328433,-0.026107872932317838,0.0030298914655192103,0.00541977360987093
3.5034749377704935,0.6388456549261736,0.8845867460908414,4.0,111.0,121.0,111.0,85.0,75.0,13.0,23.0,1.0,6.0,1.0,1.0,134.0,110.0,128.0,117.0,116.0,123.0,110.0,121.0,111.0,111.0,113.0,110.0,0.18478260869565216,0.3677536231884058,0.447463768115942,0.2692307692307692,0.32407407407407407,0.4066951566951567,0.01563663440059568,0.007446016381236039,0.00967982129560685,0.01563663440059568,0.014892032762472078,0.01340282948622487,0.0,0.0052122114668652275,0.011913626209977662,0.0022338049143708115,0.034996276991809384,0.011169024571854059,0.0387192851824274,0.0037230081906180195,0.01712583767684289,0.02308265078183172,0.01563663440059568,0.0029784065524944155,0.014147431124348473,0.0022338049143708115,0.0037230081906180195,0.017870439314966492,0.0014892032762472078,0.018615040953090096,0.016381236038719285,0.011169024571854059,0.0193596425912137,0.04765450483991065,0.005956813104988831,0.0379746835443038,0.040208488458674606,0.01340282948622487,0.10275502606105734,0.004467609828741623,0.04318689501116903,0.028294862248696945,0.0379746835443038,0.05063291139240506,0.06552494415487714,0.011169024571854059,0.039463886820551006,0.021593447505584513,0.004467609828741623,0.049143708116157855,0.0037230081906180195,0.021593447505584513,0.0022338049143708115,0.01340282948622487,0.0052122114668652275,0.0014892032762472078,1.0,0.05264570431554566,0.04800240662654819,0.029289906145947536,-0.009322645564636687,-0.011175547342470976,0.03539925226129464,0.04594637896491673,-0.017120109740926114,0.027764022323750543,0.01151158211128102,-0.027620479892433682,0.0367606835870431,-0.01978914339174176,-0.03650999004420373,0.03820527527341713,-0.011223088474450428,-0.01897810839993655,0.005470626764203656,0.03620845429634364,-0.01885566411807269,0.0652471991349609,-0.031082180050102264,-0.009603483589089966,0.017392329839803992,-0.0003440921511402931,-0.046281354296998006,0.014251656307330716,0.003131644205986556,-0.03809307508667608,-0.006760659613850216,-0.0057811580351610865,0.02538551301981551,0.01220081455789665,0.005979516853943695,0.009755333465529311,-0.02522654429313363,-0.034224811021760976,-0.05098131054749405,-0.027417725832502873,0.02311820649355812,1.0,0.052684933603411206,0.0454243809092756,0.02466378308133369,-0.014295204314376208,-0.012607286025360525,0.037310242714498405,0.044661764873665986,-0.02474125568149339,0.023653061036830857,0.009401826944201771,-0.02829765739525753,0.03734696093985279,-0.02501487275392276,-0.03671204112687186,0.042956899464265515,-0.014542377291290863,-0.017665768426137755,0.005253007627050443,0.03522380176567543,-0.01442962390999349,0.0631409017858825,-0.044924362481165304,-0.001628739272802457,0.017294597088694137,-0.003522065588953082,-0.04495199254768691,0.012274949720116612,0.00018448067296311538,-0.027779796442392923,-0.011463404974575665,-0.008490472910809255,0.04352093132777655,0.006914030689480926,-0.0022408554864980826,0.018854012729695408,-0.032510073499264776,-0.032216251313833336,-0.041669671316600716,-0.027341118412490956,0.0247698498014388
3.510066101228764,0.6008974992920115,0.8875651526433358,4.0,111.0,127.0,123.0,71.0,89.0,33.0,35.0,15.0,9.0,10.0,0.0,134.0,111.0,129.0,125.0,120.0,130.0,111.0,127.0,119.0,124.0,127.0,111.0,0.20414673046251994,0.34768740031897927,0.4481658692185008,0.26634877384196187,0.33242506811989103,0.40122615803814715,0.016381236038719285,0.011169024571854059,0.018615040953090096,0.011913626209977662,0.011913626209977662,0.012658227848101266,0.0022338049143708115,0.006701414743112435,0.005956813104988831,0.0037230081906180195,0.0379746835443038,0.00967982129560685,0.04169769173492182,0.0052122114668652275,0.017870439314966492,0.02680565897244974,0.01563663440059568,0.0,0.0037230081906180195,0.005956813104988831,0.0022338049143708115,0.020104244229337303,0.0022338049143708115,0.03052866716306776,0.014892032762472078,0.017870439314966492,0.035740878629932984,0.04616530156366344,0.0037230081906180195,0.03648548026805659,0.023827252419955324,0.01340282948622487,0.09084139985107967,0.0052122114668652275,0.054355919583023084,0.02084884586746091,0.040208488458674606,0.06105733432613552,0.05584512285927029,0.006701414743112435,0.039463886820551006,0.024571854058078928,0.011169024571854059,0.04318689501116903,0.0029784065524944155,0.014892032762472078,0.006701414743112435,0.0037230081906180195,0.0037230081906180195,0.0014892032762472078,1.0,0.03532210216884098,0.05660990367642232,-0.021319162544465562,0.03741858586284237,0.014697150908633107,0.021972087944072113,0.03012359299468126,0.028801396411572772,0.022946722607752063,-0.0019890311452714915,0.02121078865582462,-0.017217249145236594,0.039805815194875166,-0.01065411982206417,0.0006263524173168795,0.003297312686814325,-0.013559185681236974,-0.026830471758125255,0.010605650080308383,-0.048954902942171294,-0.008011620203708074,0.00245813839541827,-0.0054375216160295805,-0.01740344455043757,-0.01839938655642473,-0.037285973188779936,0.019314351427881335,0.012249099239589584,0.000993546225611855,-0.03893099085045967,0.02309905715095367,-0.0443070370437121,0.020312515088437923,-0.02644140574895133,0.012776018517255123,0.005819591181439522,0.00018108667455833324,-0.02513716824195296,-0.03798629724593391,-0.026368089835565094,1.0,0.03534842266226039,0.05551418766554989,-0.025331655094348773,0.036153469973626534,0.014895487557295289,0.01647363938329887,0.029269089734020974,0.024372254991468997,0.018095943825081097,-0.006391789374438418,0.018338685179446028,-0.02038721971310438,0.03623102261996083,-0.012486882239642285,-0.0071772537185521386,0.005973952298650304,-0.01820697117068607,-0.027791786734133257,0.014116183722815128,-0.05083076580505826,-0.006864271145714596,0.010024838943032296,-0.00629653498147257,-0.0156357217735857,-0.011290287724713353,-0.035139552485436217,0.027552365616654015,0.01860462762758067,-0.0010113073637957606,-0.037396679448455095,0.03274349436721629,-0.0462582409721742,0.025980663963835884,-0.019818576640726285,0.006779272496406384,0.011602355352590087,-0.0007814037628800618,-0.029152857420632772,-0.030901788971618712,-0.0272987494333066
3.4886105644936993,0.6448537969806093,0.8756515264333582,3.0,113.0,124.0,114.0,85.0,90.0,35.0,39.0,41.0,18.0,11.0,3.0,134.0,115.0,131.0,125.0,119.0,130.0,103.0,119.0,113.0,111.0,112.0,113.0,0.1952662721893491,0.3816568047337278,0.4230769230769231,0.2687719298245614,0.32842105263157895,0.40280701754385967,0.01712583767684289,0.0052122114668652275,0.010424422933730455,0.00967982129560685,0.01563663440059568,0.012658227848101266,0.0007446016381236039,0.007446016381236039,0.005956813104988831,0.0022338049143708115,0.040208488458674606,0.008935219657483246,0.03201787043931496,0.008190618019359643,0.023827252419955324,0.02531645569620253,0.020104244229337303,0.0029784065524944155,0.00967982129560685,0.0029784065524944155,0.0029784065524944155,0.020104244229337303,0.0029784065524944155,0.021593447505584513,0.011169024571854059,0.01563663440059568,0.029784065524944156,0.039463886820551006,0.005956813104988831,0.03648548026805659,0.020104244229337303,0.011913626209977662,0.09828741623231571,0.004467609828741623,0.05658972449739389,0.026061057334326135,0.029039463886820552,0.07148175725986597,0.07446016381236038,0.007446016381236039,0.034996276991809384,0.016381236038719285,0.008935219657483246,0.045420699925539834,0.0037230081906180195,0.0193596425912137,0.0014892032762472078,0.011169024571854059,0.011169024571854059,0.0,1.0,-0.009819248642057162,-0.011377703832229445,0.04432972762638103,-0.007279481762941347,-0.019352163881595864,0.007942991705880822,-0.0023600830932349673,-0.015987167543182492,-0.02409958840228725,0.002540518852343202,0.0020461287120473893,-0.03373954779355525,0.01584355479562171,-0.008143845657241841,-0.029423461566284854,-0.032486543535856234,0.04303216637730372,0.005713812596295231,0.009685655001034167,0.026425523091321595,0.015488793218820822,-0.010481002602724734,-0.03272857218227178,0.010634476746595503,-0.02209664533405889,0.02779234616376931,0.010036131293504816,-0.05287407045022338,0.028211702537041396,0.01612624473398751,-0.0032536905245494335,-0.008310217596986686,-0.02306779943808587,0.021074432302971624,0.015898604629395352,-0.009554985965528525,0.003080100691697266,0.005592671975257419,-0.02349947737026601,-0.038879402766230274,1.0,-0.00982656551883963,-0.011492343922917678,0.044212893779215695,-0.0065880656141533225,-0.018599974699138495,0.005525529398192013,-0.0020443840592978984,-0.014391936767906966,-0.025517816538798074,0.0017153277980272456,0.0031601083313970947,-0.03223597303321043,0.01440338256324224,-0.009580963488928276,-0.026463313735776945,-0.035865034575654396,0.04161551829978647,0.00873557447405814,0.01279323883115966,0.021443597309895663,0.014601871949261755,-0.008468755612834828,-0.03721915602377334,0.006275925226969953,-0.020643172059025203,0.03315556706715338,0.008045718919074959,-0.05309363616896647,0.031023076010151175,0.012616891262917358,0.0013858174894958656,-0.011183173968165592,-0.022922461542053855,0.022620903219874786,0.018471468734008543,-0.005600971438334654,-0.005138487136842407,0.004263300428744782,-0.024446082897187586,-0.0431219691916639
3.44930673273388,0.6078963450613895,0.8801191362620998,12.0,99.0,123.0,114.0,97.0,91.0,28.0,34.0,9.0,4.0,14.0,6.0,134.0,101.0,128.0,125.0,113.0,128.0,91.0,119.0,110.0,113.0,113.0,109.0,0.21711568938193343,0.3549920760697306,0.42789223454833597,0.27528901734104044,0.33309248554913296,0.3916184971098266,0.00967982129560685,0.0022338049143708115,0.011913626209977662,0.016381236038719285,0.014892032762472078,0.00967982129560685,0.0,0.008190618019359643,0.005956813104988831,0.0052122114668652275,0.045420699925539834,0.008190618019359643,0.03425167535368578,0.007446016381236039,0.01712583767684289,0.02680565897244974,0.018615040953090096,0.0029784065524944155,0.010424422933730455,0.007446016381236039,0.0022338049143708115,0.028294862248696945,0.0,0.02308265078183172,0.014147431124348473,0.011913626209977662,0.03052866716306776,0.044676098287416234,0.006701414743112435,0.035740878629932984,0.02084884586746091,0.014892032762472078,0.12211466865227104,0.0029784065524944155,0.06254653760238273,0.027550260610573342,0.02531645569620253,0.05212211466865227,0.058823529411764705,0.011913626209977662,0.044676098287416234,0.012658227848101266,0.005956813104988831,0.0387192851824274,0.0022338049143708115,0.023827252419955324,0.0014892032762472078,0.005956813104988831,0.004467609828741623,0.0007446016381236039,1.0,0.03894702604543974,0.023708253178253428,0.013397665212036641,0.014610760306080212,-0.01287856354001606,0.03831296448603019,0.03164648357136446,0.0597621784553202,0.03913236342848144,0.03695753841309202,0.026938423754163658,0.007478506451862716,0.036471033056040096,0.013662574265717268,-0.033789357344697686,-0.029900749020939033,-0.025580022491133444,-0.010891823182372815,-0.014625602801359374,0.030772275259630662,0.04112615113224199,-0.04663846018884193,-0.0003401037323710242,-0.014160293860942502,0.02953939537220221,0.05049737979727023,-0.002859970104725325,0.015163310776971469,-0.01703861505097817,0.00684979863870289,-0.0037103844541782355,0.030561506994385958,0.009157943499445443,0.008656389729421983,-0.013243633681085307,0.0009473776220387118,-0.02554975123259174,-0.013278375401813093,-0.016943353759602032,-0.005214457037286448,1.0,0.038976047674385686,0.022258293243117705,0.011678804973241395,0.013201453179126289,-0.014581972382766506,0.03884284968643065,0.02925611463851933,0.0565190543869277,0.03352510407146886,0.030524404149407013,0.022608796216324667,0.0018145963755876685,0.033945267125414624,0.006133731333811743,-0.04204614368612601,-0.03637713662565813,-0.03163428313392132,-0.013577886109151347,-0.019727606777781032,0.026884859920250432,0.03716012959233757,-0.051927532573157936,0.006102132230160355,-0.008162650703380734,0.042061331262858506,0.05871578669935655,-0.00746569886037527,0.018600134589574335,-0.020277571195194008,0.011742394712822866,-0.005447882507674486,0.026254294677574768,0.0003815110806601662,-0.009618205082463976,-0.016875609016517433,-0.0018055652125184736,-0.02663603634766034,-0.017126415401586895,-0.02399032105483523,-0.006615184472462461
3.516252717932834,0.632488440321801,0.8942665673864483,6.0,113.0,124.0,116.0,98.0,79.0,42.0,70.0,18.0,23.0,8.0,0.0,134.0,118.0,129.0,126.0,125.0,129.0,97.0,129.0,124.0,125.0,127.0,111.0,0.2223816355810617,0.36585365853658536,0.4117647058823529,0.26594301221166894,0.33921302578018997,0.3948439620081411,0.011913626209977662,0.004467609828741623,0.011913626209977662,0.0193596425912137,0.018615040953090096,0.008190618019359643,0.0014892032762472078,0.0029784065524944155,0.008935219657483246,0.0029784065524944155,0.04765450483991065,0.014892032762472078,0.03276247207743857,0.004467609828741623,0.01712583767684289,0.022338049143708117,0.017870439314966492,0.004467609828741623,0.01340282948622487,0.005956813104988831,0.0037230081906180195,0.027550260610573342,0.0007446016381236039,0.03425167535368578,0.008935219657483246,0.01340282948622487,0.0387192851824274,0.04318689501116903,0.006701414743112435,0.04393149664929263,0.027550260610573342,0.011913626209977662,0.08190618019359643,0.0022338049143708115,0.05658972449739389,0.0193596425912137,0.04318689501116903,0.04616530156366344,0.07222635889798958,0.01340282948622487,0.03648548026805659,0.014147431124348473,0.005956813104988831,0.03648548026805659,0.0029784065524944155,0.01712583767684289,0.0037230081906180195,0.008190618019359643,0.005956813104988831,0.0014892032762472078,1.0,-0.033243882539432515,0.012692924723970394,0.03267140879833074,-0.005901858101703819,0.002732041762979949,-0.007368498544440037,-0.0013615681847306427,-0.02228622030992947,0.005073308047475955,-0.008960613903619841,0.0037033881967743756,0.002232479216507847,0.0033498552276466534,0.0047188233013686215,-0.008785563259422724,8.875272800818361e-05,-0.02674367742810772,-0.021982374132883262,-0.014710440322160298,-0.009581491423645535,0.05057516654533526,-0.0597658655908097,0.009769624333972101,0.015049144355280616,0.01172558599033427,0.0014872018519604697,-0.021712141867872962,0.06296141608925424,0.0053353622778052785,-0.020230261756268537,-0.02183333041374662,0.012165553244459216,-0.008094778925633017,-0.016260060354165964,-0.006438585016982892,-0.03364769895316378,0.013861391155367591,0.004020298957078483,0.023839819094304018,-0.013042151440271503,1.0,-0.03326865443402227,0.011617910635239561,0.033590766326886234,-0.0038834033780305575,0.0015770641933124257,-0.008248947929487773,-0.0016220374357401293,-0.022532517535635684,0.004208749488247636,-0.00813432701152792,0.004572786012169639,0.002176813531792038,0.004129610753552726,0.004240012892691459,-0.008784887015554391,-0.0014828262573582786,-0.027032058091186598,-0.023882344597280378,-0.015573843554062583,-0.008288077366750662,0.05279416923392545,-0.05634054412230975,0.0047180707267809666,0.013509811250947955,0.0155117096433971,-0.00026231764679099726,-0.0236321196118111,0.06179140613403082,0.012367492446937052,-0.023248243748085286,-0.02624313392535673,0.011107799825664762,-0.005045901055788068,-0.017144094702844444,-0.01045736830001647,-0.031797165447627646,0.010716659339196325,0.008296926122960983,0.025104230355975064,-0.014174392839134279
3.515239326952847,0.6292517524494111,0.8838421444527178,5.0,106.0,123.0,113.0,95.0,99.0,32.0,34.0,11.0,3.0,6.0,0.0,134.0,113.0,129.0,123.0,118.0,124.0,101.0,121.0,113.0,116.0,117.0,107.0,0.22009569377990432,0.35406698564593303,0.4258373205741627,0.2676553672316384,0.3319209039548023,0.4004237288135593,0.01563663440059568,0.0052122114668652275,0.021593447505584513,0.01340282948622487,0.01340282948622487,0.01712583767684289,0.004467609828741623,0.010424422933730455,0.007446016381236039,0.004467609828741623,0.04616530156366344,0.00967982129560685,0.035740878629932984,0.00967982129560685,0.01712583767684289,0.018615040953090096,0.011913626209977662,0.0007446016381236039,0.008190618019359643,0.0029784065524944155,0.0014892032762472078,0.02308265078183172,0.0014892032762472078,0.02531645569620253,0.0193596425912137,0.01563663440059568,0.026061057334326135,0.035740878629932984,0.007446016381236039,0.040208488458674606,0.028294862248696945,0.00967982129560685,0.09828741623231571,0.0029784065524944155,0.05658972449739389,0.0193596425912137,0.0387192851824274,0.05658972449739389,0.06329113924050633,0.011913626209977662,0.03276247207743857,0.01563663440059568,0.006701414743112435,0.04690990320178704,0.0037230081906180195,0.02084884586746091,0.0007446016381236039,0.008935219657483246,0.006701414743112435,0.0014892032762472078,1.0,0.034375713512101266,-0.04152442253966059,-0.004789724650344524,0.044483947729848365,0.001248184934253469,0.015290627138882225,0.030044075852560935,0.01235655608998139,-0.0118484040216749,0.03655852138468412,-0.010334596581241626,-0.028287352784627226,0.028918774292203336,-0.03413090633911396,-0.056581977850247205,0.0035968517196850536,0.01809125798780151,0.02034825686588311,-0.00547341904917789,-0.022022761401873762,-0.007401820659491794,0.0016810898398135399,0.023518845443706297,-0.0022856344743880687,-0.018295094112660462,0.028777201430875362,-0.015796596063578236,-0.02004521653948956,-0.0040326829415016615,0.026460165864694674,0.014999080355647622,-0.00037988325729119743,-0.02111446781925544,-0.03771621715621218,0.02819893927660498,-0.012995001479832752,-0.014447796256087482,-0.034239427371066194,-0.0570479723025717,-0.010987382694143314,1.0,0.03440132879787781,-0.04282048045449363,-0.0018410310757438666,0.043204404381727984,-0.0021819694563035112,0.019091246589499254,0.029442788966456197,0.009824352771952113,-0.010115872853153617,0.037561048479597264,-0.016592865701557668,-0.02611638469025955,0.03078076977372064,-0.044024908393209,-0.05203137284834619,0.006840974308372369,0.008877406730143223,0.02340501466133155,0.001147523284819392,-0.02246407267577049,-0.0036201660023275238,0.005402896411174278,0.020149539758589356,-0.0019519594506559618,-0.012904397677846177,0.026465831678420454,-0.021372521318062474,-0.015761718563125336,-0.006783637032623515,0.021584522883305007,0.015054076577142842,0.004365632909937793,-0.01949338730241094,-0.04057350570130425,0.03093180361753083,-0.024049787193583673,-0.008567444892866411,-0.027196940628829387,-0.06542029712842229,-0.008020737320456777
3.493163758799968,0.609681737039448,0.8868205510052122,5.0,111.0,123.0,114.0,81.0,78.0,56.0,32.0,2.0,11.0,7.0,5.0,134.0,111.0,129.0,121.0,113.0,126.0,111.0,119.0,111.0,115.0,118.0,111.0,0.184,0.3328,0.4832,0.2670894996476392,0.32417195207892885,0.408738548273432,0.017870439314966492,0.0037230081906180195,0.012658227848101266,0.01340282948622487,0.014892032762472078,0.012658227848101266,0.0014892032762472078,0.0029784065524944155,0.007446016381236039,0.0052122114668652275,0.03127326880119136,0.008935219657483246,0.039463886820551006,0.006701414743112435,0.017870439314966492,0.026061057334326135,0.020104244229337303,0.0037230081906180195,0.010424422933730455,0.005956813104988831,0.0037230081906180195,0.02531645569620253,0.005956813104988831,0.029784065524944156,0.014147431124348473,0.011169024571854059,0.026061057334326135,0.04690990320178704,0.0029784065524944155,0.023827252419955324,0.02531645569620253,0.010424422933730455,0.11615785554728221,0.0014892032762472078,0.05956813104988831,0.027550260610573342,0.029039463886820552,0.055100521221146684,0.06924795234549516,0.007446016381236039,0.02680565897244974,0.021593447505584513,0.010424422933730455,0.040208488458674606,0.0007446016381236039,0.02084884586746091,0.0052122114668652275,0.010424422933730455,0.008190618019359643,0.0014892032762472078,1.0,-0.04115543100417086,0.008440586747765764,0.03706722688369873,0.012082577898510886,-0.025085008475530666,-0.008624654310215037,0.037586612653066315,-0.011012507819599374,0.05351049687943908,-0.008452454440748805,0.006676141659312251,-0.05326615163261141,0.012972837628911,0.009699177842010945,-0.023054817621794406,-0.05208451123315078,0.020949056304534953,-0.010145774689263327,0.009230850961314454,-0.04733982578850023,-0.0141167875991245,-0.04164288418551303,-0.0005352876347638141,-0.05776528088954027,0.025107663299439205,-0.04354680826441245,-0.004621322628444558,0.009650848292569176,-0.01983007577495481,-0.011911044381882237,0.0026279842817670666,0.020246296760044212,-0.001977651248659128,-0.04183187885069801,0.023193297082983906,0.05225725523898302,-0.009870874473623581,0.04867498492960629,-0.024021011024985453,0.016229964267458468,1.0,-0.04118609824038857,0.006768361691752919,0.037840692034352905,0.015184270665887309,-0.024761198025575918,-0.012441498040183666,0.036506149420431115,-0.006101435329259289,0.05414402109963855,-0.007210716861947194,0.004286058648144513,-0.055776400317342066,0.008320395991835742,0.012749561033228664,-0.01723772451411745,-0.05866371688548874,0.014921858960619315,-0.010640321795105797,0.019199266594206295,-0.05076809690459198,-0.01602899636849162,-0.045310009746658664,0.003497305319764176,-0.05934356999347692,0.031649114568631544,-0.047407187342375506,-0.002360011856306187,-0.00030427401807537604,-0.005924834240966406,-0.014584056430697143,0.009285043344850901,0.008541677122197259,0.013607448977556339,-0.05476767559539909,0.026774676820383023,0.043731383467342504,0.002854227644462793,0.039936707531264444,-0.027261641364677555,0.006431948867146166
3.463101870547466,0.629060587565547,0.8845867460908414,10.0,105.0,121.0,100.0,89.0,92.0,15.0,48.0,16.0,12.0,7.0,7.0,133.0,111.0,125.0,118.0,116.0,128.0,75.0,125.0,111.0,107.0,111.0,91.0,0.24115755627009647,0.34887459807073956,0.409967845659164,0.2857142857142857,0.33456698741672836,0.37971872686898595,0.018615040953090096,0.007446016381236039,0.014147431124348473,0.014147431124348473,0.01712583767684289,0.008935219657483246,0.0022338049143708115,0.0022338049143708115,0.005956813104988831,0.0022338049143708115,0.04244229337304542,0.00967982129560685,0.035740878629932984,0.008190618019359643,0.016381236038719285,0.020104244229337303,0.011913626209977662,0.0014892032762472078,0.00967982129560685,0.008190618019359643,0.0022338049143708115,0.03201787043931496,0.0022338049143708115,0.029784065524944156,0.01712583767684289,0.010424422933730455,0.02308265078183172,0.04839910647803425,0.0029784065524944155,0.0379746835443038,0.02084884586746091,0.01712583767684289,0.10201042442293373,0.004467609828741623,0.058078927773641105,0.018615040953090096,0.04393149664929263,0.06850335070737155,0.06403574087862993,0.008190618019359643,0.0379746835443038,0.0193596425912137,0.004467609828741623,0.034996276991809384,0.0014892032762472078,0.018615040953090096,0.0029784065524944155,0.0052122114668652275,0.005956813104988831,0.0,1.0,0.02232147996046021,0.027402361210156292,-0.021043879941514784,0.0026332737402293745,0.03946443496101218,-0.0018857596779480244,0.019988708402555733,0.025559077942092816,0.01948249752316968,-0.04176563326319308,-0.010520418331510985,-0.004561011011815524,0.01674079083417994,-0.019631649081276393,0.07427391414311407,0.04571177191570849,0.026915477960884684,0.008724948259889589,0.021335090876635657,0.012999450046536059,0.05556543061678954,0.03060184147409556,-0.01668026095356019,0.008132948846494154,0.011669444480369284,0.031858773783667124,-0.023363346820317567,-0.03262366356518083,-0.044408845274361466,-0.02461584187076032,-0.020367352306883853,-0.005622684287194584,-0.02300845036689063,0.00043939501750847994,-0.019914166312150542,0.0024248892407813635,0.04106337423815776,-0.004265997615581755,-0.044493580660522246,-0.007898230458929675,1.0,0.022338112955959808,0.026957690119969298,-0.022317027200636077,0.00286259475538962,0.04075068273787575,-0.004325660529187602,0.018159127465951566,0.026916647778253953,0.01711742334919404,-0.04528147507132957,-0.008363584041058268,-0.0025185017145069113,0.013594110633070904,-0.022413526209847743,0.07837901198779648,0.044356150554154164,0.02105287298139594,0.009920845312526773,0.026457141288331817,0.00412915110292752,0.0517471346833813,0.02589311168758741,-0.024754162995408776,0.00046159576571855353,0.017240161220830323,0.029867425893657238,-0.02561978892402622,-0.03617591883317143,-0.04203868183572439,-0.03071181894800872,-0.023514482307230453,-0.005521302543517956,-0.02758843961839333,-0.003977255436029504,-0.017760631889079524,0.0026540411189083842,0.03606501101049766,-0.007102176840565929,-0.05323555509072427,-0.007130134075806781
3.4754087178450055,0.6201805756637928,0.8935219657483247,18.0,97.0,119.0,113.0,66.0,88.0,29.0,56.0,32.0,14.0,27.0,8.0,134.0,101.0,131.0,127.0,117.0,128.0,73.0,126.0,122.0,104.0,120.0,97.0,0.24287856071964017,0.3373313343328336,0.4197901049475262,0.2811594202898551,0.34057971014492755,0.3782608695652174,0.01340282948622487,0.0052122114668652275,0.011169024571854059,0.01340282948622487,0.014147431124348473,0.014147431124348473,0.0029784065524944155,0.008190618019359643,0.0014892032762472078,0.0,0.04169769173492182,0.011169024571854059,0.039463886820551006,0.005956813104988831,0.026061057334326135,0.03127326880119136,0.01340282948622487,0.0014892032762472078,0.008190618019359643,0.0029784065524944155,0.0029784065524944155,0.035740878629932984,0.0029784065524944155,0.028294862248696945,0.01340282948622487,0.00967982129560685,0.03052866716306776,0.04318689501116903,0.0029784065524944155,0.039463886820551006,0.02531645569620253,0.011169024571854059,0.10349962769918093,0.0022338049143708115,0.04765450483991065,0.024571854058078928,0.039463886820551006,0.058078927773641105,0.05212211466865227,0.01340282948622487,0.04765450483991065,0.016381236038719285,0.0052122114668652275,0.04169769173492182,0.0037230081906180195,0.01340282948622487,0.0029784065524944155,0.00967982129560685,0.0052122114668652275,0.0014892032762472078,1.0,0.002962637745534919,0.016637753038761884,-0.026429320465865123,-0.024228745440132097,0.010970929634135863,-0.007479562174285632,-0.025974214940235715,-0.04441371407970681,-0.01953651699707997,0.035070958420174214,0.015762732735109548,0.02392144039062513,-0.05269633805352335,0.01658262588165731,0.0457569863990188,-0.049658720736821656,0.06273116376987498,-0.05409745144446915,-0.06690266497603405,-0.03708422576773299,0.01077883237190049,0.009318290269460659,-0.011537406239550838,-0.012656230434638488,0.01681687863286983,0.024719691678658708,0.03314244174506398,0.027245375118778285,-0.059502943203167145,-0.014711999142931576,-0.034589741156302097,0.044176682164959576,0.013793439212919957,-0.029991776245668546,-0.01627538229517127,-0.057957560435657564,0.017278959045379478,-0.04864526084573762,0.028671774083418124,-0.01586455821661051,1.0,0.002964845374257378,0.016653923073132786,-0.02659405574207322,-0.024436377607849915,0.012065155977166182,-0.0074706547493559325,-0.02780521753340536,-0.044353216190269315,-0.018447813573572388,0.035142843790341695,0.012956670564464985,0.02026546773357054,-0.052630817139864526,0.017871231563675056,0.047063011508375885,-0.05605707109896313,0.061052207076839865,-0.04627723756937472,-0.06849691038377256,-0.03677115523205714,0.011890328840200798,0.003384627587208282,-0.01110109659827271,-0.013672867830955355,0.018011132105963813,0.018238539591489984,0.020273398254595974,0.031562550484150284,-0.0661476635697096,-0.0002631356816097978,-0.03236994469500259,0.03111698005858165,0.024623860530919927,-0.03063693779752283,-0.011289228989855495,-0.05934078968567568,0.008390654469956271,-0.06503115395865579,0.02636889543729445,-0.01287979583929605
3.5272300918470223,0.6341230396004363,0.8868205510052122,1.0,107.0,119.0,115.0,89.0,82.0,49.0,21.0,10.0,6.0,15.0,1.0,134.0,109.0,124.0,123.0,115.0,125.0,109.0,120.0,109.0,108.0,113.0,107.0,0.16910569105691056,0.35772357723577236,0.47317073170731705,0.2714899713467049,0.32593123209169056,0.40257879656160456,0.014892032762472078,0.008935219657483246,0.008935219657483246,0.014892032762472078,0.024571854058078928,0.014892032762472078,0.0029784065524944155,0.008190618019359643,0.004467609828741623,0.0029784065524944155,0.04765450483991065,0.01340282948622487,0.03201787043931496,0.008190618019359643,0.014147431124348473,0.02531645569620253,0.017870439314966492,0.0029784065524944155,0.008190618019359643,0.0029784065524944155,0.0029784065524944155,0.018615040953090096,0.0052122114668652275,0.024571854058078928,0.012658227848101266,0.008935219657483246,0.03201787043931496,0.04616530156366344,0.006701414743112435,0.03648548026805659,0.029784065524944156,0.00967982129560685,0.0953090096798213,0.0022338049143708115,0.04690990320178704,0.03052866716306776,0.026061057334326135,0.058078927773641105,0.06552494415487714,0.008190618019359643,0.029039463886820552,0.017870439314966492,0.011913626209977662,0.05063291139240506,0.0037230081906180195,0.0193596425912137,0.0014892032762472078,0.011169024571854059,0.008190618019359643,0.0014892032762472078,1.0,0.0017953442180957664,-0.03866291569740044,0.03535810892168258,0.02116619343540139,-0.008083338849010356,0.016905878648526104,0.03160315732984387,0.02700943450510154,0.01176684223989465,0.0033347927465209254,0.02107413677231741,0.002831823566487654,0.02455896562932682,0.04387388996442223,0.0030152907604206114,0.0059981092721217,-0.023307322431717112,-0.027929694459906014,0.026825115621227684,-0.012319858399827723,-0.003781975360959816,0.01897696716321562,-0.0015102002391391024,0.043100073952596143,-0.0139268751574762,0.028332696702212175,0.044509955355064634,-0.005730963303439225,-0.010803228529949594,-0.018469259432307643,0.010541291748646606,-0.006796998045331038,0.021474844839804337,-0.019610109964026845,0.027955572454911676,0.0037351769597007644,0.006361004767939631,0.02529214306908745,0.020641831344387754,-0.042278042057283555,1.0,0.0017966820304788536,-0.03872393157951329,0.03563265353900541,0.0196026922517103,-0.005495246436631692,0.017378205989129588,0.029814311429755977,0.028511230468594814,0.013233694425221394,0.0026001827894071594,0.01938778438249464,0.001190305061362683,0.02511915982175279,0.041476287639185844,0.0019598476895111225,0.006410426272351065,-0.028965331912095202,-0.031121718473487117,0.023325561187355237,-0.01706703130786402,-0.002967320551788225,0.013579432251217953,-0.003352596672857848,0.04785465374720476,-0.015522539958690025,0.03269564925058403,0.04030705516762498,-0.005611620633364907,-0.007733685387629429,-0.02626596379418301,0.010973674215443758,-0.008145542049799628,0.01922076172899114,-0.023719265880051438,0.023985091120209724,0.0010824097390550052,0.008363547476349372,0.02022893973168317,0.021497449562480276,-0.04672048132423891
3.449261850726596,0.5965387046155084,0.8771407297096053,11.0,109.0,129.0,118.0,104.0,57.0,30.0,42.0,31.0,8.0,13.0,1.0,134.0,119.0,131.0,121.0,126.0,124.0,75.0,123.0,123.0,117.0,123.0,100.0,0.16845329249617153,0.3996937212863706,0.4318529862174579,0.2690677966101695,0.3439265536723164,0.3870056497175141,0.011169024571854059,0.006701414743112435,0.008190618019359643,0.017870439314966492,0.011169024571854059,0.00967982129560685,0.0014892032762472078,0.006701414743112435,0.0029784065524944155,0.0029784065524944155,0.039463886820551006,0.008935219657483246,0.04169769173492182,0.007446016381236039,0.02084884586746091,0.02531645569620253,0.022338049143708117,0.0022338049143708115,0.006701414743112435,0.007446016381236039,0.0022338049143708115,0.01712583767684289,0.0037230081906180195,0.03052866716306776,0.01340282948622487,0.00967982129560685,0.029784065524944156,0.04244229337304542,0.0037230081906180195,0.034996276991809384,0.029784065524944156,0.008935219657483246,0.10722263588979895,0.0,0.04839910647803425,0.01563663440059568,0.05063291139240506,0.06403574087862993,0.06031273268801191,0.011169024571854059,0.0379746835443038,0.01340282948622487,0.007446016381236039,0.055100521221146684,0.0029784065524944155,0.0193596425912137,0.0007446016381236039,0.007446016381236039,0.008935219657483246,0.0014892032762472078,1.0,-0.012984457108968128,0.034775144125245475,-0.007337883288389298,0.003498450103482442,-0.004083710627717499,0.05542101442863649,0.06186599376403928,0.03415905759952469,0.04243704846235346,0.028480888425105547,-0.02625151523198338,0.02123208605886296,0.016652813623124107,0.025381174187872297,-0.030734442391846698,0.017629844007693612,0.01566035991055816,0.00829232922171278,0.0046228552963819,0.05039288908181615,0.01980790268756489,-0.013151893820030697,-0.005404706354544506,-0.015838919844776166,0.009799965439992595,-0.010642715726116778,0.0021912275427077694,0.012525359461856836,-0.001437967530501548,0.018698626035647467,0.051238856062102836,0.000923803932187877,-0.018488395232467827,0.024389113207676068,-0.024729738342285392,-0.011561835047849588,0.03364308872017962,0.01660777695620762,0.052776613762236024,0.015304757741851813,1.0,-0.012994132561359312,0.034664014071020974,-0.006475896434513474,0.002132749813215704,-0.0035547040490068126,0.055412032932641984,0.06413536764434881,0.03250557349657375,0.040608445701148535,0.028881807765315314,-0.027625416109827158,0.016852314441431128,0.013039625334074616,0.017409388180544834,-0.03985920714742524,0.00576990126373138,0.01584636715070938,0.005405096954911583,-0.00024913790205353134,0.04757750550596991,0.022572670033315756,-0.017129705708399584,-0.008999136259917233,-0.016224418211369166,0.009505386991357319,-0.020987070907760173,-0.008107948499726108,0.010463816092819366,-0.0035530591921980118,0.015449403235489746,0.05903642983936722,0.0055054670927498104,-0.022066792300323136,0.02308771867396723,-0.021187376294013783,-0.01404233057929666,0.02378911811401201,0.009521183391336199,0.05096506710757151,0.01074635256502727
3.3885302851721457,0.5740477504603434,0.8756515264333582,5.0,92.0,123.0,102.0,83.0,100.0,0.0,55.0,15.0,19.0,7.0,2.0,134.0,103.0,131.0,118.0,110.0,128.0,0.0,124.0,109.0,109.0,110.0,82.0,0.26533996683250416,0.36318407960199006,0.3714759535655058,0.3068362480127186,0.35453100158982515,0.3386327503974563,0.010424422933730455,0.0022338049143708115,0.004467609828741623,0.00967982129560685,0.007446016381236039,0.008935219657483246,0.0,0.010424422933730455,0.0007446016381236039,0.0022338049143708115,0.03276247207743857,0.00967982129560685,0.05063291139240506,0.004467609828741623,0.02308265078183172,0.026061057334326135,0.011913626209977662,0.0007446016381236039,0.017870439314966492,0.0037230081906180195,0.0022338049143708115,0.04318689501116903,0.0037230081906180195,0.04839910647803425,0.011913626209977662,0.023827252419955324,0.039463886820551006,0.05956813104988831,0.0029784065524944155,0.034996276991809384,0.01340282948622487,0.006701414743112435,0.08786299329858525,0.0014892032762472078,0.06850335070737155,0.00967982129560685,0.04095309009679821,0.06478034251675353,0.05286671630677588,0.005956813104988831,0.039463886820551006,0.012658227848101266,0.008190618019359643,0.05212211466865227,0.0029784065524944155,0.006701414743112435,0.004467609828741623,0.006701414743112435,0.0052122114668652275,0.0014892032762472078,1.0,0.025283953160995125,0.0376436439571123,-0.015126662891624518,0.043656646903110205,0.016825092469771066,0.014207187228850905,-0.017820969735470697,0.02762166457514401,0.029775874021923124,0.032214998090536774,-0.012873779826383883,0.0038181547928654207,0.03851806799499712,0.030437784477091143,-0.0012674997609290943,-0.04324891101084964,0.0038413084454779964,0.003883866768689614,0.039555006180252414,-0.010727846148922592,0.03467540617426343,0.024234876823545266,0.019894592625517255,0.022034167316038317,-0.024311481535401372,-0.01113459452218962,-0.02810421932662891,0.005958360955909149,-0.020906531226979923,-0.024677047931365298,0.043868908346872855,0.013675508123007976,0.012587576021625448,-0.026894016174034235,0.038929065425148776,0.010146762275282132,-0.018852810158669173,-0.025239432114100263,0.016047207478161272,0.04334311816126963,1.0,0.025302793662605398,0.03708329712571925,-0.017051726442559596,0.043283544315993745,0.015960062066664053,0.010005008241651469,-0.01834604655869696,0.02662254315288854,0.029085043483857494,0.02725142748930399,-0.01460594963568054,0.001580167043544211,0.038175433416282795,0.024052059899393147,-0.0048729453924819,-0.04479241659033643,0.003953870129320819,0.0006700228962476835,0.03629815159809056,-0.008730516706679856,0.034123712618804806,0.0219605601844177,0.008111105972036714,0.02304580667896603,-0.02672548681240314,-0.011985973642423054,-0.03463188629526066,0.004374456107264464,-0.01808334841537737,-0.023512128587801336,0.04763776219215493,0.006075869294774155,0.009298514923684014,-0.0275151336271989,0.043464521912962725,0.006582363791066081,-0.024407093226262083,-0.01953607848565249,0.0219400806211977,0.04528956235644431
3.4671932590280443,0.623772794196406,0.8816083395383469,4.0,110.0,122.0,107.0,98.0,70.0,38.0,37.0,21.0,11.0,6.0,0.0,134.0,111.0,128.0,127.0,120.0,126.0,108.0,125.0,111.0,111.0,119.0,108.0,0.1778846153846154,0.3798076923076923,0.4423076923076923,0.2696078431372549,0.3284313725490196,0.4019607843137255,0.014147431124348473,0.010424422933730455,0.01340282948622487,0.010424422933730455,0.014892032762472078,0.008935219657483246,0.0029784065524944155,0.0022338049143708115,0.004467609828741623,0.0029784065524944155,0.0379746835443038,0.010424422933730455,0.040208488458674606,0.0052122114668652275,0.02084884586746091,0.0193596425912137,0.01563663440059568,0.0029784065524944155,0.007446016381236039,0.0029784065524944155,0.0029784065524944155,0.03425167535368578,0.0007446016381236039,0.026061057334326135,0.014892032762472078,0.01340282948622487,0.018615040953090096,0.04244229337304542,0.006701414743112435,0.03052866716306776,0.03648548026805659,0.012658227848101266,0.11169024571854058,0.0029784065524944155,0.05063291139240506,0.027550260610573342,0.029784065524944156,0.054355919583023084,0.08265078183172003,0.01340282948622487,0.03648548026805659,0.012658227848101266,0.008935219657483246,0.04318689501116903,0.0029784065524944155,0.01563663440059568,0.004467609828741623,0.007446016381236039,0.0052122114668652275,0.0022338049143708115,1.0,-0.005942952730302794,-0.020689332899662558,0.030503501978107736,0.010626117385482059,-0.014448291129254356,-0.002836443236418823,0.019069677172534546,0.010828951188684837,-0.03122839632124967,0.013341075090429698,0.024502437174392173,0.015422992848166282,-0.0027768179928476795,0.012279383007369266,-0.03731556080503972,0.04564383331158485,-0.053279373548276075,0.04961257918774777,0.0029186087251115976,-0.018217984182667613,0.030726455777619066,-0.03216300768868537,-0.008987897375073772,0.045637730266558194,-0.04354082660720349,-0.015063390756822968,0.03583176605410392,-0.007773318624969203,-0.025161780883284714,-0.03332124491050411,0.035674740163678935,0.030821001691437158,0.00357620176278315,0.01818510375860578,-0.01091468428009008,-0.02250240540419066,-0.015748770848208502,0.013499448024829091,-0.005990557587008186,0.04535090137842718,1.0,-0.005947381160057131,-0.02075629499439694,0.030336701481990247,0.01059305477000066,-0.013145518907184826,-0.0035051947441727092,0.017959571903016815,0.011726751908683074,-0.03015533189434275,0.012329394073039504,0.022571484808849216,0.018506743581595483,-0.0014848608349756077,0.010288745530668903,-0.039533157395190185,0.047972887814257584,-0.05531958015001371,0.05253012613763334,-0.0016064673279651439,-0.013753001781298048,0.03047785468505237,-0.03619136555201732,-0.006516200164959747,0.042448125991258315,-0.042091197125988244,-0.015355612702818855,0.036427925356430454,-0.009740682835474537,-0.020686118539736793,-0.03956299331567615,0.03729167479358948,0.025724756631576595,0.021423778131518773,0.007499835514191317,-0.013425883418246848,-0.017166412123341853,-0.021375267552595938,0.017530248075871,-0.010883245732831181,0.04889225129419479
3.4939823302976065,0.6369682482009849,0.8920327624720774,26.0,116.0,120.0,123.0,92.0,64.0,47.0,30.0,19.0,16.0,3.0,14.0,134.0,117.0,128.0,126.0,119.0,128.0,111.0,127.0,127.0,115.0,119.0,121.0,0.1791044776119403,0.373134328358209,0.44776119402985076,0.2642663043478261,0.33084239130434784,0.4048913043478261,0.014147431124348473,0.008190618019359643,0.014892032762472078,0.014892032762472078,0.01712583767684289,0.011913626209977662,0.0,0.011169024571854059,0.0037230081906180195,0.0022338049143708115,0.040208488458674606,0.014892032762472078,0.029039463886820552,0.006701414743112435,0.016381236038719285,0.024571854058078928,0.018615040953090096,0.0022338049143708115,0.008190618019359643,0.007446016381236039,0.018615040953090096,0.0,0.0007446016381236039,0.03276247207743857,0.01712583767684289,0.01340282948622487,0.021593447505584513,0.04765450483991065,0.006701414743112435,0.03350707371556218,0.02084884586746091,0.014892032762472078,0.10573343261355175,0.0029784065524944155,0.04690990320178704,0.024571854058078928,0.03648548026805659,0.06031273268801191,0.06924795234549516,0.006701414743112435,0.029039463886820552,0.017870439314966492,0.011169024571854059,0.05286671630677588,0.0029784065524944155,0.014892032762472078,0.004467609828741623,0.011913626209977662,0.006701414743112435,0.0007446016381236039,1.0,-0.018566065009686796,0.00505869186873037,0.014527995037110268,-0.021501893225683622,0.017573978765103058,0.005060813256013301,0.019038334121297146,-0.025794490244126927,0.055836207032038086,-0.03245301222360554,0.002251101571240237,-0.003564005730345843,0.0017546271744106332,0.0019190437789871515,-0.006835612093797102,0.018967977920971095,-0.03298930288585099,-0.0028540271955798534,-0.01010063435032898,0.016257050677668677,0.02085643950950431,-0.012668774271600125,0.001548915551969199,0.05024608436203227,-0.018370990452397748,0.009362432999031736,0.02108168545866832,-0.007847576943516439,0.008260051239171116,-0.022107433144512877,0.021014710582666143,-0.033057234094937694,0.04116787804663122,0.03165858711553272,-0.06373991129922937,0.018366844562357203,-0.01028730150338594,-0.005535921002517881,0.0329612269012233,0.01970461115096291,1.0,-0.018579899633389994,0.004722654174433308,0.014747372245295442,-0.021059477426033268,0.016724955782015077,0.005719655113821411,0.019797895821322273,-0.026289978494135183,0.05579698701801093,-0.03135343134937195,0.0022218110000958953,-0.006840493064569971,0.005802948024839995,-0.0015744393989333332,-0.005079952509332562,0.016189289907180326,-0.028631721960894828,-0.00866023713199587,-0.0072799468189270605,0.016755508121219672,0.020896014411771958,-0.011962153402759305,-2.590740162804416e-06,0.054833370481298244,-0.020269854487642076,0.011855208528450904,0.01831875774783223,-0.0035082864126345504,0.003629538519659572,-0.024371078296998118,0.02298010560289204,-0.03305705714197059,0.036756420563448015,0.036334211039225364,-0.06433286146289802,0.011991228765851401,-0.005708993802151054,-0.004793210506230516,0.03562340314099416,0.01460104550192994
3.4706578000685813,0.6180225480711732,0.8734177215189873,13.0,108.0,114.0,120.0,95.0,75.0,47.0,33.0,39.0,17.0,16.0,6.0,134.0,110.0,128.0,121.0,121.0,126.0,103.0,121.0,111.0,119.0,117.0,115.0,0.17715959004392387,0.3967789165446559,0.4260614934114202,0.26718092566619916,0.33099579242636745,0.4018232819074334,0.01563663440059568,0.005956813104988831,0.011169024571854059,0.014147431124348473,0.014892032762472078,0.018615040953090096,0.0007446016381236039,0.0022338049143708115,0.0052122114668652275,0.0052122114668652275,0.04244229337304542,0.011913626209977662,0.03350707371556218,0.005956813104988831,0.01712583767684289,0.022338049143708117,0.01563663440059568,0.0022338049143708115,0.011169024571854059,0.0052122114668652275,0.0037230081906180195,0.027550260610573342,0.0029784065524944155,0.03425167535368578,0.01340282948622487,0.011169024571854059,0.02680565897244974,0.03350707371556218,0.0037230081906180195,0.03648548026805659,0.0193596425912137,0.014892032762472078,0.11615785554728221,0.0014892032762472078,0.05956813104988831,0.02680565897244974,0.034996276991809384,0.0573343261355175,0.07073715562174236,0.010424422933730455,0.034996276991809384,0.014147431124348473,0.007446016381236039,0.04095309009679821,0.004467609828741623,0.014147431124348473,0.0014892032762472078,0.008935219657483246,0.004467609828741623,0.0022338049143708115,1.0,0.01152439646580548,0.004183442616545537,0.06712517986624902,-0.011526224498816288,0.006725845193468315,-0.05507735389233294,0.02776611058009512,0.02653260243762939,0.046166144308292335,0.020408311304350123,0.0015583244670695174,0.040049208073634504,0.00028739921659393455,0.03410928117090649,-0.016681049015273848,-0.012265618835390119,0.037281805309159116,0.04471752692899683,-0.016467157007963387,-0.00038683718404414707,0.0002191458706212383,-0.04247321877594051,-0.022785882497033817,-0.042735066142751924,-0.00630518775659984,-0.020637455032933565,-0.01213350146226501,-0.0027091454720844605,0.010986574314836444,-0.005028904046285761,-0.012711244059743835,0.02696753345586551,-0.019440518284906477,-0.031237920346307523,-0.017521466653933917,-0.02966381253087121,-0.04195087538057178,-0.008478873444390566,-0.011663995983196897,0.005809529159395649,1.0,0.011532983944543036,0.004057211834503824,0.06719058774534895,-0.013165122748571036,0.0065683732116371294,-0.06021619641141609,0.031226810930155616,0.025376327798533962,0.054349318972787275,0.013607912306016504,-0.0012578850846083885,0.030350834008405422,0.0014476456951313182,0.03690347706891154,-0.018875039053222895,-0.012852966029856569,0.02944871211472675,0.04988488552282123,-0.020849800490681056,-0.003187172558926703,-0.013346372684888898,-0.043616500826377025,-0.020870532547459863,-0.03899389186543091,-0.0044153378138948336,-0.026669460250159777,-0.010385697222478653,-0.007884681442438441,0.015128423955365188,-0.008645957829741995,-0.006971048521496832,0.027742837916134844,-0.010146900572092145,-0.025041631371957352,-0.018832043388892748,-0.021734806088121877,-0.03898449853909432,0.0003114065591568995,-0.00895157351228001,0.01516107616434816
3.457079905937309,0.6274124144113609,0.8801191362620998,0.0,111.0,129.0,120.0,110.0,85.0,42.0,35.0,18.0,12.0,41.0,3.0,134.0,122.0,131.0,127.0,125.0,130.0,105.0,129.0,125.0,126.0,127.0,120.0,0.16997167138810199,0.36827195467422097,0.46175637393767704,0.2618254497001999,0.335109926715523,0.40306462358427714,0.0193596425912137,0.004467609828741623,0.018615040953090096,0.01712583767684289,0.01340282948622487,0.00967982129560685,0.0,0.00967982129560685,0.0,0.0029784065524944155,0.040208488458674606,0.007446016381236039,0.0387192851824274,0.0052122114668652275,0.02308265078183172,0.035740878629932984,0.017870439314966492,0.0037230081906180195,0.005956813104988831,0.008190618019359643,0.0029784065524944155,0.024571854058078928,0.004467609828741623,0.022338049143708117,0.011169024571854059,0.017870439314966492,0.03276247207743857,0.04393149664929263,0.0037230081906180195,0.034996276991809384,0.023827252419955324,0.012658227848101266,0.10126582278481013,0.0007446016381236039,0.05956813104988831,0.027550260610573342,0.03425167535368578,0.05584512285927029,0.06403574087862993,0.005956813104988831,0.02531645569620253,0.0193596425912137,0.0022338049143708115,0.05361131794489948,0.0014892032762472078,0.014892032762472078,0.0037230081906180195,0.00967982129560685,0.0022338049143708115,0.0014892032762472078,1.0,-0.009233786229652083,-0.0002740914076081795,0.00841467134086638,0.02677277533401171,0.03252365611754912,-0.005155524503379811,0.0058295633133479755,-0.01382569767526337,0.011241722659206017,0.0012632649384301518,-0.007775500145181,-0.06633001174255654,-0.030338954907620664,0.005945176939294077,-0.0013106088474632372,-0.05983768865493438,-0.004573819844876498,0.006050749597648793,-0.03161746611152603,-0.01675131581219865,0.018495117557506692,0.0014110308226366354,-0.01431618035006036,0.024455314563626554,-0.02043567731976814,-0.029929421706380466,-0.01593021682240766,0.012947863036765784,-0.014994704069513495,-0.003971648782548219,-0.009788605821908694,0.0184239162004259,-0.028319143228890335,-0.023192250869960032,0.00761749044835244,0.02633142428787108,-0.023978794382484268,0.008466102533238835,0.013575912682261507,-0.01540308021505586,1.0,-0.009240666845322463,-0.00035992085155701876,0.008428367560221337,0.02701272266248681,0.03318316945273408,-0.004593443204541772,0.005334052733422003,-0.015126861494339445,0.009351903107115119,0.0005503672540236799,-0.007552305550425191,-0.06702586975315451,-0.03180559429428098,0.004484138932990142,0.0006344139887689312,-0.05662618838301838,8.174044460272458e-05,0.007249730958684753,-0.031184883645015142,-0.016115035021590465,0.023076313644670794,0.0026252018034357825,-0.013746787981464607,0.021049460821965217,-0.02359788332798336,-0.032528288649063354,-0.018141302134341182,0.005371806564092469,-0.018577651227503378,-0.0005645219080831208,-0.012381659285431381,0.013186697480521498,-0.028089095054393113,-0.02117479340864231,0.002600680007954854,0.028529232605911132,-0.023811199080231386,0.005217460656478796,0.007874550628763428,-0.0127917395887711
3.4716327361339308,0.6326455714120622,0.8816083395383469,1.0,109.0,127.0,116.0,106.0,102.0,31.0,46.0,33.0,5.0,9.0,6.0,134.0,113.0,128.0,125.0,123.0,130.0,99.0,128.0,119.0,119.0,125.0,108.0,0.21562952243125905,0.37626628075253254,0.4081041968162084,0.27015851137146796,0.3349414197105445,0.39490006891798757,0.008935219657483246,0.008190618019359643,0.014892032762472078,0.020104244229337303,0.014147431124348473,0.011913626209977662,0.0007446016381236039,0.0052122114668652275,0.0037230081906180195,0.0037230081906180195,0.0387192851824274,0.007446016381236039,0.03425167535368578,0.008935219657483246,0.018615040953090096,0.017870439314966492,0.017870439314966492,0.0052122114668652275,0.006701414743112435,0.0029784065524944155,0.0014892032762472078,0.02084884586746091,0.0037230081906180195,0.03052866716306776,0.008935219657483246,0.014147431124348473,0.040208488458674606,0.044676098287416234,0.008190618019359643,0.04169769173492182,0.022338049143708117,0.016381236038719285,0.11615785554728221,0.0037230081906180195,0.054355919583023084,0.02531645569620253,0.03127326880119136,0.055100521221146684,0.06403574087862993,0.007446016381236039,0.027550260610573342,0.011913626209977662,0.008190618019359643,0.05286671630677588,0.0022338049143708115,0.010424422933730455,0.0029784065524944155,0.014147431124348473,0.008190618019359643,0.0007446016381236039,1.0,-0.02106611235936463,0.02295625202094442,-0.010350003677115542,0.017216071027825044,0.0014227257391203388,-0.021230393513701616,0.039757085446555165,-0.01807527184978214,0.048280294320645116,0.022597528489834064,0.001201602046225965,-0.028821418348728707,-0.0030011400322255428,-0.03038242501872886,0.006840361810296435,0.02843642597083882,0.009164199976801252,0.04864693329889425,-0.0016182456887771858,-0.037404842753436085,0.04330523476863258,-0.03618885644409589,-0.027646925556032893,-0.006484678488155078,0.04793678173908347,0.03326563214339087,-0.02033942319683824,0.04110662232738677,-0.045716215048883346,0.01838394846446551,-0.016629515534213768,0.018071376422569983,-0.007911994911415155,-0.013061222390678333,-0.042811436897810674,0.010578428211473387,0.0009395361798351861,-0.009834263616357005,-0.0353015079004955,0.03993057994741535,1.0,-0.021081809909557877,0.022556071705831935,-0.009432893364335171,0.0163600316662012,0.002563140770602163,-0.022124288888195332,0.03939508380839204,-0.015938276858676246,0.04584419172679422,0.026958568852922193,-0.0015500432950078219,-0.029308801883031473,-0.003653001677723896,-0.03304278083798803,0.008621942266312637,0.028720980327485487,0.00936003061500533,0.04762625215820137,-8.252439613644259e-05,-0.044172413001053304,0.04888900475727793,-0.034507503716728935,-0.031240965646368885,-0.0009385770290678364,0.041288720629925287,0.032827388230843725,-0.019938605952197513,0.033122018603927064,-0.0381179261157917,0.017270950382553114,-0.011397325133746855,0.017614185132984544,-0.003726626190518621,-0.022691874303320477,-0.054189221525623936,0.01157071132950012,-0.002876715943805233,0.0008731513507924283,-0.03676241902562135,0.0485532214935456
3.4651812661906205,0.6264101563885154,0.8801191362620998,5.0,96.0,122.0,108.0,71.0,79.0,25.0,38.0,28.0,30.0,4.0,6.0,134.0,105.0,129.0,125.0,109.0,128.0,75.0,123.0,105.0,103.0,119.0,101.0,0.19934640522875818,0.3872549019607843,0.4133986928104575,0.28392330383480824,0.32595870206489674,0.39011799410029496,0.011913626209977662,0.005956813104988831,0.011169024571854059,0.00967982129560685,0.022338049143708117,0.016381236038719285,0.0022338049143708115,0.008190618019359643,0.0022338049143708115,0.0029784065524944155,0.03276247207743857,0.010424422933730455,0.0379746835443038,0.006701414743112435,0.020104244229337303,0.029784065524944156,0.017870439314966492,0.0029784065524944155,0.005956813104988831,0.0052122114668652275,0.0014892032762472078,0.02531645569620253,0.004467609828741623,0.02680565897244974,0.011913626209977662,0.010424422933730455,0.02531645569620253,0.03052866716306776,0.006701414743112435,0.04318689501116903,0.024571854058078928,0.010424422933730455,0.10424422933730454,0.004467609828741623,0.04765450483991065,0.02680565897244974,0.03648548026805659,0.05956813104988831,0.0774385703648548,0.006701414743112435,0.04318689501116903,0.01712583767684289,0.005956813104988831,0.05584512285927029,0.004467609828741623,0.010424422933730455,0.0022338049143708115,0.008935219657483246,0.004467609828741623,0.0,1.0,0.03312655284985497,0.07643990874862956,0.02434891420419328,0.005341246299904944,0.020969587952417074,0.0758926049413144,0.017461649395852003,0.05994054793387263,0.022172821755955613,0.05721840735188601,0.017892285361116072,0.01499385198608073,0.016824201672797478,0.024745502533462544,0.046772337047212016,0.047860575070918246,0.05016916876572783,0.04392803724623995,0.04761276970913398,0.005371013890734506,0.05711948405289733,0.043765744577322616,0.035530815353693304,0.05527860642716949,0.03281117665800618,0.021077717076156986,0.038946370513187174,0.04933635472582681,-0.00448039187120301,0.011034183025163504,0.01895960048647592,0.06393855572368667,-0.006590158975232195,0.025413688514177583,-0.0041308347048165375,-0.00337984788448078,-0.016783004986618676,-0.005753194818328787,-0.01785113779172349,0.02291355727806998,1.0,0.03315123731546587,0.07553792507352317,0.01968694438587128,-0.0017561981532956735,0.017734315293441397,0.07491654450570846,0.010413623285418463,0.048024585010539876,0.01450598553621636,0.04888239221026916,0.008229169915460048,0.0007595829211297639,0.00954538073965314,0.01514398143403645,0.039622926529521964,0.032756501194289585,0.03828891795436615,0.029233049021443934,0.03559721658336912,-0.009858550001565387,0.04348134105825854,0.03278235958813638,0.01606394752794333,0.036484781718974915,0.01319749344279406,0.004750995131687039,0.018845658163299975,0.03724121936917392,-0.02592638754665926,-0.00904383419330471,0.005096388732441514,0.05082710495928878,-0.028886690727686137,3.723319173808553e-05,-0.014534955528264356,-0.018098661994265887,-0.031577262369283876,-0.02604983697483282,-0.025553863372093977,0.00678935893743819
3.531958836274019,0.6703971162952336,0.8823529411764706,2.0,106.0,116.0,123.0,91.0,78.0,29.0,15.0,11.0,16.0,5.0,1.0,134.0,107.0,121.0,125.0,124.0,127.0,105.0,128.0,113.0,123.0,116.0,106.0,0.16020236087689713,0.40640809443507586,0.433389544688027,0.2722183344996501,0.33939818054583626,0.38838348495451364,0.016381236038719285,0.008935219657483246,0.014147431124348473,0.011913626209977662,0.017870439314966492,0.01563663440059568,0.0037230081906180195,0.005956813104988831,0.0029784065524944155,0.0022338049143708115,0.04244229337304542,0.012658227848101266,0.03201787043931496,0.008935219657483246,0.018615040953090096,0.021593447505584513,0.01712583767684289,0.004467609828741623,0.0052122114668652275,0.0037230081906180195,0.0029784065524944155,0.018615040953090096,0.0037230081906180195,0.026061057334326135,0.01712583767684289,0.014892032762472078,0.02680565897244974,0.04095309009679821,0.005956813104988831,0.02680565897244974,0.03350707371556218,0.011913626209977662,0.0975428145941921,0.0029784065524944155,0.049143708116157855,0.026061057334326135,0.035740878629932984,0.06031273268801191,0.05286671630677588,0.01340282948622487,0.035740878629932984,0.01563663440059568,0.006701414743112435,0.06403574087862993,0.004467609828741623,0.0193596425912137,0.004467609828741623,0.008935219657483246,0.0037230081906180195,0.0029784065524944155,1.0,0.02996560275386968,-0.029493163969984346,-0.029499965351565304,0.027158775612348796,0.012794450254756078,-0.02448029305644053,-0.02343538815445451,-0.005709945953233591,-0.033467905123454954,0.031190249892982202,-0.03204309572919937,-0.028045129084673454,0.003961968156310685,0.017433179373176236,-0.038537579651785794,0.01618003468542856,0.057202756171437046,-0.004448425321609822,0.025289300012600997,0.037777620725367035,-0.007687694460157242,-0.013253664468817823,-0.0716590350303169,0.03081582054402093,-0.0368054436113325,-0.005360589482863025,-0.007222195488661699,-0.0033101420514085136,0.01984285975019633,0.016221629311811158,0.009530027299999261,0.01691392375233799,-0.029335702467243766,0.024607043429481234,-0.02966233872254812,0.0066225556829587655,-0.013883134650819974,-0.009093823967332,-0.021690481414768276,0.011376210130019656,1.0,0.029987931817024572,-0.03046382223224384,-0.02779048030778067,0.0281605838105079,0.009493436570099512,-0.02459210740253559,-0.019889758208935723,-0.00591872364739513,-0.03676114237570464,0.03333948048293635,-0.03509954057832796,-0.02646860241899848,0.006752125045452801,0.012160507436817382,-0.0425868970872229,0.02265608272279502,0.055592002371903725,-0.014559485577203348,0.033942018775413,0.03740037007073231,-0.01439300479766681,-0.009377651221447158,-0.07004288221022467,0.029741441047882178,-0.03842662722051719,-0.0005912858352808777,-0.007887285606894487,0.0017492379147897436,0.022013782103666127,0.009695571706387573,0.013668222770893265,0.019074090097044315,-0.030773326093355483,0.0162478730426621,-0.029929502088697057,0.00298799476771577,-0.017825167400589283,-0.013065700253928784,-0.018029556283855976,0.016875218624158986
3.45398198936932,0.6181380383717767,0.8808637379002234,4.0,105.0,126.0,125.0,80.0,73.0,16.0,59.0,21.0,17.0,8.0,5.0,134.0,105.0,129.0,127.0,122.0,130.0,102.0,127.0,115.0,113.0,125.0,107.0,0.21283255086071987,0.38028169014084506,0.40688575899843504,0.2722841225626741,0.3321727019498607,0.3955431754874652,0.014892032762472078,0.006701414743112435,0.00967982129560685,0.01340282948622487,0.0193596425912137,0.014147431124348473,0.0007446016381236039,0.004467609828741623,0.004467609828741623,0.0022338049143708115,0.055100521221146684,0.008935219657483246,0.029784065524944156,0.006701414743112435,0.014892032762472078,0.020104244229337303,0.0193596425912137,0.0052122114668652275,0.008190618019359643,0.004467609828741623,0.0014892032762472078,0.02308265078183172,0.004467609828741623,0.027550260610573342,0.016381236038719285,0.00967982129560685,0.03276247207743857,0.05584512285927029,0.0037230081906180195,0.04616530156366344,0.01712583767684289,0.014147431124348473,0.10126582278481013,0.0022338049143708115,0.07222635889798958,0.01712583767684289,0.028294862248696945,0.04988830975428146,0.07073715562174236,0.008935219657483246,0.035740878629932984,0.014147431124348473,0.008190618019359643,0.04244229337304542,0.0022338049143708115,0.012658227848101266,0.0029784065524944155,0.006701414743112435,0.006701414743112435,0.0022338049143708115,1.0,0.0037455868716770565,0.008050405303618181,0.08497003381106699,-0.010185007296620781,0.03842595611804548,0.02435076071493011,0.038676946301272906,0.02303638929255609,0.014446256227074046,-0.008974167369601944,0.05772493609365879,0.018357843189979767,0.03454153563244377,0.012374605122932453,0.040885396178515894,-0.053007355782482155,-0.009358577486982473,0.005810500878271592,0.013151919380027037,0.021855441554243103,-0.005745831197981186,0.017134673609924,-0.022152799197656482,-0.01593393761923051,-0.0026635131966380337,0.05088057308163731,-0.015600630730947805,0.002727169086771525,0.0221208085614182,0.016055868483791123,0.008240983722426265,-0.021718890453962126,0.015994993958897082,-0.021691443121567112,0.024654249460086177,-0.010086244064732568,-0.006328921833043494,0.028996088232802215,-0.03402510958685498,-0.029236501640480816,1.0,0.003748377920016611,0.008048474620544829,0.08510682751895597,-0.010935155922846556,0.037578526126708554,0.01721364538847324,0.04040773846306902,0.016303031512405405,0.01154648460856256,-0.017027741308014526,0.054930942598102696,0.013434398451411297,0.03442685855808864,-0.0007893760210394957,0.03980240022852711,-0.06515588600868896,-0.011784495056340223,-0.0080291980622313,0.020676498636436395,0.0140270299532831,-0.0034208440469883786,0.010441732916163564,-0.022450159011580144,-0.018740294916450292,-0.0057239503483447396,0.048381603737989685,-0.012223264176501863,0.0039055081504412955,0.019648747779451838,0.021989481248543434,0.007498930212184443,-0.02882044397768035,0.00615241689079117,-0.025031852805918256,0.02958762931346669,-0.009291727406796435,-0.008045518962677875,0.027522333682951438,-0.03586928824093719,-0.03555300233292166
3.4557253499163467,0.6452045159069604,0.874162323157111,1.0,107.0,118.0,116.0,84.0,59.0,32.0,27.0,6.0,25.0,25.0,16.0,134.0,106.0,124.0,120.0,117.0,122.0,103.0,121.0,111.0,110.0,111.0,107.0,0.14123376623376624,0.375,0.4837662337662338,0.27200577200577203,0.33044733044733043,0.39754689754689754,0.011913626209977662,0.0052122114668652275,0.016381236038719285,0.017870439314966492,0.01340282948622487,0.014892032762472078,0.0022338049143708115,0.010424422933730455,0.005956813104988831,0.0029784065524944155,0.03127326880119136,0.00967982129560685,0.03425167535368578,0.0022338049143708115,0.01712583767684289,0.028294862248696945,0.012658227848101266,0.0014892032762472078,0.006701414743112435,0.004467609828741623,0.0014892032762472078,0.02308265078183172,0.0007446016381236039,0.02308265078183172,0.014147431124348473,0.00967982129560685,0.02531645569620253,0.044676098287416234,0.0022338049143708115,0.02531645569620253,0.0379746835443038,0.011913626209977662,0.10796723752792256,0.004467609828741623,0.05212211466865227,0.027550260610573342,0.04244229337304542,0.06701414743112435,0.07520476545048399,0.004467609828741623,0.03350707371556218,0.02084884586746091,0.006701414743112435,0.04616530156366344,0.0052122114668652275,0.014147431124348473,0.006701414743112435,0.007446016381236039,0.008935219657483246,0.0,1.0,0.03210245099679595,0.06845449386706771,-0.03380723238172379,0.0339718579325997,-0.008035764312833683,0.012912819917930403,0.034137711442737154,-0.01811885481038607,-0.004287211505975007,0.0025824756664813587,-0.09840857474401819,0.0063247032425338915,0.0032115889251984574,-0.011513583160636418,-0.01933344356493774,0.002801657735686796,0.030170651687386748,-0.027443997559651254,0.025831106152508065,-0.011974373988675745,-0.00324229550027655,0.016199882850970015,0.006606901086923454,0.010062460345848926,-0.010891794484471128,0.0525858281289424,0.025762929332690837,-0.048801285569188044,-0.0347638881574965,-0.005135121682997508,-0.026999559005214904,-0.015224065293664994,0.003729412568946568,-0.0055602114096948265,0.01237140784303091,0.0050110116908185865,-0.01939557157322274,-0.029719568386600826,-0.002320434797432979,0.004888870490719545,1.0,0.032126372346271956,0.06759424904453919,-0.03832254527764022,0.0319197529380259,-0.005331559220072239,0.007695431291108171,0.03723798789662926,-0.02382789925468536,-0.006503569912631324,0.0077763312897766255,-0.10372209469115755,0.01456877871738216,0.01601338604390582,-0.02347464772810122,-0.009801643333278608,0.0041832732169423525,0.032405875189994215,-0.02297182759054305,0.0195836289031367,-0.008856081168274903,-0.006771171814563012,0.012796638147672243,0.003720159679450567,0.009171158705004746,-0.011768983856674258,0.04787169253081479,0.02839628662193418,-0.05548407713274587,-0.03944337322049316,0.00809649076788253,-0.030055647924493525,-0.01412924313637623,0.00909839937117766,-0.0055856418950458765,0.02227414282882241,0.0013582542574511196,-0.012717311231512611,-0.021381849680793465,-0.01257149835203169,0.0019292531113395655
3.5213298973838816,0.6713679987671468,0.889054355919583,14.0,119.0,126.0,120.0,98.0,91.0,51.0,42.0,36.0,8.0,21.0,3.0,134.0,119.0,130.0,126.0,119.0,130.0,119.0,123.0,121.0,119.0,127.0,111.0,0.20164609053497942,0.35939643347050754,0.438957475994513,0.2618403247631935,0.32814614343707715,0.4100135317997294,0.012658227848101266,0.008190618019359643,0.01563663440059568,0.011169024571854059,0.017870439314966492,0.014147431124348473,0.0014892032762472078,0.008190618019359643,0.0037230081906180195,0.0022338049143708115,0.03425167535368578,0.007446016381236039,0.03350707371556218,0.0052122114668652275,0.024571854058078928,0.03201787043931496,0.02084884586746091,0.005956813104988831,0.00967982129560685,0.0052122114668652275,0.0052122114668652275,0.02531645569620253,0.0037230081906180195,0.03127326880119136,0.012658227848101266,0.014892032762472078,0.022338049143708117,0.04988830975428146,0.004467609828741623,0.023827252419955324,0.03127326880119136,0.014892032762472078,0.0960536113179449,0.0022338049143708115,0.04690990320178704,0.02308265078183172,0.03648548026805659,0.06254653760238273,0.06626954579300075,0.008190618019359643,0.03276247207743857,0.01712583767684289,0.008190618019359643,0.044676098287416234,0.0029784065524944155,0.020104244229337303,0.0007446016381236039,0.010424422933730455,0.005956813104988831,0.0014892032762472078,1.0,0.02191323015115554,0.020899056339245575,-0.00414524981230594,0.028866162244965722,-0.010367215774814292,0.008398176924696615,0.006723961052695067,0.0004046812371615731,0.020017971232550554,-0.02621181264404584,-0.03707003635254533,-0.0048331458927468925,-0.002697071328553812,-0.0030697877945392946,-0.004606871737168384,0.015225309603210157,0.021949612686987065,0.02896299045941067,-0.012317665255930716,-0.013939270879385592,-0.00039859681408667527,-0.02303863580865169,-0.07999976247373447,0.012252882347608048,0.02400463229194455,0.017048008240303877,-0.03581573110605741,0.015873445898727825,0.003760872107132606,0.03574251048309273,-0.03097360422719701,-0.021348665226354337,-0.02073320554433513,0.02491648151126705,0.01668238249180676,0.012612146884050279,0.031035585083206047,0.04670862188161226,0.020554581740077207,-0.009754850260761817,1.0,0.021929558936663113,0.020459159068023564,-0.005057338583658011,0.028749071912112505,-0.011483811636413335,0.007725733341446873,0.007141949291470575,-0.0011699981564294191,0.020648731489034327,-0.02787955975425063,-0.03731994454244256,-0.0018267152623444938,-0.0026705170245001496,-0.0012201596420062417,-0.003270167326669709,0.015193126030186003,0.02291779824591931,0.028066625404067395,-0.013168336873275212,-0.014707960259438267,-0.0017324161701506643,-0.025941137075820752,-0.08058411509524882,0.01641979959119345,0.025812345374408456,0.01668732373195686,-0.03294757517842594,0.01928726092344255,0.00824589964385136,0.03502039209017108,-0.03240122022187997,-0.023171462364875915,-0.025929852541970538,0.017980049181870923,0.018922492785064398,0.015128944259456665,0.03227532900231847,0.04648969350954515,0.02216211762097302,-0.005269538541431818
3.466635904301342,0.6068684755648754,0.8808637379002234,2.0,119.0,127.0,121.0,83.0,81.0,33.0,35.0,41.0,13.0,19.0,4.0,134.0,118.0,131.0,124.0,119.0,128.0,107.0,121.0,122.0,121.0,117.0,119.0,0.17404129793510326,0.3805309734513274,0.44542772861356933,0.2621492128678987,0.3326488706365503,0.405201916495551,0.02084884586746091,0.004467609828741623,0.00967982129560685,0.012658227848101266,0.014892032762472078,0.018615040953090096,0.0007446016381236039,0.0037230081906180195,0.0022338049143708115,0.0014892032762472078,0.03723008190618019,0.011169024571854059,0.03276247207743857,0.005956813104988831,0.0193596425912137,0.022338049143708117,0.014147431124348473,0.0022338049143708115,0.010424422933730455,0.0014892032762472078,0.0007446016381236039,0.027550260610573342,0.0014892032762472078,0.02680565897244974,0.0193596425912137,0.008935219657483246,0.029039463886820552,0.0379746835443038,0.004467609828741623,0.03648548026805659,0.021593447505584513,0.011913626209977662,0.09977661950856292,0.0037230081906180195,0.054355919583023084,0.02531645569620253,0.049143708116157855,0.06329113924050633,0.07073715562174236,0.011913626209977662,0.034996276991809384,0.02084884586746091,0.008935219657483246,0.04318689501116903,0.0022338049143708115,0.018615040953090096,0.0022338049143708115,0.006701414743112435,0.00967982129560685,0.0014892032762472078,1.0,0.050032019107595714,-0.015552545542780686,0.0021311294613682343,0.01472884615522869,0.021865880927893017,0.02544235502290932,0.02088068754155064,-0.01986718897856206,-0.027914458992961837,0.00017809029897185676,0.014084447708451613,-0.022255946649027213,-0.020125391125134645,-0.002763180158122789,-0.02123360104002246,0.029239109848639044,-0.009541881063898664,0.039561333662832154,-0.05263273780834493,-0.04481760515637746,0.03622094869561781,0.003239531540539966,-0.029379263540324607,0.03255531700775212,-0.0031551964830255647,-0.036885871725743105,0.0021682385220244114,-0.004380893585447376,-0.010847615051678909,-0.004005162858790608,0.005360500917328664,-0.006099478708681995,-0.0007460097185068917,-0.05403980893164818,-0.03660317671704432,-0.01840405007305206,-0.0008850072172079535,-0.0070892440036127635,-0.010214336752238207,0.013204890090891585,1.0,0.050069300790984365,-0.01812812189009297,0.003848476438670513,0.014226247608592297,0.02063216619127368,0.023959596179539442,0.019212954272853248,-0.02155991834177585,-0.026184413047360335,0.0009434088789142174,0.011821793420382774,-0.02454609607334391,-0.0170157892552812,-0.00011075488129025116,-0.020188899669950543,0.03273927396704191,-0.01376661729200332,0.04343178557115002,-0.05570981624520439,-0.038170952881818064,0.03755729359642524,-0.004140345062771648,-0.029890477277691698,0.03851129030869805,-0.006162440766036464,-0.03269054404874766,0.00496691054090061,-0.010629956303454582,-0.01158642784234371,0.0019156948855627706,0.005969613438222775,-0.011800118213586928,0.006763444619976371,-0.061108944207538395,-0.03236370827805982,-0.015036753479274276,0.0019935007218919673,-0.008158897135918367,-0.010967702031537565,0.017924932100652484
3.514785234881148,0.6441705928517221,0.8868205510052122,1.0,113.0,119.0,118.0,93.0,74.0,46.0,44.0,9.0,21.0,2.0,1.0,133.0,115.0,123.0,125.0,117.0,123.0,111.0,125.0,117.0,116.0,121.0,111.0,0.1856474258970359,0.37597503900156004,0.43837753510140404,0.2651356993736952,0.33054975643702156,0.40431454418928325,0.00967982129560685,0.010424422933730455,0.014147431124348473,0.014892032762472078,0.014892032762472078,0.017870439314966492,0.0007446016381236039,0.00967982129560685,0.0037230081906180195,0.005956813104988831,0.035740878629932984,0.012658227848101266,0.028294862248696945,0.011169024571854059,0.02084884586746091,0.03201787043931496,0.020104244229337303,0.005956813104988831,0.007446016381236039,0.0014892032762472078,0.0037230081906180195,0.022338049143708117,0.0029784065524944155,0.035740878629932984,0.017870439314966492,0.008935219657483246,0.02084884586746091,0.035740878629932984,0.0052122114668652275,0.03425167535368578,0.024571854058078928,0.011169024571854059,0.09233060312732688,0.0007446016381236039,0.040208488458674606,0.020104244229337303,0.035740878629932984,0.05956813104988831,0.08860759493670886,0.00967982129560685,0.03425167535368578,0.02308265078183172,0.008935219657483246,0.04393149664929263,0.0022338049143708115,0.020104244229337303,0.0014892032762472078,0.005956813104988831,0.010424422933730455,0.0014892032762472078,1.0,-0.011214674370916966,0.02627406450253693,-0.033157204868681144,0.07940413931063445,0.05634997947932082,-0.017526183411060388,0.01164240260073738,0.012642528891899069,0.006409687539044896,0.018136820883223614,-0.029256080337085877,0.04058248234654576,-0.0013526216840803655,0.012306085515502354,0.012377842329521632,-0.01559064575506249,0.0012872134664145213,0.02812917812480525,-0.026304113886809064,0.013962665176254597,0.031911329568772344,-0.04074909863895157,0.0016557959294612931,-0.008091710479986412,0.018341407749689797,0.015273503345325084,0.013806982018668755,0.03298352135932846,0.04712516203442335,0.04471497368133102,0.0038832690484220207,0.019498659966991516,-0.040390351537864154,0.05156876132816597,-0.04774081253194497,-0.025512172037243003,0.017514934416771436,-0.052474882729138306,-0.029444676258914334,0.001417424409093811,1.0,-0.011223031058227638,0.02619059272838864,-0.032676446916756204,0.07840740684140257,0.06015104146050376,-0.02172133872804065,0.013654801916099723,0.01177896582922129,-0.004607432849153557,0.018492075180552806,-0.028401031363484826,0.03611424506603571,0.0011867391536911109,0.005675728360149781,0.017990000075210833,-0.018573384030148188,-0.00522145475871278,0.03143689620279062,-0.03181572965638172,0.012686861714547956,0.040468493751696574,-0.05277507511713329,0.00400895814073444,-0.0023327012127372323,0.005672216766807419,0.02220175022754161,0.017432090751905063,0.0324339295119503,0.0525214309381928,0.037939563446372684,0.0039353505232758105,0.017259722073980372,-0.05794823480651135,0.04739950432614448,-0.05426659758769172,-0.0388894671164868,0.03413528304057869,-0.06768217172075217,-0.03818279251587859,0.024809756314348178
3.4585992599615167,0.602813888914176,0.8830975428145942,6.0,115.0,123.0,118.0,102.0,93.0,38.0,47.0,34.0,4.0,9.0,1.0,134.0,115.0,129.0,125.0,123.0,130.0,105.0,129.0,123.0,121.0,125.0,116.0,0.21159420289855072,0.3739130434782609,0.4144927536231884,0.2664406779661017,0.3335593220338983,0.4,0.01712583767684289,0.005956813104988831,0.01712583767684289,0.017870439314966492,0.012658227848101266,0.01340282948622487,0.0007446016381236039,0.005956813104988831,0.0037230081906180195,0.0007446016381236039,0.03648548026805659,0.005956813104988831,0.03425167535368578,0.0014892032762472078,0.014892032762472078,0.018615040953090096,0.016381236038719285,0.0052122114668652275,0.008935219657483246,0.005956813104988831,0.0029784065524944155,0.026061057334326135,0.0052122114668652275,0.03201787043931496,0.00967982129560685,0.018615040953090096,0.03425167535368578,0.04244229337304542,0.004467609828741623,0.03350707371556218,0.026061057334326135,0.014147431124348473,0.11243484735666419,0.0007446016381236039,0.06105733432613552,0.02680565897244974,0.035740878629932984,0.06031273268801191,0.06775874906924795,0.008190618019359643,0.02531645569620253,0.02308265078183172,0.005956813104988831,0.04393149664929263,0.0014892032762472078,0.016381236038719285,0.0022338049143708115,0.006701414743112435,0.005956813104988831,0.0029784065524944155,1.0,-0.00015518964180182522,0.03489649984750546,0.019395363176511714,0.013739710346277125,0.027201506740504814,0.003253418355232487,-0.004088977171642121,0.023495904142227495,-0.007408899617297857,-0.01701650114819601,0.01981550593868373,-0.01938402234896666,-0.015996560337041558,-0.0021979248540177155,0.03659196235943873,-0.0005425172390203881,0.04426018014235533,0.013061148434907546,-0.015235642739032143,-0.0014413160726240695,-0.03470713620853343,-0.038627954087209024,-0.028650381543973653,0.0032381345815874073,-0.0024979453350581727,-0.015656351598880236,-0.04029529107196165,0.024930682629059602,-0.022391267407082624,-0.00031030693550023164,0.015242571880727383,-0.003874706398009196,-0.035382722659054025,-0.00416822767043964,-0.004428665302471585,0.009988728094261412,-0.017516303996377956,0.03403130017980698,0.026620412552053302,-0.014015788060095407,1.0,-0.00015530528236948584,0.0349485220589377,0.019473236389648416,0.012598579872234518,0.02601390639446399,0.0020441825781637997,-0.006457735335951172,0.022309061349594834,-0.007861308434340863,-0.01937117431285402,0.019684222715052647,-0.018383414385198853,-0.017962071525843476,-0.0008851730644078411,0.0397382662692968,-0.0008835296098081127,0.044052460964412975,0.014156040255086539,-0.02087795184186157,-0.005415810324913598,-0.034875961337113764,-0.042717147458753095,-0.02929493926834698,0.009660831133573225,0.0009113443593515685,-0.014219746805655397,-0.03411230899638935,0.027933018199088642,-0.018169337766959153,0.00205590087077531,0.017909485890039812,-0.006880270541990008,-0.04091881878046175,-0.005607932309618985,-0.004766463612460111,0.011375426765839275,-0.011638303702543028,0.04439716154916735,0.028809501552715194,-0.013360209922131716
3.504462145400744,0.624555953691452,0.889054355919583,3.0,121.0,125.0,118.0,86.0,80.0,27.0,38.0,31.0,26.0,7.0,1.0,134.0,121.0,131.0,127.0,125.0,130.0,111.0,127.0,124.0,112.0,125.0,115.0,0.18250377073906485,0.3936651583710407,0.4238310708898944,0.26383265856950067,0.3292847503373819,0.4068825910931174,0.005956813104988831,0.005956813104988831,0.020104244229337303,0.014892032762472078,0.01563663440059568,0.017870439314966492,0.0007446016381236039,0.006701414743112435,0.007446016381236039,0.0022338049143708115,0.04169769173492182,0.012658227848101266,0.0379746835443038,0.0022338049143708115,0.017870439314966492,0.02531645569620253,0.01563663440059568,0.0052122114668652275,0.006701414743112435,0.005956813104988831,0.0037230081906180195,0.022338049143708117,0.004467609828741623,0.02308265078183172,0.011169024571854059,0.01563663440059568,0.02680565897244974,0.0379746835443038,0.0052122114668652275,0.040208488458674606,0.023827252419955324,0.008935219657483246,0.10275502606105734,0.0022338049143708115,0.04169769173492182,0.029039463886820552,0.04169769173492182,0.05286671630677588,0.06180193596425912,0.011913626209977662,0.04095309009679821,0.021593447505584513,0.0052122114668652275,0.05361131794489948,0.0022338049143708115,0.020104244229337303,0.0029784065524944155,0.005956813104988831,0.00967982129560685,0.0014892032762472078,1.0,-0.028939639804138106,0.027926202929103496,-0.022654441161379685,-0.024998343018468223,0.030115190681463833,-0.007949270041848937,-0.0070577259676430715,0.018081979156537583,0.03121143319493434,0.0016610737811002235,0.00164417705750526,-0.06307046653769385,-0.004053669191211054,0.01425702974513692,0.020865631078579545,-0.03190045305887507,0.025551544439124777,-0.03997096458693735,0.06279154160206028,-0.012650449985020608,0.005428443183985662,-0.008157284140474112,-0.04655254355471404,0.056458006932475165,0.0188117697190932,0.03745537332705413,-0.006368826258439641,0.003339287643406969,-0.025210032894887366,0.030587699027376947,-0.003251419065005401,-0.04734517234693127,0.009447585166133686,-0.011988933497724256,0.03672872502803699,-0.04363725645114114,-0.0411702613536635,-0.009700345059841648,0.004922722538884305,0.02386491989717242,1.0,-0.028961204364349843,0.027151875060896273,-0.02116416002161095,-0.027110162128302827,0.030051139277015804,-0.005388533224687219,-0.010348450827730631,0.018875677548167224,0.0342976681698227,0.0007539031778245358,0.0007020377572759494,-0.06095824713786727,-0.007202567981224964,0.016103924223541823,0.020346626104745153,-0.03559053737029765,0.026114229996880012,-0.03746433295811253,0.05826948586489154,-0.007164019722678126,0.008291058403697918,-0.009028002511924555,-0.045216685546160144,0.04821609618571885,0.026256171750821868,0.036811012283301046,-0.003133634999018606,-0.00031355731177851984,-0.025059966496304115,0.0274844908593293,0.008344279787610523,-0.05142324783029589,0.005285485614315535,-0.016181825486172655,0.032128369752156424,-0.044478019285119276,-0.032334802082126336,-0.01061371001871837,0.0014902953070871465,0.024525191711882638
3.45611795246458,0.5908271182632925,0.8830975428145942,11.0,80.0,112.0,99.0,74.0,77.0,8.0,41.0,14.0,13.0,14.0,2.0,134.0,87.0,120.0,123.0,110.0,124.0,37.0,119.0,101.0,106.0,118.0,91.0,0.23669724770642203,0.3669724770642202,0.3963302752293578,0.2968503937007874,0.3464566929133858,0.35669291338582676,0.011913626209977662,0.006701414743112435,0.01340282948622487,0.012658227848101266,0.014147431124348473,0.01340282948622487,0.0007446016381236039,0.012658227848101266,0.0022338049143708115,0.0037230081906180195,0.03127326880119136,0.008935219657483246,0.034996276991809384,0.0052122114668652275,0.011169024571854059,0.02084884586746091,0.011913626209977662,0.0022338049143708115,0.011169024571854059,0.005956813104988831,0.0029784065524944155,0.03425167535368578,0.004467609828741623,0.039463886820551006,0.014147431124348473,0.014892032762472078,0.039463886820551006,0.04988830975428146,0.0037230081906180195,0.044676098287416234,0.01712583767684289,0.00967982129560685,0.09233060312732688,0.0007446016381236039,0.06105733432613552,0.02531645569620253,0.034996276991809384,0.058078927773641105,0.06552494415487714,0.005956813104988831,0.04318689501116903,0.020104244229337303,0.007446016381236039,0.04988830975428146,0.0029784065524944155,0.00967982129560685,0.0007446016381236039,0.0037230081906180195,0.007446016381236039,0.0007446016381236039,1.0,0.04790535843732504,0.03394471180256341,0.061907769409137066,0.0223642181821679,0.03246065392504846,0.0028019154098407007,0.07140715240872943,0.02412047531487852,0.016584934910759835,0.044139189537280334,0.024768697433413596,0.04811360916070376,0.05311665405438798,0.036809132460650734,0.009527509867085584,0.03569222734706003,0.008990712260655708,0.07495045091423269,0.026274729537879158,-0.026680422615885914,0.024244766039764023,0.07250051817199099,-0.035156246550018685,0.04509382392385121,0.0028367558495715644,0.0405876951513581,0.04767420691678743,-0.002492464095055923,0.018335498674259456,0.022578021708871757,0.01740876074544,0.008095763288563809,-0.020323611469341987,0.052316168157361155,0.013545600742562978,0.006285682314751939,0.015567123297756483,-0.012151375942337695,0.02666417580533911,0.014069523083047212,1.0,0.04794105542572843,0.03177001141600188,0.059140767976761335,0.015953910198567293,0.027272825196994005,-0.004619112753631449,0.06837670230806525,0.014535952442239533,0.01040772672627916,0.033724787448538865,0.016845451524706713,0.03929742787362228,0.04424832536275212,0.022840314241304432,-0.0049392250227816,0.025917043577604864,-0.005419950434200647,0.06885892736039892,0.009954938669414921,-0.042560811683236374,0.010156978653896578,0.06724034649150122,-0.05271730535687101,0.040416059870998014,-0.019478690527825956,0.03182422993204785,0.040626893351675214,-0.014455602759857966,-0.004166644227446946,0.018602345962799166,0.0008437631474267557,-0.00283757079960053,-0.025003358860957666,0.0376614880869619,0.005256809935018216,-0.00276510868111286,0.0013903759732151477,-0.020133211024438918,0.02234401227807844,-0.00483044219777062
3.4989728244073697,0.6241549995202712,0.8845867460908414,7.0,111.0,127.0,119.0,80.0,68.0,12.0,51.0,17.0,15.0,13.0,21.0,134.0,111.0,131.0,125.0,115.0,129.0,111.0,128.0,111.0,121.0,123.0,110.0,0.19656786271450857,0.36037441497659906,0.44305772230889234,0.2698412698412698,0.32574189095928224,0.4044168391994479,0.016381236038719285,0.007446016381236039,0.014147431124348473,0.018615040953090096,0.014892032762472078,0.018615040953090096,0.0029784065524944155,0.010424422933730455,0.0022338049143708115,0.0014892032762472078,0.04244229337304542,0.011169024571854059,0.024571854058078928,0.004467609828741623,0.029784065524944156,0.026061057334326135,0.020104244229337303,0.0029784065524944155,0.00967982129560685,0.0037230081906180195,0.0037230081906180195,0.022338049143708117,0.005956813104988831,0.026061057334326135,0.007446016381236039,0.01340282948622487,0.02308265078183172,0.045420699925539834,0.005956813104988831,0.035740878629932984,0.020104244229337303,0.008935219657483246,0.11317944899478778,0.0029784065524944155,0.0573343261355175,0.02084884586746091,0.03052866716306776,0.058078927773641105,0.06626954579300075,0.00967982129560685,0.024571854058078928,0.024571854058078928,0.0052122114668652275,0.04318689501116903,0.0029784065524944155,0.016381236038719285,0.0014892032762472078,0.011169024571854059,0.008190618019359643,0.0029784065524944155,1.0,0.00738410802920142,-0.0619610193160621,-0.013147829485632036,0.01820023577050297,-0.005340347819075091,0.04355952712227768,0.01634479644945675,-0.021689850236933563,0.0011360393940979014,-0.04297721257325602,0.060714596754854,0.011715428881353308,-0.012361265534692766,-0.028919811033765997,0.03439270499028401,-0.004355440838634637,0.03080014854185208,-0.016502479429566858,-0.036601205688804477,0.0043535104439749745,0.004633957205948272,-0.03181368092015663,-0.018869995036613005,-0.003704456150022901,-0.036999606167910176,0.0121037934780406,0.022383687990371916,0.04889738218088483,0.021005133229331577,0.006511720615740072,-0.030601751252002214,0.0032084207325837727,0.011703773013390126,-0.014586174933036983,-0.004681904346822302,0.01073802236653338,0.0639768584438679,-0.002849287796958829,0.009961477450138773,0.005319345723812255,1.0,0.0073896103451695115,-0.06211142750540295,-0.012279293135577107,0.014649985106175873,-0.007205639611323717,0.04590690349431194,0.015508168825639023,-0.01709686455094449,0.004795425883465293,-0.04729167421676373,0.062277825578522746,0.004242036353530997,-0.008063504550700358,-0.023462842749808917,0.03184123589003292,-0.004493043898648736,0.03187262927899314,-0.021218455183029852,-0.031512163042655715,0.0045875029099742785,0.001787333379828861,-0.03664719904083303,-0.02006395175933693,-0.009659632271251776,-0.029919688970080776,0.008855644759849618,0.019618111207688263,0.04884835123957502,0.028470350116547114,0.015980607930665552,-0.023996096440443163,-0.0028632530890634815,0.007407820721049965,-0.016604849014697682,-0.007560759271465744,0.013629376967250303,0.0691897604657352,0.00015715457606216282,0.014403217850347077,0.007802201202567226
3.4737547002311113,0.6145274441619122,0.8793745346239762,6.0,104.0,124.0,115.0,87.0,80.0,7.0,52.0,30.0,11.0,22.0,1.0,134.0,110.0,131.0,126.0,123.0,130.0,89.0,128.0,117.0,119.0,119.0,97.0,0.215962441314554,0.38028169014084506,0.40375586854460094,0.275474349964863,0.3408292340126493,0.3836964160224877,0.011169024571854059,0.006701414743112435,0.011169024571854059,0.011169024571854059,0.016381236038719285,0.016381236038719285,0.0022338049143708115,0.008935219657483246,0.007446016381236039,0.0029784065524944155,0.05063291139240506,0.012658227848101266,0.03723008190618019,0.0052122114668652275,0.017870439314966492,0.022338049143708117,0.018615040953090096,0.0007446016381236039,0.011169024571854059,0.0029784065524944155,0.0007446016381236039,0.026061057334326135,0.0037230081906180195,0.023827252419955324,0.020104244229337303,0.005956813104988831,0.03425167535368578,0.034996276991809384,0.004467609828741623,0.035740878629932984,0.026061057334326135,0.011169024571854059,0.10349962769918093,0.0037230081906180195,0.05063291139240506,0.028294862248696945,0.03648548026805659,0.06478034251675353,0.06775874906924795,0.006701414743112435,0.0379746835443038,0.014892032762472078,0.006701414743112435,0.04393149664929263,0.0022338049143708115,0.014147431124348473,0.0022338049143708115,0.006701414743112435,0.005956813104988831,0.0022338049143708115,1.0,0.012771950682265623,-0.006912105224368936,-0.009274621306096962,-0.004552393612975876,0.03775402816090394,-0.002842320750215863,-0.02031692198948016,-0.04161463817718106,-0.0026416897274890877,6.773546644094826e-05,-0.031877952736290585,-0.02555618521511763,-0.019249452993210795,-0.010278061250796128,-0.0243378198641462,-0.022431605201666763,0.04440629948223947,-0.04010887149218393,-0.013122471167685291,-0.02741456095302862,-0.004801511231875998,0.04447919657594807,-0.01797703023642532,0.0291713178237698,0.002542489618787443,0.0245125860062229,0.017162300623360834,0.008887420827793448,0.057707511197131585,-0.05868925306887293,0.06527372297533568,0.02372760455131485,-0.010976504203815279,-0.050308862981616145,0.009801956916536346,-0.009929582264276262,-0.034914193099512825,0.04525630145471272,0.02603292723997977,-0.0010729550391534737,1.0,0.012781467784115284,-0.007086937788954485,-0.009117645629943886,-0.004379951875448442,0.037893563661133604,-0.003982329634909605,-0.019940472087484673,-0.04080781137896328,-0.0015790685013146355,-0.0022088669352632886,-0.032894860703692456,-0.024082879853891022,-0.01640669412632403,-0.011424745434127824,-0.02715644697601845,-0.02246262352538614,0.04638566857243162,-0.0431655798142823,-0.015661711056263142,-0.02891912685198911,-0.0052338117420782735,0.03787302364397382,-0.02199056659960298,0.029500718634945043,0.00465409155303361,0.019515957474525523,0.008863032129553344,0.009291992110083002,0.05796808850052866,-0.06211814938708926,0.0653790859248893,0.02335074719109448,-0.009535525628572617,-0.057314699422196004,0.02307482535296924,-0.012404878971701738,-0.03205174231551114,0.049231297821698154,0.03308049326404589,0.009097221659886088
3.481556341834615,0.6417931787234998,0.8801191362620998,7.0,99.0,126.0,120.0,87.0,85.0,29.0,56.0,3.0,17.0,15.0,0.0,134.0,106.0,131.0,127.0,122.0,129.0,55.0,129.0,120.0,118.0,122.0,96.0,0.22981366459627328,0.35248447204968947,0.41770186335403725,0.2822174226061915,0.3506119510439165,0.367170626349892,0.011913626209977662,0.011913626209977662,0.014147431124348473,0.01340282948622487,0.014892032762472078,0.00967982129560685,0.0014892032762472078,0.008935219657483246,0.004467609828741623,0.0014892032762472078,0.029039463886820552,0.014147431124348473,0.03350707371556218,0.0052122114668652275,0.02308265078183172,0.02531645569620253,0.012658227848101266,0.0022338049143708115,0.010424422933730455,0.0037230081906180195,0.0014892032762472078,0.024571854058078928,0.005956813104988831,0.026061057334326135,0.011169024571854059,0.01340282948622487,0.03052866716306776,0.055100521221146684,0.0037230081906180195,0.03425167535368578,0.022338049143708117,0.0193596425912137,0.10201042442293373,0.0052122114668652275,0.05286671630677588,0.020104244229337303,0.04244229337304542,0.06180193596425912,0.0759493670886076,0.006701414743112435,0.023827252419955324,0.023827252419955324,0.0052122114668652275,0.04616530156366344,0.0029784065524944155,0.010424422933730455,0.005956813104988831,0.0052122114668652275,0.00967982129560685,0.0,1.0,0.015397745171123519,-0.007213036394165791,0.010933162454721845,-0.006338950396422238,0.004022734070320315,0.0027003321114892798,-0.049461094834695914,-0.0005552236433773801,-0.07507048890241659,0.012850817619376597,0.018303464770821353,-0.003773571967648867,-0.027928105008934553,0.015250551287180319,-0.0222749873541936,-0.03643519459295048,-0.028714301694686323,-0.007973941700831114,-0.030033760763295923,0.014873025099066628,-0.025645660375267873,-0.015482723967554677,-0.0468633516504436,0.013068006389127125,0.005492777885288673,-0.01953524084308566,0.005358756748455982,0.016944789467486458,-0.0172862304238602,0.04354450553312792,0.03945752749253786,0.0253785299793383,0.027142820471212255,-0.04296555526651898,0.02655775067370355,-0.005947577413955981,0.03019126184540804,0.02791823262711298,-0.01935326793568371,0.010243026555798155,1.0,0.015409218900759218,-0.007463010166314449,0.011188062122800511,-0.006759302868916166,0.004409509020149019,0.0023595500445897193,-0.04961421927586303,0.0009105329422243717,-0.07655345774774215,0.01662061460278969,0.01604565094096037,-0.0020202090160283824,-0.028954595757076273,0.014296768590913143,-0.023076683503372105,-0.04345865923389272,-0.027726321638360772,-0.011239742703108995,-0.028556994057715217,0.015720249138011243,-0.026678091578178,-0.020911638811581076,-0.049954554608449865,0.009660193287837937,-0.0033786718327218053,-0.025660094684025327,0.008249041148513325,0.009430955006935854,-0.018237816093197152,0.03577594940317503,0.036041667925560995,0.016344094359622793,0.027531787205038336,-0.0477098942975186,0.024349719267831145,-0.012946461080150917,0.040532179144171836,0.02121235711849668,-0.015913152856825208,0.016982044348473245
3.4975016312536176,0.6447120367327703,0.8830975428145942,2.0,127.0,128.0,124.0,99.0,99.0,33.0,32.0,10.0,7.0,6.0,0.0,134.0,126.0,131.0,127.0,125.0,130.0,111.0,128.0,125.0,124.0,125.0,117.0,0.19940029985007496,0.3598200899550225,0.4407796101949025,0.26081170991350633,0.3333333333333333,0.40585495675316036,0.011913626209977662,0.008935219657483246,0.010424422933730455,0.012658227848101266,0.016381236038719285,0.014147431124348473,0.0007446016381236039,0.008190618019359643,0.004467609828741623,0.0029784065524944155,0.03276247207743857,0.016381236038719285,0.034996276991809384,0.005956813104988831,0.023827252419955324,0.029784065524944156,0.01563663440059568,0.0007446016381236039,0.005956813104988831,0.0052122114668652275,0.0052122114668652275,0.023827252419955324,0.007446016381236039,0.03350707371556218,0.012658227848101266,0.012658227848101266,0.026061057334326135,0.039463886820551006,0.005956813104988831,0.03276247207743857,0.020104244229337303,0.010424422933730455,0.10201042442293373,0.0029784065524944155,0.049143708116157855,0.027550260610573342,0.044676098287416234,0.06403574087862993,0.07148175725986597,0.005956813104988831,0.03425167535368578,0.01712583767684289,0.00967982129560685,0.044676098287416234,0.0029784065524944155,0.010424422933730455,0.0022338049143708115,0.007446016381236039,0.010424422933730455,0.0007446016381236039,1.0,-0.03338318339003298,-0.019070249234408344,0.006649822472320267,0.008142355125812219,0.010689623572162717,-0.01488253577607962,-0.017208063075689,-0.020179893330949793,-0.04401226539601842,-0.009165578311697458,0.00028537041112830123,-0.010583497048851904,0.04313839205030146,0.02452980353382468,0.012394168694541515,-0.011031808467249176,-0.00041959867486033757,0.006711335185128014,-0.00592614397200999,-0.05651742840384469,0.04353877829720835,-0.03476057696560142,0.030911275001160633,0.020288979019946776,-0.02203028527640903,0.012934827383651747,0.0005788671843879377,0.01712636192786241,-0.019550141218499895,-0.025727718738927437,0.0012963095535341103,-0.014373899365956594,0.06781473704934896,-0.01082438811614589,-0.023286271475271448,-0.011295186323020547,0.00786512189668602,-0.02163373163420105,-0.014727810382230583,-0.034350755809758805,1.0,-0.03340805908555462,-0.020237376383223944,0.005345809396483304,0.00820142719261569,0.011540083128526904,-0.013934106347078519,-0.017986096933777677,-0.022320841538437546,-0.046576263541452785,-0.012949615672207792,-0.0014106039783514472,-0.01009350326173857,0.04387610706656756,0.02791280184975023,0.014574665070866863,-0.012003937927126547,-0.004166124881066264,0.0015297706513871447,-0.006780840880509089,-0.05646321040684314,0.042914442659556976,-0.029652463126954142,0.03583808513865063,0.024000725506715576,-0.018742288731851447,0.008562827133774,-0.0027622696797166045,0.012295094292424084,-0.02294897940929103,-0.02385686707668729,-0.0019387155912664429,-0.013793162034806196,0.07856364382126581,-0.007245147669398868,-0.017790803050256924,-0.018332187989111473,0.0019493400494840043,-0.0279164214835082,-0.018805475616476636,-0.03841625718699895
3.522980262545753,0.6405845222482885,0.8801191362620998,2.0,107.0,118.0,103.0,101.0,67.0,53.0,24.0,25.0,1.0,4.0,4.0,134.0,109.0,127.0,116.0,116.0,120.0,104.0,119.0,110.0,109.0,110.0,105.0,0.15270935960591134,0.37766830870279144,0.4696223316912972,0.2704858593183466,0.32704858593183467,0.4024655547498187,0.010424422933730455,0.006701414743112435,0.012658227848101266,0.014892032762472078,0.01712583767684289,0.01563663440059568,0.0014892032762472078,0.008190618019359643,0.0052122114668652275,0.0037230081906180195,0.0387192851824274,0.011913626209977662,0.034996276991809384,0.005956813104988831,0.01563663440059568,0.02531645569620253,0.01563663440059568,0.0037230081906180195,0.010424422933730455,0.005956813104988831,0.0029784065524944155,0.027550260610573342,0.0007446016381236039,0.024571854058078928,0.011913626209977662,0.012658227848101266,0.023827252419955324,0.039463886820551006,0.004467609828741623,0.03425167535368578,0.022338049143708117,0.012658227848101266,0.09307520476545049,0.0037230081906180195,0.05286671630677588,0.02308265078183172,0.029784065524944156,0.06775874906924795,0.0759493670886076,0.012658227848101266,0.03350707371556218,0.023827252419955324,0.012658227848101266,0.04616530156366344,0.0029784065524944155,0.016381236038719285,0.0029784065524944155,0.00967982129560685,0.008190618019359643,0.0029784065524944155,1.0,0.020881151071299873,0.04389781668925022,0.007116719211031797,-0.00913652239974545,-0.013569709180646762,0.0410114160590675,-0.015950765413471697,0.062163178986998774,0.06135669481855653,-0.018141245232020098,0.01413738585486938,0.008799065810632221,-0.04333371333094152,0.028022529038430125,0.005879556173944142,-0.017231975272602652,-0.0008959618005680312,0.023314914838612824,0.00427096216579949,0.01915001189059591,0.01566659067562997,-0.015719006697149113,0.015634383043429657,0.019252177684182064,-0.014075281756080783,-0.028378705737307622,-0.010565525655467175,0.0063526536938751255,0.016165920783381693,0.0005495624935529583,-0.02723515674392978,0.06408873190060889,0.06911481800585892,-0.001977256209176446,-0.010547225675831795,-0.0030161712095203848,-0.05189838351433501,0.016003563283656336,-0.03364429338072314,5.854029479723663e-05,1.0,0.020896710796390258,0.04354562961803009,0.005356500207996636,-0.01135314766002574,-0.013794637234838569,0.04271216482762822,-0.016438973308456555,0.05984455005139179,0.060243490481635416,-0.02536076141167958,0.009986195455808575,0.008830036092819333,-0.041120937806941475,0.02551943249990705,0.0054659672220052575,-0.019342036786338133,-0.01057019232829105,0.023863245976477567,0.009620577138795685,0.010482235842831901,0.019523287800461635,-0.014438313687501862,0.009451906532178232,0.02299575874575474,-0.012392786156339956,-0.03703280684741701,-0.010569738400856147,0.011089753379022115,0.010184270128752365,-0.0022428243850157728,-0.025748388468690868,0.06328577098687158,0.07282587076199971,-0.003499340801922303,-0.01752844565551625,-0.001172223530190364,-0.04880471490380411,0.011148468186429972,-0.03409798027731556,-0.0012967919642870637
3.5325324375699076,0.641102240571518,0.8905435591958303,0.0,117.0,124.0,110.0,102.0,102.0,23.0,51.0,10.0,5.0,6.0,2.0,134.0,117.0,127.0,125.0,117.0,129.0,105.0,129.0,117.0,121.0,124.0,117.0,0.23466257668711657,0.348159509202454,0.4171779141104294,0.26812585499316005,0.3283173734610123,0.40355677154582764,0.018615040953090096,0.008190618019359643,0.016381236038719285,0.02308265078183172,0.016381236038719285,0.010424422933730455,0.0014892032762472078,0.008190618019359643,0.005956813104988831,0.0029784065524944155,0.040208488458674606,0.008935219657483246,0.04095309009679821,0.0037230081906180195,0.01340282948622487,0.02084884586746091,0.018615040953090096,0.0014892032762472078,0.006701414743112435,0.0029784065524944155,0.0037230081906180195,0.029784065524944156,0.004467609828741623,0.03127326880119136,0.01563663440059568,0.010424422933730455,0.03127326880119136,0.04318689501116903,0.004467609828741623,0.03350707371556218,0.024571854058078928,0.011913626209977662,0.09381980640357408,0.005956813104988831,0.05584512285927029,0.026061057334326135,0.03052866716306776,0.058078927773641105,0.0573343261355175,0.012658227848101266,0.03127326880119136,0.026061057334326135,0.011169024571854059,0.0379746835443038,0.0022338049143708115,0.016381236038719285,0.0029784065524944155,0.008190618019359643,0.00967982129560685,0.0,1.0,0.023908387559130936,0.0010680761012973959,0.016888832843240737,0.0016888892621134703,0.01568319765603067,0.012942410528410879,-0.0074426665890524905,0.013048017503029133,0.061493131206690636,0.028874778977211905,0.04887335173984012,-0.035816023599874736,-0.01105679778715222,-0.009053944903848107,-0.04094554572792972,0.0042326832666380884,0.034086617853933555,-0.007772308132954032,0.03700612877149962,0.002374058655687168,-0.044409296678012015,-0.021500832153221752,0.06642282685556979,-0.001368473435582382,0.026580473667503247,0.02446727737769006,-0.01394275648105454,-0.030754513558895188,-0.004133062146130989,-0.014930044947134296,-0.015155845739669558,0.018929612304465458,0.030703484068247713,0.023067624831050584,0.01613588071499049,0.0305257336713853,-0.049632042708103695,-0.035608594898882344,0.015057015622552652,-0.030057826592817912,1.0,0.02392620304911538,0.0004974906587031693,0.016898838356802736,0.0008856230153554221,0.01567397515678464,0.011976917854910604,-0.008136949161552443,0.012979483840844996,0.060925579836255316,0.026330859291272837,0.04747488659190333,-0.040426917315567495,-0.010690084340272755,-0.012729206664755957,-0.04223460585664595,0.00530037601865197,0.03392830870563427,-0.010340426825861143,0.03397526118649864,-0.0048740175552940464,-0.04251447963502334,-0.022034954627127918,0.07544104277023587,0.001895723504511652,0.029084925263634664,0.022936430868404713,-0.02008953905750259,-0.04345480228692068,-0.0038848617751400883,-0.014249235898636334,-0.007345314916613039,0.022342102881942015,0.028495398017457766,0.011684639756028667,0.015295271700617773,0.02366857317535497,-0.049605492874201663,-0.023007765107960248,0.022252392535149657,-0.031561573068964094
3.494927173706359,0.5907767540794353,0.889054355919583,0.0,111.0,126.0,120.0,96.0,83.0,39.0,38.0,24.0,20.0,0.0,6.0,134.0,115.0,131.0,125.0,125.0,130.0,103.0,129.0,115.0,123.0,125.0,115.0,0.18250377073906485,0.39215686274509803,0.4253393665158371,0.2673469387755102,0.33197278911564626,0.40068027210884355,0.01563663440059568,0.00967982129560685,0.017870439314966492,0.008935219657483246,0.014892032762472078,0.01563663440059568,0.0,0.005956813104988831,0.0022338049143708115,0.0022338049143708115,0.029784065524944156,0.01340282948622487,0.03723008190618019,0.008935219657483246,0.021593447505584513,0.020104244229337303,0.020104244229337303,0.0029784065524944155,0.012658227848101266,0.005956813104988831,0.0037230081906180195,0.029039463886820552,0.0029784065524944155,0.028294862248696945,0.01712583767684289,0.00967982129560685,0.03201787043931496,0.045420699925539834,0.0052122114668652275,0.03723008190618019,0.02308265078183172,0.006701414743112435,0.10424422933730454,0.0037230081906180195,0.04616530156366344,0.028294862248696945,0.0387192851824274,0.06775874906924795,0.058078927773641105,0.010424422933730455,0.028294862248696945,0.020104244229337303,0.007446016381236039,0.04690990320178704,0.0,0.017870439314966492,0.0037230081906180195,0.004467609828741623,0.0052122114668652275,0.0022338049143708115,1.0,-0.02320070502795729,0.04634719532604097,0.049419906570603966,-0.0031376108814044797,0.002711411604881028,-0.0003518101522760651,0.00791515700023213,-0.028047731993710086,-0.022644641308559067,-0.04844045785460449,0.001559848887256223,-0.04038165425149135,-0.029198788735853624,0.005601261872884546,-0.024718466205677733,-0.025080917047299107,-0.09563654533385312,-0.023264043707705892,0.013101129726641717,-0.029528821173829475,0.02293979045171181,0.018215965402984365,0.03301813214830581,-0.053818331543365745,-0.00901190905866269,0.011461157265362813,-0.008081819070077403,-0.06106636327696188,0.029640037206014543,0.006532244874940676,0.01339547471695821,0.02043066522832164,0.018186288443912544,0.021917712315702328,0.00020689386508481816,0.0061914368145732515,-0.0237496497558569,-0.025548153097519677,0.0247550213927339,-0.02469776530964275,1.0,-0.02321799318371582,0.04590198807612735,0.05176143114228371,-0.002929693619061397,-0.002171163811481683,-0.002629452453563595,0.00821081923161099,-0.02787423474818965,-0.02492629451170115,-0.04845910136432536,0.004312052402345609,-0.03412211941946064,-0.027129027491179646,0.007000696667585821,-0.017926623816616315,-0.025162973910157132,-0.09867735460760296,-0.028393589425397374,0.02160406349436979,-0.021684750867863905,0.01861330457424139,0.015936789667092454,0.033397205513064146,-0.05955541137829647,-0.028413726937080615,0.0038887943011510725,-0.010351260712884362,-0.07047013694578373,0.019467606070176984,0.007931118423554154,0.025041792433775613,0.012772748401641127,0.010723130537768532,0.007841407823036961,-0.0052273431769631375,-0.0020508123450937803,-0.03684060634298041,-0.027854947321512207,0.03682782114508601,-0.020264661570918125
3.4553563104355836,0.6372769735232338,0.8786299329858526,6.0,113.0,128.0,121.0,101.0,89.0,43.0,34.0,22.0,26.0,16.0,1.0,134.0,113.0,129.0,125.0,117.0,130.0,113.0,127.0,113.0,119.0,122.0,117.0,0.18428571428571427,0.38571428571428573,0.43,0.26799177518848527,0.32488005483207677,0.40712816997943796,0.008935219657483246,0.004467609828741623,0.014892032762472078,0.01340282948622487,0.014892032762472078,0.011169024571854059,0.0007446016381236039,0.011169024571854059,0.007446016381236039,0.0029784065524944155,0.0387192851824274,0.008935219657483246,0.03201787043931496,0.006701414743112435,0.01712583767684289,0.020104244229337303,0.016381236038719285,0.0037230081906180195,0.0037230081906180195,0.0029784065524944155,0.0022338049143708115,0.022338049143708117,0.0014892032762472078,0.03201787043931496,0.008190618019359643,0.011169024571854059,0.028294862248696945,0.04765450483991065,0.005956813104988831,0.03276247207743857,0.035740878629932984,0.008935219657483246,0.11392405063291139,0.0029784065524944155,0.05137751303052867,0.024571854058078928,0.04318689501116903,0.054355919583023084,0.07892777364110201,0.011169024571854059,0.02308265078183172,0.021593447505584513,0.007446016381236039,0.04690990320178704,0.0029784065524944155,0.0193596425912137,0.0022338049143708115,0.008935219657483246,0.007446016381236039,0.0022338049143708115,1.0,0.04303219291925179,-0.0013404163325752927,0.017455805474247712,0.06204138611882377,0.020907851171360063,0.012014785851904294,-0.014683456932794445,-0.03362224468797619,-0.021516276385472554,0.007613631228730684,-0.04306183191691106,-0.03121628266355566,0.002497777699348435,0.025966334607214397,0.012383374324982408,0.04453134637390643,-0.012768439279061983,0.004943104138670513,-0.019892957570646096,0.018319681684392485,0.03849763066807249,-0.019409579947826952,-0.013631907869902406,0.00038191867491126687,-0.01602458000208344,-0.04591723293228592,0.04204984208723044,-0.009969591525174085,0.0034702678138131184,-0.01412823745710437,0.023449356536891997,-0.04258080489426841,0.004347907731298427,0.049790163974001114,-0.01399525071914815,-0.004148866557205486,0.015558745946031126,0.006641748310962703,-0.01604465646145035,-0.0024224999892791597,1.0,0.04306425863677731,-0.0032028856827913247,0.017723861741609028,0.06083383515654209,0.015920383872888955,0.010645978785813737,-0.01769309611746168,-0.036997034595534,-0.021654439560116197,0.008027503086729218,-0.04182259299601257,-0.022690097524606788,0.008616323702202604,0.027675708484898705,0.01594914542674672,0.047524292993123336,-0.01733855111278052,0.002088664302496566,-0.028723518561198595,0.010401545880185324,0.03829856992200193,-0.02219558594323901,-0.008463804177808452,0.0015242510855153022,-0.01738392336888459,-0.044181055668362536,0.052315398611488616,-0.011903159032523529,0.010022253746754844,-0.015059870541013334,0.01958768518076979,-0.04432395748428273,0.008461055129445881,0.04654860263545924,-0.018960690404565498,0.0009627647600622982,0.007297491415507288,0.005901563823803469,-0.014586677212052718,0.0010038497851493744
3.519641777702274,0.6289170328028292,0.892777364110201,18.0,110.0,124.0,125.0,89.0,85.0,31.0,36.0,6.0,17.0,21.0,2.0,134.0,109.0,127.0,126.0,115.0,130.0,108.0,127.0,115.0,123.0,121.0,111.0,0.20933734939759036,0.3569277108433735,0.43373493975903615,0.27040110650069155,0.3312586445366528,0.3983402489626556,0.016381236038719285,0.004467609828741623,0.014147431124348473,0.010424422933730455,0.0193596425912137,0.01340282948622487,0.0,0.014892032762472078,0.0037230081906180195,0.0014892032762472078,0.04169769173492182,0.01563663440059568,0.024571854058078928,0.006701414743112435,0.027550260610573342,0.02308265078183172,0.01563663440059568,0.0037230081906180195,0.008190618019359643,0.0029784065524944155,0.0037230081906180195,0.021593447505584513,0.0037230081906180195,0.029039463886820552,0.016381236038719285,0.014147431124348473,0.028294862248696945,0.03648548026805659,0.004467609828741623,0.03723008190618019,0.026061057334326135,0.0193596425912137,0.10349962769918093,0.004467609828741623,0.054355919583023084,0.018615040953090096,0.034996276991809384,0.06775874906924795,0.06478034251675353,0.016381236038719285,0.024571854058078928,0.014892032762472078,0.00967982129560685,0.03350707371556218,0.0052122114668652275,0.021593447505584513,0.0014892032762472078,0.006701414743112435,0.007446016381236039,0.0014892032762472078,1.0,-0.011707570223584094,0.016644821571303633,-0.02313563165452363,-0.037079153126899515,0.0421161118013008,0.012627948190963308,-0.027419280228060047,-0.014239508598842012,-0.009696586890283517,-0.048998031949593235,0.001132375516135466,0.016564896522077266,0.017938673805635186,0.027638897514440784,0.027795114616485494,-0.029270064882934824,-0.006753006404140344,0.01052890820641235,0.032565486705887124,0.022840712888189698,-0.04109503169563204,-0.016366598809093205,0.022540506215720308,-0.01529389726930533,-0.009751830574511225,0.013783567275657644,-0.031087485029311065,0.005568412373098274,-0.029875660688493653,0.011005969397533299,0.03874536332406819,-0.024307974748025547,-0.006930811954437917,-0.021739199822337678,0.015039216873043944,-0.01741063245777304,0.005707798392798605,-0.033835136480678554,-0.0023129312549711118,0.0025009834243797297,1.0,-0.01171629419543475,0.01653464424939973,-0.022810992777380492,-0.038022247877078114,0.042260599983437126,0.014414288818038346,-0.030626993875488596,-0.014927349821373823,-0.005185994075095917,-0.051431219410267355,-0.0037837833045591194,0.019613010295062933,0.01766091216524195,0.02414000116157775,0.0328925409431543,-0.027197897160437225,-0.011035312032199563,0.011535983346798166,0.03231013691695535,0.01688785283399198,-0.0389519502976137,-0.010080718527325285,0.028495236180051592,-0.016811274576072552,-0.015408160536536373,0.0162132367816648,-0.028634997142590792,-0.0005433818715424572,-0.027498070900529293,0.014777450540706538,0.03481384960131933,-0.028714204531298092,-0.00981698244719106,-0.020195910890819707,0.017173535044928967,-0.018993790715468445,-0.0002638091425430594,-0.035460555261743264,-0.0012936912719975259,0.005706890198487856
3.4837734406017007,0.6342306727334219,0.8868205510052122,1.0,109.0,124.0,120.0,97.0,114.0,21.0,56.0,15.0,22.0,8.0,2.0,134.0,113.0,127.0,125.0,124.0,128.0,109.0,129.0,117.0,121.0,119.0,117.0,0.24818577648766327,0.3686502177068215,0.38316400580551524,0.2672590567327409,0.33287764866712233,0.3998632946001367,0.01340282948622487,0.008935219657483246,0.014892032762472078,0.017870439314966492,0.010424422933730455,0.01712583767684289,0.0007446016381236039,0.006701414743112435,0.004467609828741623,0.0022338049143708115,0.045420699925539834,0.011169024571854059,0.039463886820551006,0.0052122114668652275,0.018615040953090096,0.021593447505584513,0.0193596425912137,0.0022338049143708115,0.007446016381236039,0.0052122114668652275,0.0014892032762472078,0.02084884586746091,0.004467609828741623,0.02084884586746091,0.011169024571854059,0.011169024571854059,0.02531645569620253,0.049143708116157855,0.0037230081906180195,0.02680565897244974,0.028294862248696945,0.011169024571854059,0.11317944899478778,0.0022338049143708115,0.054355919583023084,0.02531645569620253,0.03052866716306776,0.06329113924050633,0.06626954579300075,0.01340282948622487,0.03201787043931496,0.01340282948622487,0.011169024571854059,0.04095309009679821,0.0029784065524944155,0.021593447505584513,0.004467609828741623,0.006701414743112435,0.008935219657483246,0.0022338049143708115,1.0,-0.0019334713937130198,-0.01520043506209301,0.007855810647247276,-0.00893667576069273,0.02322833064343562,-0.0037984909995768985,0.00040319323827907056,-0.03940291019527379,0.004415319192071954,0.04443170306767036,-0.04443816484581916,-0.04748449363388953,-0.0035060599053415987,-0.0045187576917936866,0.028289067714235984,0.013954952655080972,0.014222994437962988,-0.005049332490803716,0.014310981310544153,0.020328217895283798,0.028154411990327827,-0.017679046297064672,-0.03426881265277098,-0.00530010664569699,0.06887310186850673,0.017304378060255848,0.015751969061785605,0.0021900075232414063,-0.008137079547415415,0.03860418861947127,0.010234925916511949,0.0242483475570502,-0.04327632654654838,-0.07914568821608065,0.018209518440509914,0.0032305563277952387,-0.018259293939355558,0.023800555961170942,-0.039438445834908936,-0.007258145397218159,1.0,-0.001934912132456472,-0.01522690625321611,0.007815873104862954,-0.00916800701298252,0.023530042282454283,-0.00407991557084127,0.001259987147644145,-0.040255080633327785,0.004857746190252882,0.043002502650024824,-0.04384263366482958,-0.04783273228388249,-0.003686196045970942,-0.004841531626435903,0.02668585151589332,0.0141014834889812,0.017436271188723297,-0.0019534680521009324,0.011707106805023437,0.014212845410151402,0.03329587114866647,-0.016686059409446393,-0.03613138761702292,-0.00837134502252287,0.06836859245271538,0.017552999745041018,0.021947075117902216,0.007035737514658813,-0.004172420048494388,0.0344127863850855,0.008113555740866115,0.030317247233759708,-0.03613123633290604,-0.08650762228413512,0.005600066848177944,0.0051803833489243055,-0.0132445095791753,0.03224193848326046,-0.033845156724051494,-0.013054347662314506
3.517704790230527,0.6378610609292865,0.8875651526433358,6.0,109.0,125.0,115.0,104.0,74.0,26.0,63.0,13.0,10.0,6.0,1.0,134.0,110.0,127.0,123.0,125.0,125.0,95.0,129.0,113.0,123.0,122.0,120.0,0.21932515337423314,0.37116564417177916,0.40950920245398775,0.26832641770401106,0.334716459197787,0.3969571230982019,0.018615040953090096,0.007446016381236039,0.01712583767684289,0.011169024571854059,0.018615040953090096,0.017870439314966492,0.0007446016381236039,0.010424422933730455,0.004467609828741623,0.0022338049143708115,0.04318689501116903,0.012658227848101266,0.035740878629932984,0.00967982129560685,0.016381236038719285,0.02680565897244974,0.011913626209977662,0.0022338049143708115,0.008190618019359643,0.006701414743112435,0.0014892032762472078,0.021593447505584513,0.0029784065524944155,0.03276247207743857,0.016381236038719285,0.011913626209977662,0.02680565897244974,0.04095309009679821,0.004467609828741623,0.03052866716306776,0.026061057334326135,0.00967982129560685,0.10275502606105734,0.0029784065524944155,0.05063291139240506,0.018615040953090096,0.035740878629932984,0.054355919583023084,0.07073715562174236,0.008935219657483246,0.03648548026805659,0.01712583767684289,0.008190618019359643,0.0387192851824274,0.005956813104988831,0.02084884586746091,0.0029784065524944155,0.006701414743112435,0.00967982129560685,0.0007446016381236039,1.0,-0.043222490163001094,-0.02294705212658987,0.04346323620364532,-0.05639511546101421,0.03459253047448117,-0.033926109716148185,0.006580906806839317,0.04402572888853781,-0.01700425800340476,-0.004322202127706619,-0.056762476703459464,0.00496050768983113,0.04757545103165735,-0.03346349166632445,0.00041997535864497125,-0.010521555807233731,-0.004398099470561578,0.014661995796651896,-0.060344528092314866,-0.0021362433997204806,-0.0031769348356544343,-0.017341076928760583,-0.038733907745108126,-0.05669567822938848,0.017828125916628967,0.03827594677375079,0.036195612901556956,-0.037943625808838206,0.004135976719986311,0.0017970047091708952,-0.00860662082046869,0.00876045536218194,0.009219273772337394,-0.00954978263684119,0.0031298617937533394,0.011015470988630151,-0.04769372579778358,0.04192373646177269,0.04608785530722723,-0.03240983041956928,1.0,-0.04325469768175149,-0.024898829724871983,0.04156824681292711,-0.05363537896249029,0.03226742615233625,-0.036000425886572165,0.010179258304546584,0.03772445287145144,-0.007070174022858476,-0.008849984652076232,-0.05925492633999574,0.003942984114223183,0.043354008591995015,-0.02275691139183213,-0.007287921535025459,-0.014446010785809055,-0.0013207162376859746,0.010825409436181717,-0.051567761550698636,-0.011340020662741736,-0.01162421163489906,-0.013006908260669591,-0.04663001463183294,-0.05389953553140398,0.005221946782801439,0.03771985004335484,0.04810936699402672,-0.04141441949824401,0.0024716857109706655,-0.008407562178566048,0.0006844702727798756,0.011835220441273454,0.007068276533377995,-0.02132328420591322,-0.005963371099143247,0.020654943663750116,-0.040702022514895714,0.03586343086137229,0.040391010102866824,-0.027859594046120994
3.488246951129236,0.6453970193275651,0.8808637379002234,8.0,105.0,124.0,112.0,89.0,81.0,37.0,39.0,8.0,25.0,6.0,0.0,134.0,106.0,130.0,116.0,115.0,120.0,95.0,116.0,109.0,111.0,111.0,101.0,0.20189274447949526,0.36908517350157727,0.42902208201892744,0.27126099706744866,0.33064516129032256,0.3980938416422287,0.02308265078183172,0.008190618019359643,0.00967982129560685,0.018615040953090096,0.016381236038719285,0.014892032762472078,0.0007446016381236039,0.007446016381236039,0.006701414743112435,0.0037230081906180195,0.04393149664929263,0.006701414743112435,0.03648548026805659,0.0052122114668652275,0.018615040953090096,0.027550260610573342,0.01340282948622487,0.0052122114668652275,0.010424422933730455,0.0029784065524944155,0.0029784065524944155,0.029039463886820552,0.0007446016381236039,0.02531645569620253,0.014147431124348473,0.011169024571854059,0.028294862248696945,0.04318689501116903,0.0029784065524944155,0.03648548026805659,0.026061057334326135,0.00967982129560685,0.10126582278481013,0.0014892032762472078,0.054355919583023084,0.03052866716306776,0.023827252419955324,0.06329113924050633,0.06478034251675353,0.011169024571854059,0.03127326880119136,0.016381236038719285,0.007446016381236039,0.04690990320178704,0.0037230081906180195,0.016381236038719285,0.0014892032762472078,0.005956813104988831,0.008190618019359643,0.0014892032762472078,1.0,-0.046703812463912364,-0.001702850873271817,0.05913434331534156,-0.01798586245405401,-0.0036298380569698284,-0.0002841506654369742,0.030633764039893884,-0.005715286135246728,-0.047962002097173585,-0.041559073620643885,-0.004532849873647379,-0.03996434294601272,0.024399699035318186,0.033010731052517735,-0.01235063177098409,-0.005699566558988475,-0.012687457121671226,0.0071273538561843,0.029463526577684893,0.047342922245798835,0.01435529729167537,-0.038046042095005145,-0.004285584542220802,-0.0010009693913639094,-0.02745629355367675,0.06062653636415379,0.006097110993928684,0.003726400972042012,-0.0045881624993522295,-0.023317078373812337,0.006650033551146116,0.00012208565659165246,-0.023331647668966702,0.010731250003163424,-0.019334404519018758,0.004529814600877038,0.020766185398351966,-0.029379127402008806,-0.0028441654666746005,-0.009705663745016047,1.0,-0.04673861411254419,-0.003898404652981484,0.05913458540695123,-0.012582036182225876,-0.004921810002308736,-0.004214568752866846,0.03258381351519083,-0.002584719283779964,-0.04889620274669,-0.050611757708148124,-0.007379307636233133,-0.035277149245305145,0.02518591386538956,0.033880411269303135,-0.005152896974981726,-0.007872478030552925,-0.014705079164877396,0.005825685537468796,0.0296382591535505,0.048193001513645195,0.012017421836274291,-0.04191006643934711,-0.008174425450554244,0.0006612688219901697,-0.02231121612925087,0.058255293671639015,0.006188820221216362,0.008807321943163606,-0.0024450110306130945,-0.016434644600377264,0.005647008889788242,0.0008305946981414117,-0.03072104508628889,-0.0016227532886226314,-0.014935181561623484,0.01726111895158192,0.024192239073928416,-0.02312821665909365,-0.014937406722807042,-0.02073095794657589
3.5159681583371993,0.6473559482719027,0.8816083395383469,7.0,112.0,120.0,121.0,93.0,80.0,34.0,26.0,18.0,13.0,7.0,4.0,134.0,113.0,124.0,124.0,120.0,126.0,105.0,122.0,115.0,113.0,116.0,113.0,0.17795275590551182,0.3858267716535433,0.43622047244094486,0.2680701754385965,0.3312280701754386,0.4007017543859649,0.011169024571854059,0.0052122114668652275,0.020104244229337303,0.02308265078183172,0.022338049143708117,0.007446016381236039,0.0052122114668652275,0.008935219657483246,0.006701414743112435,0.0007446016381236039,0.03723008190618019,0.006701414743112435,0.03723008190618019,0.008190618019359643,0.020104244229337303,0.020104244229337303,0.02084884586746091,0.007446016381236039,0.007446016381236039,0.0029784065524944155,0.006701414743112435,0.02308265078183172,0.0022338049143708115,0.029784065524944156,0.007446016381236039,0.008935219657483246,0.022338049143708117,0.04244229337304542,0.0052122114668652275,0.0379746835443038,0.029784065524944156,0.008935219657483246,0.11020104244229337,0.005956813104988831,0.04616530156366344,0.014892032762472078,0.035740878629932984,0.05956813104988831,0.0573343261355175,0.011913626209977662,0.040208488458674606,0.02084884586746091,0.0052122114668652275,0.044676098287416234,0.0037230081906180195,0.016381236038719285,0.0029784065524944155,0.0052122114668652275,0.011169024571854059,0.0037230081906180195,1.0,-0.020045934709141584,0.02093752941319331,-0.04790726406254269,-0.01182340708406211,-0.019523491945906794,0.022406125556719354,0.006252976756493214,0.02425934738982697,0.017927125071887106,0.021830901022823333,0.020195232970746543,-0.016431909580550574,-0.01767895535060466,0.004646213364211131,-0.01143733583768406,0.06615376265913446,-0.04117688574042043,0.003051858589685928,-0.0021500895664672225,0.015990997248224847,0.017367269743124858,-0.029478936193871368,-0.021808538785101556,-0.011571853694845176,-0.035203240613026425,-0.00433709342963311,0.01809439332179729,0.013973637595827369,0.022188077055543612,-0.014358276931247232,0.05400131873529426,-0.04118096678430392,-0.011334409857769167,-0.0343791732227286,0.03424096592150108,0.00572994113541016,-0.03617120748282101,-0.028140565936066564,-0.01326851731018465,0.008847049724169557,1.0,-0.02006087206734513,0.02057459757745347,-0.04722876919863437,-0.014158125309821341,-0.01821660860343997,0.020096485715821396,0.006638476109325978,0.021947873392673227,0.020286867670151,0.02278788096586951,0.023772496533202472,-0.01441508015244752,-0.016264452915957916,0.006896760667387448,-0.012006654236321017,0.06364524120438543,-0.04171140546130323,-0.0034831256263455432,0.004413459190420536,0.013221271077922881,0.02048741123028699,-0.03387065662576889,-0.020261844546827102,-0.011043198807930019,-0.038709977709741474,-0.008925257792824402,0.014371793897539974,0.014980970724257477,0.021845882245774564,-0.015822024055488687,0.060829615324863195,-0.03929313524648839,-0.0051049108119928365,-0.02907580245241803,0.030760398420072933,0.007651213068994163,-0.05186048360910082,-0.02562616864353962,-0.015183403858589777,0.008120105073736712
3.491028602556444,0.6442316704581538,0.8808637379002234,6.0,115.0,124.0,110.0,105.0,77.0,40.0,39.0,10.0,12.0,2.0,1.0,132.0,115.0,128.0,118.0,118.0,124.0,117.0,122.0,120.0,120.0,121.0,117.0,0.19032761310452417,0.36973478939157567,0.43993759750390016,0.2603305785123967,0.3278236914600551,0.4118457300275482,0.014147431124348473,0.008935219657483246,0.02308265078183172,0.01340282948622487,0.01712583767684289,0.011169024571854059,0.0029784065524944155,0.0037230081906180195,0.006701414743112435,0.0022338049143708115,0.04244229337304542,0.008190618019359643,0.03425167535368578,0.005956813104988831,0.02084884586746091,0.02308265078183172,0.022338049143708117,0.0037230081906180195,0.0052122114668652275,0.004467609828741623,0.0029784065524944155,0.024571854058078928,0.0029784065524944155,0.023827252419955324,0.010424422933730455,0.014147431124348473,0.020104244229337303,0.04244229337304542,0.0037230081906180195,0.03350707371556218,0.02680565897244974,0.014147431124348473,0.11988086373790022,0.0037230081906180195,0.045420699925539834,0.020104244229337303,0.03276247207743857,0.07148175725986597,0.05286671630677588,0.008935219657483246,0.03350707371556218,0.017870439314966492,0.011169024571854059,0.045420699925539834,0.0037230081906180195,0.017870439314966492,0.0022338049143708115,0.011169024571854059,0.007446016381236039,0.0007446016381236039,1.0,-0.020097446790585127,0.014909757117460358,0.028803090911591427,0.005999965505441691,0.03123743564373728,0.0013372493822699017,0.021540356054699183,0.009160319525262313,0.04285546445797433,-0.004717344466730872,0.010186552694841219,0.013804441920931932,-0.007271807979595865,0.0385056890613225,-0.010594952670729463,0.0191844510143579,-0.02881403956375411,-0.00020974517848219753,0.0006619061586159457,0.03846959266075443,-0.03395077035106825,-0.024128580851418575,0.028746841053278144,-0.022883831286692528,-0.004500222404808673,-0.010423873356038968,0.0271219029960789,0.03575044024510182,0.030610020187684016,0.027887263403722176,-0.0018825269320230386,0.030937536361280823,0.017436294257201255,-0.030342628364787252,0.017680311079180087,0.01955795723062081,0.026091716080389266,-0.0024853698133416487,0.024880942041048595,0.02790877417132187,1.0,-0.020112422533350088,0.01453336323560417,0.0294739759567801,0.006979828534290741,0.030789247111885135,0.0015744032361747057,0.020467351666522103,0.008220814240511921,0.042536910698464894,-0.005408465139109238,0.008087029037433222,0.010646948026287996,-0.007912541987483557,0.034909694781809615,-0.009994736934440534,0.016057303749644293,-0.031717179106862066,-0.0033533978603710983,-0.0020036828702681116,0.04075446579893611,-0.03611094220178011,-0.024856408151184506,0.023318172629317693,-0.018121642726221788,-0.008011528228176416,-0.007750098919214108,0.029126265932541636,0.03636524839826451,0.03442180162585752,0.02907145490613134,0.0007141148618506759,0.02463882410257532,0.020568625441849765,-0.0383345119117805,0.014395218558978934,0.016833612087529717,0.024419203541388646,-0.00631400900462546,0.018918755461115332,0.02696445180623225
3.4903257801380616,0.6033639313638111,0.8756515264333582,3.0,111.0,127.0,124.0,98.0,75.0,25.0,45.0,9.0,8.0,4.0,1.0,134.0,118.0,131.0,127.0,126.0,130.0,90.0,129.0,124.0,125.0,125.0,113.0,0.19523809523809524,0.37936507936507935,0.4253968253968254,0.2669836956521739,0.34103260869565216,0.3919836956521739,0.011169024571854059,0.008190618019359643,0.011913626209977662,0.014147431124348473,0.01563663440059568,0.018615040953090096,0.0014892032762472078,0.00967982129560685,0.0029784065524944155,0.0037230081906180195,0.040208488458674606,0.010424422933730455,0.04169769173492182,0.0014892032762472078,0.017870439314966492,0.02680565897244974,0.010424422933730455,0.004467609828741623,0.011913626209977662,0.0022338049143708115,0.0022338049143708115,0.029039463886820552,0.0029784065524944155,0.028294862248696945,0.014892032762472078,0.017870439314966492,0.026061057334326135,0.039463886820551006,0.0037230081906180195,0.039463886820551006,0.024571854058078928,0.011913626209977662,0.10201042442293373,0.0014892032762472078,0.05212211466865227,0.023827252419955324,0.03723008190618019,0.058078927773641105,0.06850335070737155,0.006701414743112435,0.0379746835443038,0.017870439314966492,0.010424422933730455,0.0379746835443038,0.004467609828741623,0.014892032762472078,0.0007446016381236039,0.010424422933730455,0.008935219657483246,0.0007446016381236039,1.0,0.017992853343995172,-0.0318272298881057,-0.01833961326246873,-0.048178377611255395,0.0013215387325699996,0.0016862784419351274,0.02587578784295643,0.03697492454725484,-0.0005122558147143476,-0.03420371796663803,-0.003526612403629908,-0.02812923860972653,-0.008395410662250172,0.014777634075703035,-0.008857144058882603,0.004919793536292663,-0.022625138925593383,-0.02286100428683182,-0.02922259056204151,0.0054081186602491,0.04037064735969386,0.010775376068659021,-0.004153247106403932,-0.025221871787596977,-0.01767258165578787,0.06479043787256096,0.02353841223356273,-0.017888431426613234,0.02664644715444782,-0.04278988700876983,-0.033994169417250246,0.04214913672419324,0.014774532448298634,0.04071003486127726,0.037882246579876766,0.0730465171227294,0.042519161515019964,-0.03000668656521344,-0.010569998826632305,0.03608212563363038,1.0,0.018006260835309623,-0.0322093663173776,-0.01723172945852118,-0.04877791853791117,0.0019072151594015018,-0.0018406833244188686,0.024533748273298697,0.03417563358770643,0.00011558360196913045,-0.03144501274801635,0.001086719055858115,-0.027414411638464076,-0.008917407947924118,0.009736337337448412,-0.012561796156928411,0.002063681440390174,-0.02253137106142068,-0.01917858389619614,-0.030260194918395128,0.006053967306339533,0.03634962304846745,0.005353124944705844,-0.004498459534155379,-0.02258418944327921,-0.012781842031214907,0.06973884357193061,0.020118471518230163,-0.02127204923436911,0.024387176874143757,-0.04163862679385819,-0.028862387314566897,0.044222926642656285,0.013523788052814551,0.032715595878574505,0.03513474709360551,0.08393793378809496,0.04643775890096502,-0.01496784093611934,0.004975424687038835,0.03932444932882216
3.456123418173073,0.6499904611448386,0.8763961280714817,12.0,96.0,114.0,105.0,92.0,72.0,22.0,46.0,17.0,21.0,10.0,7.0,134.0,99.0,123.0,121.0,114.0,126.0,53.0,123.0,99.0,104.0,119.0,101.0,0.21172638436482086,0.38273615635179153,0.40553745928338764,0.29103343465045595,0.33282674772036475,0.3761398176291793,0.01340282948622487,0.006701414743112435,0.011913626209977662,0.012658227848101266,0.016381236038719285,0.008190618019359643,0.0007446016381236039,0.008190618019359643,0.0022338049143708115,0.0022338049143708115,0.03648548026805659,0.008190618019359643,0.044676098287416234,0.005956813104988831,0.0193596425912137,0.02084884586746091,0.024571854058078928,0.0014892032762472078,0.005956813104988831,0.0029784065524944155,0.0037230081906180195,0.028294862248696945,0.0007446016381236039,0.02680565897244974,0.011169024571854059,0.014892032762472078,0.026061057334326135,0.04318689501116903,0.007446016381236039,0.03648548026805659,0.02308265078183172,0.00967982129560685,0.10647803425167536,0.0037230081906180195,0.06403574087862993,0.024571854058078928,0.04244229337304542,0.05956813104988831,0.06701414743112435,0.008935219657483246,0.03276247207743857,0.01563663440059568,0.0052122114668652275,0.039463886820551006,0.0022338049143708115,0.02084884586746091,0.0037230081906180195,0.008935219657483246,0.00967982129560685,0.0,1.0,0.028142381841134417,-0.000421611004961183,0.008619710442045035,-0.005286188418061335,0.020352531860311197,-0.017246175055163813,0.030290640175813944,-0.007621951932057102,-0.03167506287168314,0.040463690500036543,0.007562910729605084,-0.053574204375050546,0.005176879899602661,0.04873727866749514,-0.005144112187207502,-0.028986245940547918,-0.015899409500173302,0.0051359031540346755,0.019601978184949426,-0.016291433914861854,0.013649639171148375,-0.0217740240652096,-0.020653044754829764,0.01890348805392699,0.012993654839664281,0.015107276827010097,0.045301490358093964,-0.024124476604272038,-0.01547005077226797,0.0094246906813039,-0.033689926373461625,0.014396692704508891,0.012030999232630415,0.009780179740718103,-0.0013587682747760042,-0.04806806735168951,0.007471258683209244,-0.016637675590816647,0.032876575971431996,0.010879552482032663,1.0,0.0281633523194065,-0.0012163790204470473,0.008692078950400705,-0.005796129240073546,0.020776866752847584,-0.018601523542504838,0.03167338948729895,-0.009939904376866367,-0.030788240969970265,0.041521677438397214,0.006391828220732119,-0.055884682299114585,0.009124677294799856,0.04967364985336539,-0.00991403167538302,-0.027037615246754725,-0.01539841917990099,0.004039112577787511,0.024457176852102133,-0.018747688439788187,0.00837577573470394,-0.017196891210247346,-0.015187792405048141,0.012308802706881793,0.012841530285064675,0.01896139215496804,0.0485645188764152,-0.033191967428783796,-0.018591074943052507,0.01710807578210061,-0.03455873465024776,0.011389075062857124,0.015328326250963272,0.006139581185970812,-0.003208704405967169,-0.042533980057953405,0.004270897066312674,-0.015126669213708734,0.04047179286908402,-0.0003058200694987602
3.4858030354722502,0.6322901964708169,0.8801191362620998,17.0,69.0,120.0,114.0,87.0,85.0,18.0,38.0,19.0,17.0,35.0,1.0,134.0,81.0,127.0,123.0,122.0,130.0,43.0,129.0,111.0,122.0,124.0,73.0,0.22580645161290322,0.38225806451612904,0.3919354838709677,0.2979529946929492,0.36239575435936316,0.33965125094768767,0.01563663440059568,0.006701414743112435,0.01340282948622487,0.010424422933730455,0.014892032762472078,0.016381236038719285,0.0007446016381236039,0.007446016381236039,0.004467609828741623,0.0029784065524944155,0.03425167535368578,0.0037230081906180195,0.04393149664929263,0.007446016381236039,0.021593447505584513,0.023827252419955324,0.012658227848101266,0.0022338049143708115,0.011169024571854059,0.004467609828741623,0.0037230081906180195,0.024571854058078928,0.004467609828741623,0.029039463886820552,0.014892032762472078,0.01340282948622487,0.02680565897244974,0.04244229337304542,0.0052122114668652275,0.04690990320178704,0.023827252419955324,0.008935219657483246,0.10573343261355175,0.0029784065524944155,0.058078927773641105,0.027550260610573342,0.03425167535368578,0.06403574087862993,0.05956813104988831,0.011169024571854059,0.028294862248696945,0.012658227848101266,0.005956813104988831,0.04393149664929263,0.0029784065524944155,0.017870439314966492,0.0029784065524944155,0.005956813104988831,0.012658227848101266,0.0007446016381236039,1.0,0.004031957654690862,-0.03662285786839217,-0.07856936239133928,0.011104102067968523,0.039112655754805985,-0.006712100570613845,-0.022402829402319493,-0.0023399864108565763,-0.012396783426410629,-0.022052686395160254,-0.04159538774942965,0.01248904372324817,0.004111991211756472,0.0005957363364431968,-0.02908231771236467,-0.04338006467130404,0.002622609770084847,0.012870433500598757,0.02399535380687033,-0.00443139553590953,-0.031087375852532635,-0.0726766671728614,0.0033192546793557078,-0.0018616184383855189,0.052387302205288915,0.0015997290122367056,-0.023803999848964058,-0.0005703472434218169,0.02174359885542597,-0.03452660008008496,0.032698508115277726,-0.0346321604614474,0.024432685001211495,0.021259206176277436,0.013956413129981072,0.0031717241391164656,-0.03418013417901961,0.03562162543922702,-0.00022108951160531304,0.008668049506987387,1.0,0.0040349620940758795,-0.03669435642587573,-0.07855082483996792,0.010300343625972931,0.03373548138385556,-0.012400591671627515,-0.018432569448270996,0.0027002109780200597,-0.01623943209801512,-0.026722061815809196,-0.04208725242716595,0.010356559835334471,-0.0026719560195716664,-0.004232709438533077,-0.025625515930839893,-0.042612425128800854,-0.002194373925662205,0.0039871896595412735,0.018063979165216886,-0.0031038705359048993,-0.028570975304855542,-0.07548364212424574,-0.001580786079593708,-0.014270022508756842,0.04158026276593969,0.0013337136652092165,-0.021281108073040164,0.005320940929124586,0.018582641261769724,-0.043848009259804074,0.03034416660634648,-0.03984427750223851,0.015687819276462612,0.027145251595993798,0.01539286468821031,0.007632872689287692,-0.03893196665424724,0.031066030370260688,-0.003374391057011196,0.011143106830775375
3.4910274194052704,0.6357777956519012,0.8808637379002234,8.0,108.0,117.0,117.0,79.0,88.0,31.0,29.0,30.0,14.0,3.0,1.0,134.0,113.0,124.0,127.0,123.0,126.0,111.0,125.0,123.0,120.0,125.0,117.0,0.2,0.384,0.416,0.2622615803814714,0.3358310626702997,0.4019073569482289,0.020104244229337303,0.008190618019359643,0.012658227848101266,0.010424422933730455,0.008190618019359643,0.011169024571854059,0.0007446016381236039,0.007446016381236039,0.004467609828741623,0.0007446016381236039,0.04690990320178704,0.005956813104988831,0.02531645569620253,0.0052122114668652275,0.023827252419955324,0.03127326880119136,0.0193596425912137,0.0052122114668652275,0.00967982129560685,0.0052122114668652275,0.0022338049143708115,0.022338049143708117,0.0022338049143708115,0.035740878629932984,0.011913626209977662,0.014892032762472078,0.029784065524944156,0.04169769173492182,0.008935219657483246,0.04244229337304542,0.027550260610573342,0.014147431124348473,0.09381980640357408,0.0022338049143708115,0.05137751303052867,0.029039463886820552,0.04169769173492182,0.054355919583023084,0.06850335070737155,0.007446016381236039,0.024571854058078928,0.014892032762472078,0.012658227848101266,0.04839910647803425,0.0007446016381236039,0.016381236038719285,0.0007446016381236039,0.006701414743112435,0.008190618019359643,0.0022338049143708115,1.0,-0.00045001008355716974,-0.03906036639576975,0.011900800357072817,-0.025338747121632588,-0.007656231803843882,0.02964730583479221,-0.018659630753701188,0.01117934559554838,0.01767792966411945,-0.026697589885050287,0.01766624977876144,-0.011942542848660575,-0.04976256862041408,-0.04061126854263761,-0.025248280573865602,0.0635989566724748,-0.019782539395060035,0.015354661407048593,-0.0489290246144674,0.005622762183760917,0.0036081530572006338,-0.0315659697647048,-0.008968076338716071,-0.0268835488139038,-0.0024130597231373603,-0.0403366057989036,0.0353838229418081,-0.010145439365902998,-0.0002965145723510309,-0.01688422009224173,0.013129168697954807,0.002020894345218182,0.007696112676051063,0.06255485347254018,-0.03709274353560387,0.027971374680891115,-0.0014309690977970444,-0.042328008552841336,-0.027436978363640684,-0.032478937227018355,1.0,-0.000450345411488291,-0.039118832720497196,0.011909748607419252,-0.026984230934803056,-0.006760096771455911,0.027632778580133615,-0.018785543286024112,0.013077374625956454,0.0153153383714294,-0.024227059047701997,0.01847558958840924,-0.01505139186820184,-0.04639926565627153,-0.04466861799813692,-0.02937147759444125,0.06407126313217859,-0.02647649095542289,0.02045305580406819,-0.05287114350126671,0.010411823211990415,0.001690040655016038,-0.03353813281160763,-0.007461318874430175,-0.03457877367272979,-0.001068632384765206,-0.04699788896541198,0.028859121538527252,-0.013497466768148225,0.0017263472377502826,-0.014436512725216117,0.01678896285239159,-0.006550382454663465,0.008184823967318768,0.05997558512064794,-0.03303535137477357,0.02538535002491047,-0.008635203725751725,-0.04125889285260621,-0.0356729107483887,-0.03787566500143091
3.482142756564317,0.619898776313318,0.8763961280714817,4.0,110.0,123.0,112.0,96.0,90.0,21.0,39.0,24.0,10.0,17.0,2.0,134.0,112.0,129.0,123.0,118.0,130.0,94.0,125.0,113.0,113.0,113.0,112.0,0.2052469135802469,0.3734567901234568,0.4212962962962963,0.2747175141242938,0.3298022598870056,0.3954802259887006,0.020104244229337303,0.0037230081906180195,0.014892032762472078,0.012658227848101266,0.016381236038719285,0.014892032762472078,0.0029784065524944155,0.006701414743112435,0.0029784065524944155,0.007446016381236039,0.040208488458674606,0.00967982129560685,0.044676098287416234,0.004467609828741623,0.021593447505584513,0.027550260610573342,0.020104244229337303,0.0014892032762472078,0.0052122114668652275,0.0022338049143708115,0.0052122114668652275,0.022338049143708117,0.0014892032762472078,0.03052866716306776,0.011913626209977662,0.006701414743112435,0.024571854058078928,0.04095309009679821,0.0037230081906180195,0.03648548026805659,0.02084884586746091,0.00967982129560685,0.10945644080416977,0.0037230081906180195,0.04318689501116903,0.018615040953090096,0.039463886820551006,0.06180193596425912,0.06701414743112435,0.008935219657483246,0.03723008190618019,0.020104244229337303,0.0052122114668652275,0.04393149664929263,0.0037230081906180195,0.014892032762472078,0.0037230081906180195,0.01563663440059568,0.006701414743112435,0.0022338049143708115,1.0,0.02679839322403652,-0.013589523347438901,0.01929169877575357,-0.011378194265344905,-0.03626117744944401,0.007838059009530662,-0.029796829560685408,0.007976211339028746,0.007849387188641243,0.019912594944040452,0.05005315332358805,0.001833236957028893,0.02640842748153467,0.0782372799084399,0.05347126843195263,-0.0008082917071400572,0.03676244524378402,0.01156098953698385,-0.025001269674845006,-0.043834915492549614,-0.021845964107225342,0.013145850509762946,0.008696509335384704,-0.054408529844808,-0.021528036544013057,-0.014365616367815607,0.04677022090602595,-0.003014459999252437,0.0063735408381806104,0.047265638637825305,-0.022848722763889637,-0.03127907765179584,0.03548382872382369,0.01446327270385796,0.0011752022113800632,-0.01486751112413991,0.003450216080382296,-0.07188991052039927,0.023990416683200348,0.00751823831915417,1.0,0.026818362220477673,-0.014339328842477685,0.020108266486691957,-0.012702472762216671,-0.03522194284030496,0.009127662515100717,-0.031054345826780707,0.011266511217298195,0.005344546020413131,0.020130667431189058,0.0493452225641023,-0.0026599515513689924,0.029000113257084025,0.07593632448722899,0.054513992524906255,0.0017832752114660011,0.03761223561757909,0.014988954930889652,-0.01967811893577814,-0.041871758821017034,-0.020055539946871734,0.01541078689390322,0.004952017467507752,-0.06354816269547706,-0.03369613682888964,-0.025126871973023542,0.04375117974968775,-0.01982684084633612,-0.0028988173755321784,0.0465329110776875,-0.029633325796973278,-0.030519243012331443,0.03803350067230724,0.030869400602057673,0.018283255613870553,-0.016533493792739714,0.010695658943617523,-0.06745770627976229,0.0384060388114834,0.0040668604256252705
3.449228957667223,0.6258705935417308,0.8830975428145942,18.0,95.0,111.0,111.0,88.0,71.0,23.0,35.0,10.0,13.0,8.0,11.0,134.0,103.0,119.0,122.0,116.0,122.0,61.0,121.0,106.0,107.0,109.0,82.0,0.20875420875420875,0.37373737373737376,0.4175084175084175,0.28955453149001537,0.34639016897081415,0.3640552995391705,0.011913626209977662,0.008190618019359643,0.00967982129560685,0.012658227848101266,0.010424422933730455,0.011169024571854059,0.0029784065524944155,0.004467609828741623,0.0037230081906180195,0.0022338049143708115,0.04690990320178704,0.008935219657483246,0.03201787043931496,0.0052122114668652275,0.0193596425912137,0.023827252419955324,0.016381236038719285,0.0014892032762472078,0.00967982129560685,0.0029784065524944155,0.0022338049143708115,0.035740878629932984,0.0029784065524944155,0.029784065524944156,0.008935219657483246,0.014147431124348473,0.03201787043931496,0.04244229337304542,0.0029784065524944155,0.04393149664929263,0.020104244229337303,0.007446016381236039,0.10871183916604617,0.0022338049143708115,0.06105733432613552,0.022338049143708117,0.03052866716306776,0.06105733432613552,0.06329113924050633,0.011169024571854059,0.0387192851824274,0.012658227848101266,0.008190618019359643,0.044676098287416234,0.0014892032762472078,0.026061057334326135,0.0022338049143708115,0.007446016381236039,0.007446016381236039,0.0037230081906180195,1.0,0.018984041932501233,0.03636191025513027,0.009695841242394384,-0.021706280827908202,0.017187115836775943,0.00015771699252039415,-0.014299756114095662,-0.012706758499698257,0.04057041403472084,0.0760249461991839,0.04618909264657611,0.02039927506632605,6.041750930831057e-05,0.0029689654846845387,0.05100238410745682,0.03902241458450412,-0.02872466724563434,-0.006871646678950645,-0.0019333367314165008,0.040506399565977076,0.08813915747371173,0.011929541689397808,0.023562480147988705,-0.0392559608328881,-0.057295630367722804,-0.02021661041677392,0.008819161634845606,-0.042280197122763576,0.007104539752726788,-0.022984902278313103,0.046506870037020434,0.03251062651386795,0.05855866989570386,-0.0013760376003103363,-0.0201595903795512,0.026922300718648814,-0.05664193658875851,-0.01438756147661526,-0.05164896270994371,-0.03434428124080688,1.0,0.018998188014418157,0.03606822829125688,0.0083793514124199,-0.023453824045477363,0.017455408593869962,0.0010917365551675706,-0.01529589232147034,-0.013142645921375306,0.04332618533856874,0.0763386276778062,0.04073707216865476,0.012849777912614734,-0.0026529677391100986,0.002883957525265717,0.050690399814365995,0.03873587219225865,-0.03142514499848941,-0.008167720357865001,-0.002288004758735623,0.03445719939229811,0.07993012253863024,0.005674008228557542,0.018431900290601107,-0.04633839914317902,-0.06993605470190635,-0.027341158916114466,0.018067665136876767,-0.0367363930595428,0.007713840344770845,-0.035850854185757244,0.029337883484180968,0.02083982397587903,0.059377612142864036,0.0027504136390944767,-0.01577379985964548,0.021934562024797828,-0.05912418030641596,-0.009103644792804101,-0.04020392220451109,-0.016223638889769406
3.521365303526799,0.6283476759373031,0.889054355919583,5.0,106.0,124.0,115.0,93.0,91.0,39.0,44.0,27.0,5.0,0.0,2.0,134.0,112.0,127.0,123.0,122.0,125.0,91.0,129.0,113.0,119.0,115.0,111.0,0.21505376344086022,0.3686635944700461,0.4162826420890937,0.2730471498944405,0.3356790992258973,0.3912737508796622,0.016381236038719285,0.004467609828741623,0.01340282948622487,0.01712583767684289,0.016381236038719285,0.008190618019359643,0.0014892032762472078,0.0052122114668652275,0.0052122114668652275,0.0029784065524944155,0.03350707371556218,0.010424422933730455,0.03648548026805659,0.007446016381236039,0.02084884586746091,0.027550260610573342,0.010424422933730455,0.0037230081906180195,0.00967982129560685,0.0029784065524944155,0.0022338049143708115,0.03052866716306776,0.004467609828741623,0.04244229337304542,0.014147431124348473,0.01340282948622487,0.039463886820551006,0.04318689501116903,0.0037230081906180195,0.03052866716306776,0.022338049143708117,0.010424422933730455,0.09084139985107967,0.0037230081906180195,0.049143708116157855,0.024571854058078928,0.03723008190618019,0.054355919583023084,0.06626954579300075,0.008190618019359643,0.03350707371556218,0.020104244229337303,0.00967982129560685,0.04839910647803425,0.0022338049143708115,0.01563663440059568,0.0037230081906180195,0.008190618019359643,0.010424422933730455,0.0029784065524944155,1.0,0.003096933266983595,0.008583825490773425,0.03736261030755441,0.0036183776329537934,-0.010224005952389613,0.0016153042073177692,0.014182464483105712,-0.015252836752376916,-0.006097861200154804,0.004087873713970453,0.026309112632482205,-0.012246171011412833,0.015310413008174975,0.0072011001447888955,-0.019211445099985496,0.02858791302508155,0.03928776973424551,-0.0157234839272332,-0.030009065178134578,-0.016800798841594335,-0.04140410963179021,0.004622773440538185,-0.02989982204259119,-0.010077512673789046,0.027069657855665764,-0.005939875369910117,-0.028747447046069175,0.03707852994782068,-0.009246215770647171,0.014210012198946404,0.05496013518237733,0.011654597882525658,-0.047329253713034015,-0.030250874521215377,0.021455501526889943,-0.049115200004913574,-0.0032230366655892646,-0.03554951811488154,-0.01060622015032498,-0.00316778393758196,1.0,0.0030992409668844896,0.00858710480388536,0.037396346923564895,0.00334237320804189,-0.010936024416469287,0.0002195542936038397,0.014197366156190471,-0.01468100726426094,-0.006317624269047345,0.0032468336614128912,0.027725227038784044,-0.011749251300599733,0.014494964459369378,0.0050730146577849895,-0.018527844046582472,0.028471558311652632,0.03896422815103735,-0.015790982001234632,-0.03199845648040652,-0.020614114240947334,-0.040097764714398985,0.00871138091333593,-0.029388379423877647,-0.009228474909286308,0.030049884731813404,-0.002953014551621808,-0.032087197254615944,0.03530682684130496,-0.009470381558762418,0.017050276432971866,0.05584118609449274,0.013233199503108183,-0.05322394673243434,-0.03339967679046713,0.022647034224169072,-0.04445731629093135,0.004064014303586103,-0.039051868061109,-0.011399976610285866,0.004651744732255236
3.4717363016608416,0.62379833162739,0.8823529411764706,5.0,106.0,124.0,110.0,81.0,105.0,16.0,40.0,7.0,5.0,4.0,8.0,134.0,107.0,127.0,126.0,122.0,127.0,91.0,127.0,118.0,119.0,119.0,107.0,0.24549918166939444,0.3322422258592471,0.42225859247135844,0.27247191011235955,0.34058988764044945,0.386938202247191,0.01340282948622487,0.0052122114668652275,0.016381236038719285,0.014147431124348473,0.014892032762472078,0.011913626209977662,0.0007446016381236039,0.008935219657483246,0.0014892032762472078,0.0022338049143708115,0.04095309009679821,0.008935219657483246,0.04393149664929263,0.010424422933730455,0.018615040953090096,0.02084884586746091,0.0193596425912137,0.0007446016381236039,0.008190618019359643,0.004467609828741623,0.0037230081906180195,0.02680565897244974,0.004467609828741623,0.029039463886820552,0.011169024571854059,0.010424422933730455,0.03052866716306776,0.045420699925539834,0.005956813104988831,0.04244229337304542,0.018615040953090096,0.011169024571854059,0.11615785554728221,0.0037230081906180195,0.055100521221146684,0.0193596425912137,0.0379746835443038,0.06180193596425912,0.06031273268801191,0.007446016381236039,0.029784065524944156,0.020104244229337303,0.008190618019359643,0.03648548026805659,0.0029784065524944155,0.01340282948622487,0.0022338049143708115,0.00967982129560685,0.007446016381236039,0.0022338049143708115,1.0,-0.01612303136619596,-0.006519622974176186,-0.021694942726770545,-0.04222896242663127,0.011830531494577303,0.027249366451305514,0.009729950523695461,0.011694035524844658,-0.023085903899615227,0.019143966859286706,0.02339049227154239,0.0017657236856349757,0.012966877015372084,-0.0005685286238163431,0.03935881569177916,-0.02405970893158518,0.042644996721809277,-0.014813629125963814,-0.03224597659205225,-0.02463438077674731,0.009993403554334073,-0.03764167102033054,0.022720140849493017,-0.016379926109810455,0.0033973479956759954,0.02942551521057318,-0.012921699407920803,-0.009717380343092304,-0.011362643825476564,-0.02400562335796903,-0.03045913260040838,0.007842547596482431,0.002122114857829372,-0.02652318942401663,-0.033527761615428656,0.04510098428591421,-0.008707636489258307,0.05113534574567497,-0.0016341031730954623,-0.023735908035414432,1.0,-0.01613504554754186,-0.0067914542783287625,-0.02196589219133883,-0.04314670069738184,0.010160802758933107,0.026731893056959093,0.008993313313900105,0.011148679858384351,-0.02066541746416525,0.02133783085941382,0.02479396305381021,0.0019477650494693283,0.01177010924894659,0.0024018402051606508,0.04286075898408382,-0.023690315528587386,0.04305532638940132,-0.013996277481642042,-0.030731649978324553,-0.027223785206777408,0.008967757601816447,-0.041931312030677285,0.015200996120612242,-0.0164813818380409,0.0011053918132192164,0.030391149420144693,-0.011163241382339227,-0.012955193524721227,-0.009567992596598778,-0.021468626528330297,-0.03347766803347545,0.003333368201041179,0.004697000177446152,-0.03058065701305387,-0.03173030818837334,0.04719135479740322,-0.003068431876070494,0.04554839301565937,0.003691894153719106,-0.02194259279539388
3.408880691534084,0.6113381256132276,0.8763961280714817,12.0,98.0,120.0,116.0,63.0,82.0,26.0,58.0,18.0,28.0,24.0,2.0,134.0,108.0,131.0,127.0,117.0,130.0,63.0,129.0,109.0,117.0,122.0,95.0,0.23493044822256567,0.34775888717156106,0.41731066460587324,0.28437047756874095,0.34008683068017365,0.3755426917510854,0.00967982129560685,0.005956813104988831,0.01563663440059568,0.008935219657483246,0.01563663440059568,0.017870439314966492,0.0014892032762472078,0.006701414743112435,0.004467609828741623,0.0029784065524944155,0.039463886820551006,0.010424422933730455,0.03723008190618019,0.0037230081906180195,0.016381236038719285,0.02084884586746091,0.02084884586746091,0.0029784065524944155,0.010424422933730455,0.0014892032762472078,0.0029784065524944155,0.03276247207743857,0.0029784065524944155,0.02680565897244974,0.00967982129560685,0.011913626209977662,0.03276247207743857,0.054355919583023084,0.0022338049143708115,0.040208488458674606,0.024571854058078928,0.0052122114668652275,0.1169024571854058,0.0022338049143708115,0.05361131794489948,0.0193596425912137,0.03201787043931496,0.06478034251675353,0.06329113924050633,0.00967982129560685,0.0387192851824274,0.012658227848101266,0.0052122114668652275,0.04988830975428146,0.0022338049143708115,0.0193596425912137,0.0014892032762472078,0.006701414743112435,0.0022338049143708115,0.0,1.0,-0.0014861634990798308,-0.0012543929843466836,-0.030152155284406252,0.026453651857448236,-0.014788262763064974,0.034630212283309564,0.009808962785296095,0.028068866918970082,-0.01072873965758891,0.0049504570121948815,-0.00399618098142638,-0.04681407224294574,0.017813524103409504,0.07589249699607573,-0.01194117143457154,-0.005592274964945316,-0.033957260443616695,-0.012972928725628018,-0.008891089444793863,0.03423732094097989,-0.02453211981839947,-0.02874401771104786,-0.004699649243014308,0.04521886496589702,-0.005711486228674028,0.005013731414672661,-0.05650720104499416,0.018232385772018116,-0.02457024439764946,0.023221301290151965,-0.031152299638371024,0.01724436616147975,-0.016724711866180728,0.028382294422467955,-0.017122634266704188,-0.035723834540456016,0.030201773375855404,0.03562957160401211,-0.0015640855496739808,-0.07351491632038007,1.0,-0.00148727092344576,-0.001258478575060723,-0.030223517284858045,0.026464212453083186,-0.014885202929020416,0.03398713676290302,0.011456919922107041,0.026869497775412227,-0.007928067651086017,0.0037350222603441748,-0.002030744391651758,-0.05027455720087474,0.018857917810045092,0.07420169041083559,-0.014611064278628048,-0.002773789435156704,-0.03205227348794437,-0.014594332003131202,-0.006637339221669058,0.030284516027344374,-0.026866187186674096,-0.03316559462796136,0.001240903866184745,0.042008694267808636,-0.0005668779235548787,0.011251272830948233,-0.05989231553760259,0.011162079834974206,-0.021725687906165622,0.019660731735468197,-0.024926261148549594,0.016194583771831826,-0.013810597569980933,0.018130832019849205,-0.005620418680926477,-0.034436711357453006,0.036010187401972225,0.02636921166402769,-0.0067238872141729775,-0.07661878262554798
3.5024566631690335,0.6429908646710298,0.8838421444527178,3.0,104.0,127.0,122.0,70.0,107.0,14.0,50.0,27.0,9.0,2.0,6.0,134.0,119.0,129.0,125.0,123.0,130.0,99.0,127.0,121.0,123.0,127.0,105.0,0.24960998439937598,0.35569422776911075,0.39469578783151327,0.26744186046511625,0.33652530779753764,0.3960328317373461,0.01712583767684289,0.006701414743112435,0.008935219657483246,0.016381236038719285,0.0193596425912137,0.01563663440059568,0.0,0.008190618019359643,0.008935219657483246,0.006701414743112435,0.04616530156366344,0.008935219657483246,0.03052866716306776,0.008190618019359643,0.0193596425912137,0.029039463886820552,0.01563663440059568,0.0029784065524944155,0.008935219657483246,0.0029784065524944155,0.0022338049143708115,0.021593447505584513,0.0022338049143708115,0.03350707371556218,0.014892032762472078,0.01340282948622487,0.028294862248696945,0.045420699925539834,0.0037230081906180195,0.035740878629932984,0.02680565897244974,0.014147431124348473,0.11169024571854058,0.0022338049143708115,0.04988830975428146,0.01712583767684289,0.03723008190618019,0.04765450483991065,0.05658972449739389,0.006701414743112435,0.03201787043931496,0.020104244229337303,0.008935219657483246,0.05063291139240506,0.0029784065524944155,0.014147431124348473,0.0029784065524944155,0.004467609828741623,0.010424422933730455,0.0014892032762472078,1.0,0.022914228026935504,0.04800880727755188,-0.011095850580914387,-0.02446304828124957,0.038394785363639286,0.031985880491332316,0.011591751302999493,0.0440126461297019,-0.02777711044206032,-0.011872604089547514,0.010081476225386977,0.01651775024180581,0.012470460119874868,-0.00935798047850654,0.0207972839848787,-0.04196763336854909,0.016504877824847677,-0.03745744407865897,-0.01010322574538549,-0.011602248092576112,0.02307554829415785,0.033737740117545406,-0.009254948086075979,-0.011996410416445951,0.03088067037243393,-0.031812711502901235,0.022293288857304333,-0.00982133695822362,-0.0075115833081825355,-0.039096430647581254,-0.04572281222303969,0.009322474038813415,0.0016101249075763378,-0.026294751593990112,0.021404280605326308,-0.004096947783911847,-0.019466498738933694,-0.009252658843147899,0.004014005516386135,0.04879719853014766,1.0,0.022931302712499543,0.047579583604944624,-0.013298925248721727,-0.02636101691410874,0.040992808934803726,0.03283591375958074,0.005680591527622979,0.04124906222782373,-0.027982848984155005,-0.014703561161732987,0.01273527544439208,0.017443324596539814,0.0050296002957358425,-0.012600256305502856,0.02392303016394368,-0.04313739092644846,0.017458663239179027,-0.03638859674455393,-0.012036130984191252,-0.011775926400104835,0.02804104720066464,0.035136247853658126,-0.014910230258411948,-0.00797688874623015,0.034512186583565,-0.03021972476849004,0.016235291296791365,-0.009350690800196055,-0.00917322078840309,-0.0445286209776346,-0.035722159179085756,0.012906452729531824,0.0009991919089582409,-0.03116000795286829,0.02482283895224891,0.0024577534340041876,-0.02049040730225354,-0.005236840917038239,0.011860990466044025,0.04697650025621041
3.488389345879937,0.6443151365827582,0.8838421444527178,3.0,107.0,126.0,121.0,81.0,81.0,24.0,33.0,20.0,5.0,3.0,13.0,134.0,109.0,131.0,125.0,117.0,126.0,101.0,127.0,119.0,123.0,123.0,106.0,0.18962722852512157,0.3679092382495948,0.44246353322528365,0.2685634975711312,0.33587786259541985,0.39555863983344897,0.01563663440059568,0.007446016381236039,0.016381236038719285,0.008935219657483246,0.011169024571854059,0.006701414743112435,0.0014892032762472078,0.008935219657483246,0.0037230081906180195,0.0037230081906180195,0.029784065524944156,0.011913626209977662,0.03127326880119136,0.006701414743112435,0.011913626209977662,0.02308265078183172,0.016381236038719285,0.0052122114668652275,0.008935219657483246,0.0037230081906180195,0.0014892032762472078,0.02531645569620253,0.006701414743112435,0.03425167535368578,0.016381236038719285,0.011913626209977662,0.034996276991809384,0.035740878629932984,0.0029784065524944155,0.04169769173492182,0.03201787043931496,0.010424422933730455,0.114668652271035,0.0029784065524944155,0.05212211466865227,0.023827252419955324,0.034996276991809384,0.055100521221146684,0.07222635889798958,0.008935219657483246,0.03350707371556218,0.02084884586746091,0.0052122114668652275,0.044676098287416234,0.0037230081906180195,0.00967982129560685,0.0022338049143708115,0.01340282948622487,0.010424422933730455,0.004467609828741623,1.0,0.01822065233860509,0.004866642582963985,-0.04396549446198352,-0.008239861340908252,0.026484714265061764,-0.04562279036748836,-0.04070391815833042,-0.0019018399905225754,-0.015305553256434094,0.01598653441635139,-0.02211251026149296,-0.0016038031380858793,0.015944792692909243,0.021047203987655874,-0.059256673709109926,-0.016171371501910052,0.009301347909423968,-0.0009750570402618134,0.01255494752451004,-0.007920038172542608,0.01233493727540365,0.035739157422009046,-0.037952367443489614,-0.031305754315775154,-0.007628997141684022,0.0013239457646453008,-0.00401848242453222,0.005595283619084335,0.0031097002275601838,0.0377930101307178,0.01048969440279146,-0.03128906181334919,0.027683587095486874,-0.01138893327550708,0.044047622542913056,0.023058224524389298,-0.025119884997229024,0.04794704298166363,-0.01726468027921259,0.01784148806032849,1.0,0.018234229575817183,0.004542924147601344,-0.04425085527605787,-0.006690431583314992,0.02737159680123305,-0.04882445741954932,-0.04034061332291334,0.0025592486628368753,-0.01884495059319533,0.011548007803384632,-0.0207743907985178,-0.0026173304594428602,0.013730545542495335,0.018456739057095092,-0.06431138461150601,-0.012034222701792233,0.012348888942114186,-0.009768143898642162,0.010988570082467432,-0.0022278027663403337,0.009433630518322831,0.030833013307410572,-0.04062198227827767,-0.03320399363408021,0.0008793230351057864,-0.0030974773456569266,-0.011421595083365824,0.013833101510970707,0.0058548674301519095,0.02996776743309657,0.006234845292232666,-0.03472617118571647,0.03286402469476387,-0.010038606741762688,0.03848016692068679,0.02825476380855538,-0.015284237272337445,0.04752893540905388,-0.01911393369043976,0.014853055186356613
3.490499723095486,0.637738998584666,0.889054355919583,1.0,112.0,119.0,117.0,92.0,86.0,36.0,78.0,8.0,9.0,14.0,1.0,134.0,113.0,128.0,124.0,121.0,127.0,109.0,126.0,113.0,120.0,123.0,109.0,0.2451708766716196,0.33580980683506684,0.41901931649331353,0.26744989633724947,0.33033863165169314,0.40221147201105734,0.022338049143708117,0.007446016381236039,0.01563663440059568,0.01563663440059568,0.014892032762472078,0.01712583767684289,0.0037230081906180195,0.006701414743112435,0.0037230081906180195,0.004467609828741623,0.03052866716306776,0.006701414743112435,0.0387192851824274,0.004467609828741623,0.02084884586746091,0.023827252419955324,0.01563663440059568,0.0037230081906180195,0.006701414743112435,0.0037230081906180195,0.0022338049143708115,0.01712583767684289,0.0052122114668652275,0.027550260610573342,0.018615040953090096,0.01340282948622487,0.029039463886820552,0.04690990320178704,0.0037230081906180195,0.039463886820551006,0.020104244229337303,0.012658227848101266,0.10201042442293373,0.0022338049143708115,0.05361131794489948,0.023827252419955324,0.040208488458674606,0.06701414743112435,0.06478034251675353,0.008935219657483246,0.0387192851824274,0.01712583767684289,0.004467609828741623,0.0387192851824274,0.0029784065524944155,0.016381236038719285,0.0037230081906180195,0.007446016381236039,0.0052122114668652275,0.0,1.0,-0.03748898911327412,0.020710039969839014,0.03940246074580908,0.019741764596312394,-0.011902536354263589,0.04928513922463912,-0.01244563462061336,0.02054065664485859,0.00339316340918246,0.008513806915551645,0.018639408198700875,0.01885805518151679,0.018143269906309784,0.015014226249799489,0.04525379371682835,-0.005888824770012909,0.0458607270888585,-0.0026957657006286035,0.00039797216601893923,-0.015684925051298346,0.011181510580597258,-0.022716497801720095,0.016209285665499295,-0.04912934915738929,-0.0008366584577875457,0.012643933110467347,0.05499256969808078,-0.04010404217152695,0.06417146502634931,0.02614043079916603,-0.023026697841217282,0.018238075435301718,0.027224937870796422,-0.04959007804197933,0.00034619406435369373,-0.016058385605264056,0.019644614564721306,-0.015179502854075976,-0.028857775336457787,-0.02366646053197104,1.0,-0.0375169242765478,0.019360658325944892,0.04105324793493243,0.02247015970462626,-0.012064072305751213,0.04625240338752005,-0.010149167534438458,0.01846042205671456,0.0019794954274163275,0.006857524748076141,0.019352475747420828,0.016741314985351287,0.019816538584694173,0.012282538507461778,0.044613380430805157,-0.005896576004190538,0.041627926225981444,-0.004341609291846379,-0.004475682463868185,-0.01990997887810433,0.003702806373930503,-0.020409153501080062,0.009216901836567018,-0.04863695908794286,-0.007495039685938457,0.013581482097872894,0.057318271846583536,-0.03578152056817875,0.05568363256652846,0.030392389325828162,-0.023621668222282816,0.011539684377837357,0.022451392066385176,-0.04507598982504222,-0.008352528455640697,-0.01745217723234229,0.026945653859724274,-0.016968549001343574,-0.0282619144801518,-0.029103477937318364
3.5392499620884803,0.6719449225846276,0.8920327624720774,4.0,105.0,124.0,119.0,96.0,96.0,40.0,37.0,14.0,3.0,4.0,12.0,134.0,109.0,131.0,122.0,119.0,128.0,105.0,129.0,118.0,113.0,123.0,104.0,0.20948012232415902,0.3547400611620795,0.43577981651376146,0.2724738675958188,0.3289198606271777,0.3986062717770035,0.01712583767684289,0.008935219657483246,0.012658227848101266,0.014147431124348473,0.022338049143708117,0.014892032762472078,0.0022338049143708115,0.008935219657483246,0.0052122114668652275,0.0037230081906180195,0.03425167535368578,0.010424422933730455,0.02680565897244974,0.006701414743112435,0.02084884586746091,0.02531645569620253,0.016381236038719285,0.0014892032762472078,0.014147431124348473,0.006701414743112435,0.0037230081906180195,0.020104244229337303,0.0022338049143708115,0.029039463886820552,0.010424422933730455,0.014147431124348473,0.022338049143708117,0.035740878629932984,0.006701414743112435,0.04095309009679821,0.03127326880119136,0.00967982129560685,0.0967982129560685,0.0029784065524944155,0.05137751303052867,0.022338049143708117,0.03648548026805659,0.058078927773641105,0.07297096053611318,0.00967982129560685,0.03201787043931496,0.021593447505584513,0.006701414743112435,0.044676098287416234,0.004467609828741623,0.018615040953090096,0.006701414743112435,0.005956813104988831,0.007446016381236039,0.0014892032762472078,1.0,-0.032960417078284926,0.06388555711727034,0.024384053207991353,-0.027558240765434745,0.024412060677388662,0.011681905252228795,-0.008807913824032357,-0.00629039730404594,0.023296708905731066,0.006970473573196756,-0.07703188308006634,0.007644609636459681,0.013262495577793703,-0.001648924694659556,0.0235029424143343,0.03875396497125317,0.004410945056203855,-0.006116806882247385,0.048327307774217836,0.014976861847917558,-0.024494969942493977,0.00832687403525113,-0.023982871736774374,-0.0053504962363070535,0.021187554129715767,-0.03964212895680878,0.019033603207942756,-0.033600708845871664,0.015238611882736649,0.0343699083994277,0.08249461885585707,0.04077692149578344,0.012589869276408192,0.017207419317104032,0.04909041872819813,0.0015975121506443108,0.012690565779473216,0.01398249490666322,-0.05228276318128265,0.06852914272883255,1.0,-0.03298497774674862,0.06296133131309135,0.028637512134592074,-0.030158331684316763,0.019382900738131738,0.016304779209911423,-0.009433491727718027,-0.010764806322153705,0.024913468204049927,0.010509024107031969,-0.08178464667440136,0.0002152763855939812,0.026504407247473466,0.002205664374252461,0.014960281404706548,0.044559854579034434,0.008446657857848273,-0.016460514488851812,0.04553418515154363,0.026400969912616402,-0.03179447235623824,-0.007693390609042083,-0.0161298883580677,-0.004221616892523118,0.016823426811064315,-0.033893054556556994,0.02301645023876333,-0.03233490529645599,0.009222567153611297,0.046201820674108066,0.09295829056518849,0.03339679476620933,0.0029098143265230735,0.008415080593311123,0.04866922619827785,0.0009911679168522957,0.002083835466655732,0.016734407532842516,-0.060434892079225276,0.061121366640900024
3.466931176234357,0.6060288024321314,0.8763961280714817,5.0,110.0,122.0,113.0,73.0,90.0,16.0,47.0,16.0,17.0,7.0,4.0,134.0,111.0,128.0,117.0,123.0,127.0,101.0,125.0,113.0,124.0,114.0,109.0,0.22903225806451613,0.3532258064516129,0.41774193548387095,0.270687237026648,0.3345021037868163,0.39481065918653574,0.01563663440059568,0.005956813104988831,0.014892032762472078,0.014147431124348473,0.016381236038719285,0.018615040953090096,0.0007446016381236039,0.012658227848101266,0.005956813104988831,0.0014892032762472078,0.03425167535368578,0.008935219657483246,0.03425167535368578,0.008935219657483246,0.012658227848101266,0.021593447505584513,0.01340282948622487,0.0037230081906180195,0.008190618019359643,0.0022338049143708115,0.0052122114668652275,0.02308265078183172,0.0022338049143708115,0.02531645569620253,0.022338049143708117,0.010424422933730455,0.03127326880119136,0.03201787043931496,0.004467609828741623,0.03648548026805659,0.029039463886820552,0.008935219657483246,0.10052122114668652,0.0014892032762472078,0.06031273268801191,0.01563663440059568,0.034996276991809384,0.06850335070737155,0.07371556217423679,0.007446016381236039,0.04095309009679821,0.016381236038719285,0.0037230081906180195,0.049143708116157855,0.0029784065524944155,0.02084884586746091,0.0029784065524944155,0.010424422933730455,0.004467609828741623,0.0,1.0,-0.03728117558719871,0.0010754841050458512,-0.02204842426833617,0.003899501135638708,-0.009627632849936696,-0.0232686877903551,-0.012078999109336413,0.010151460963175762,-0.019134062754600435,0.013135296395415672,0.033940571203076156,-0.017672184241652525,-0.021667306290956187,-0.020065404857451157,-0.06596526574090182,0.012289378634403032,-0.007779680313291585,-0.01854376136831558,0.02924206269323265,-0.032972967452633374,-0.04120700723789241,-0.00920079640876925,-0.0018417808428970311,0.02623235636094504,0.03708460263342008,-0.028079304438616913,0.03683050191954923,-0.05148495916694394,-0.015052056482619532,0.04449564674812065,0.0023791351906939425,0.03318451078926599,0.03100028419252081,0.02300552664765993,0.005598350939263547,-0.002741451241145487,-0.02457423869074678,-0.011771747464101222,-0.030100692456987533,-0.05078263175994579,1.0,-0.037308955896876196,-0.0003153089788452012,-0.022100117190835215,0.002267248500888506,-0.009452464807030794,-0.024617929303859903,-0.01384421867332809,0.008800668122681272,-0.019630949585523066,0.01127712566898699,0.035245248674423184,-0.017059632896068773,-0.023041010535514474,-0.020630546960897767,-0.07010616541401382,0.007020275119124308,-0.005974854031602366,-0.023606513222802047,0.027213820473177525,-0.033539309994934305,-0.05099268680258739,-0.014194216045438728,-0.003351431845061403,0.022946172916901854,0.04363521147522351,-0.024764399267696496,0.028294864444754087,-0.05182947626414853,-0.024749825468095392,0.04097116650058524,0.009606828720096628,0.03669157106680686,0.03472156472392325,0.02475617168693968,-0.005189315593707702,-0.005524415940494738,-0.022239314461633092,-0.013961491627775541,-0.017993161812936167,-0.0500684676994059
3.4739649238340657,0.6017846180676392,0.8823529411764706,4.0,104.0,123.0,119.0,91.0,101.0,18.0,38.0,24.0,1.0,24.0,3.0,134.0,109.0,129.0,125.0,119.0,128.0,103.0,126.0,113.0,113.0,124.0,104.0,0.22,0.36153846153846153,0.41846153846153844,0.27189908899789766,0.3293622985283812,0.3987386124737211,0.01563663440059568,0.00967982129560685,0.005956813104988831,0.016381236038719285,0.01563663440059568,0.01563663440059568,0.0007446016381236039,0.006701414743112435,0.0037230081906180195,0.0029784065524944155,0.04095309009679821,0.0037230081906180195,0.02680565897244974,0.004467609828741623,0.029039463886820552,0.0387192851824274,0.01712583767684289,0.0029784065524944155,0.00967982129560685,0.0029784065524944155,0.0029784065524944155,0.02531645569620253,0.006701414743112435,0.03648548026805659,0.011169024571854059,0.014892032762472078,0.021593447505584513,0.05063291139240506,0.0052122114668652275,0.029039463886820552,0.027550260610573342,0.011913626209977662,0.09828741623231571,0.004467609828741623,0.05956813104988831,0.01712583767684289,0.03201787043931496,0.06478034251675353,0.06478034251675353,0.008935219657483246,0.028294862248696945,0.01712583767684289,0.0052122114668652275,0.05286671630677588,0.0029784065524944155,0.01563663440059568,0.0029784065524944155,0.0052122114668652275,0.004467609828741623,0.0022338049143708115,1.0,0.06188883116791724,0.010789857438177569,0.03736502813580954,0.05892446078377084,0.0016153511791268016,0.057540934451723404,0.006514055005128452,0.004110097449170413,-0.0006151779076638856,-0.012786918281059578,0.014647960355198084,0.019485922395549662,-0.00032223702153175057,-0.02598277262734946,-0.024994208090781886,0.004854471620020737,0.009896691519793215,-0.01422523903829668,-0.0048190423500881485,0.01577813445649849,-0.030945471365440538,-0.013001822420678447,-0.020511923441068954,-0.035009653705829494,-0.04285089802924734,-0.027069814754412096,-0.0009854330937689418,0.04476284363361415,-0.014436576467217898,0.007557614144440683,-0.014387301584984401,-0.02384968400664041,-0.02125258148350968,0.008193206950938647,0.011629081128976865,-0.026128486208393125,-0.002258780569102356,-0.002649348501210009,-0.009332211220447063,0.0019481461766418214,1.0,0.061934948031678726,0.006996851392830471,0.03649251105193444,0.05478085304319686,-0.005847231887486224,0.05641446298979171,-0.00426342338914881,0.0003509369155226672,-0.004392749810731927,-0.019373703268085157,0.01710916347733465,0.014752317989020438,-0.001284848117268158,-0.02598794604752654,-0.025260150434081446,0.008370037993338667,0.009824973805437823,-0.013153350765610208,-0.0012662923523705303,0.017738178345107124,-0.030488220257074754,-0.008177813008817878,-0.022306557114419402,-0.033184466556707225,-0.035169970221163034,-0.020877871990282522,0.01121346578058085,0.05188561251629067,-0.013797924395673573,0.01595979149124417,-0.016400390846290667,-0.025350128658629983,-0.018542100049927717,0.005414957152208368,0.01683452327977808,-0.027104721977320143,0.004913992129727748,-0.0009425188466221562,-0.013119856830161583,0.0016850932383592854
3.4978141890792904,0.6308617234077776,0.8868205510052122,2.0,109.0,119.0,121.0,94.0,82.0,46.0,40.0,13.0,4.0,1.0,0.0,134.0,111.0,124.0,124.0,115.0,123.0,107.0,127.0,111.0,111.0,122.0,109.0,0.196513470681458,0.3676703645007924,0.4358161648177496,0.27080394922425954,0.3251057827926657,0.40409026798307474,0.010424422933730455,0.00967982129560685,0.02084884586746091,0.014892032762472078,0.01563663440059568,0.016381236038719285,0.0014892032762472078,0.004467609828741623,0.005956813104988831,0.005956813104988831,0.040208488458674606,0.00967982129560685,0.03276247207743857,0.006701414743112435,0.01563663440059568,0.029039463886820552,0.016381236038719285,0.0022338049143708115,0.007446016381236039,0.0022338049143708115,0.0029784065524944155,0.017870439314966492,0.0037230081906180195,0.027550260610573342,0.01563663440059568,0.012658227848101266,0.020104244229337303,0.0387192851824274,0.0037230081906180195,0.03425167535368578,0.03127326880119136,0.018615040953090096,0.0975428145941921,0.0029784065524944155,0.0573343261355175,0.0193596425912137,0.03648548026805659,0.06626954579300075,0.06552494415487714,0.006701414743112435,0.04839910647803425,0.016381236038719285,0.007446016381236039,0.04244229337304542,0.0037230081906180195,0.014892032762472078,0.0029784065524944155,0.00967982129560685,0.005956813104988831,0.0007446016381236039,1.0,-0.011924140577045463,0.038383926699286045,0.01156578948467557,-0.017265140439167773,0.06818599515675677,0.007419825577179544,0.04356448302845094,0.039428127705090694,0.005462963807908076,0.05175971314200778,0.00813232301067149,0.02966729582099945,0.002856957652046068,-0.014923759172912951,0.02331151731542972,0.024196284890984306,0.010924623974344305,-0.003832750743662751,0.009807251958141657,0.010237878262140778,0.018465516199279646,0.02417794872309652,0.022575063996273185,0.00967933994109182,-0.014994634168386848,-0.010485329731875397,-0.016796525578966662,0.01845982320974731,0.04212254918284181,-0.013292452202276437,0.0004984610071877487,0.0316946225236113,0.012730531676633862,0.05345657891326917,-0.031314587190413204,-0.02868223842101952,-0.004213936389955308,-0.03184418550312747,0.014652343668690655,-0.019894627275987453,1.0,-0.011933025927698996,0.03830423072456712,0.012510050746518318,-0.018539566628506407,0.0672320185302723,0.010274740342600721,0.03941469720199279,0.03849387450507667,0.005634446890286422,0.044862261149978946,0.00879557048488511,0.022731406298603058,-0.003358259843409294,-0.01856559662942572,0.013706325447197742,0.023502382586598064,0.002820762007411862,-0.011107924751877348,0.00858424113051497,0.005647646669044878,0.015900041486448444,0.020415941529122288,0.02029183051945746,0.006566925835489366,-0.01900410206047874,-0.015466883587717754,-0.022213565544712086,0.013881751556546135,0.040148975819319595,-0.015404301339719179,-0.007193674810194838,0.03345392573048278,0.013920963233933872,0.04897002724466073,-0.03058936518764188,-0.0364932180813263,-0.007329250239535289,-0.032608219935386255,2.4449380886123965e-06,-0.02071122982970418
3.5051346029299775,0.6336184340436172,0.8830975428145942,20.0,112.0,127.0,120.0,101.0,95.0,29.0,27.0,22.0,23.0,19.0,3.0,134.0,113.0,130.0,127.0,123.0,130.0,101.0,127.0,125.0,123.0,127.0,120.0,0.2034383954154728,0.38108882521489973,0.4154727793696275,0.2641891891891892,0.3364864864864865,0.3993243243243243,0.012658227848101266,0.008935219657483246,0.011169024571854059,0.014892032762472078,0.018615040953090096,0.017870439314966492,0.0,0.007446016381236039,0.0014892032762472078,0.0029784065524944155,0.0379746835443038,0.00967982129560685,0.040208488458674606,0.011913626209977662,0.018615040953090096,0.021593447505584513,0.011913626209977662,0.004467609828741623,0.012658227848101266,0.0037230081906180195,0.0022338049143708115,0.027550260610573342,0.0037230081906180195,0.03052866716306776,0.011169024571854059,0.008190618019359643,0.03052866716306776,0.034996276991809384,0.0052122114668652275,0.040208488458674606,0.01712583767684289,0.008935219657483246,0.0960536113179449,0.0029784065524944155,0.05286671630677588,0.02531645569620253,0.03425167535368578,0.06329113924050633,0.05956813104988831,0.011169024571854059,0.045420699925539834,0.02308265078183172,0.007446016381236039,0.049143708116157855,0.004467609828741623,0.014892032762472078,0.0029784065524944155,0.008935219657483246,0.008190618019359643,0.0007446016381236039,1.0,0.00832597270793308,-0.02287783975025876,0.026202179141454698,0.06180516199565336,0.013761137817120883,0.048189822592257396,0.01621386417984956,-0.00014032035040885152,-0.006042235786635218,0.019687053917198057,-0.012450504339250842,-0.05845288534764091,0.0078767491730747,0.04076224435795141,-0.01046840528543601,-0.04858637767018229,-0.06879487794951616,-0.008294610572358484,0.024792091483364392,0.02730604312649693,-0.04479037837947544,-0.053151107093468104,-0.031574802573067634,-0.008366194121853446,-0.023833488724960092,-0.03945817672596281,0.039535900149920554,-0.017154707771164984,0.0020598580189837763,0.0016378983818563537,-0.015666337437061986,-0.035696670765105736,-0.005812837934822967,-0.02375447821362066,0.009718329153876583,-0.014193889635607538,-0.00788283108677794,0.0007163137013112649,0.013392921650221101,-0.006952260203432417,1.0,0.008332176860472544,-0.02298298108525903,0.026663567411628394,0.061075798011141456,0.014079541803164316,0.05053833525157208,0.013171173657688065,-0.002503161168216913,-0.009654779062303059,0.012901837636002639,-0.016394283779303506,-0.06081980141466659,0.006675973430762333,0.037421590087614906,-0.005681070089427407,-0.04174217965026224,-0.07069874470104476,-0.00830194883796063,0.026091900376819223,0.03264799840562321,-0.03600114574403108,-0.04578076426727981,-0.03167129768681478,-0.013966655074384554,-0.019446581377462704,-0.03213248697894438,0.04813967820442663,-0.017865454652644375,0.006584733994261515,0.008356472032351351,-0.008293020684809338,-0.031883028320989486,-0.024730961137555053,-0.039343370735119954,0.015234193308669009,-0.001136262771705513,-0.004696068890388405,-0.005095001668850932,0.010640200379664457,-0.008224188130043334
3.518867812363367,0.6426911992898418,0.8883097542814594,2.0,113.0,120.0,123.0,86.0,94.0,31.0,51.0,19.0,8.0,6.0,4.0,134.0,113.0,129.0,127.0,115.0,130.0,112.0,123.0,115.0,121.0,123.0,113.0,0.2237442922374429,0.3592085235920852,0.4170471841704718,0.26597938144329897,0.32852233676975945,0.4054982817869416,0.010424422933730455,0.011169024571854059,0.01340282948622487,0.01340282948622487,0.014892032762472078,0.014147431124348473,0.0007446016381236039,0.00967982129560685,0.0052122114668652275,0.004467609828741623,0.039463886820551006,0.012658227848101266,0.03425167535368578,0.007446016381236039,0.023827252419955324,0.02308265078183172,0.018615040953090096,0.0029784065524944155,0.007446016381236039,0.0029784065524944155,0.0037230081906180195,0.024571854058078928,0.0014892032762472078,0.029039463886820552,0.01712583767684289,0.011169024571854059,0.029039463886820552,0.045420699925539834,0.0037230081906180195,0.034996276991809384,0.02308265078183172,0.01340282948622487,0.10796723752792256,0.0029784065524944155,0.04616530156366344,0.029784065524944156,0.029784065524944156,0.045420699925539834,0.06478034251675353,0.012658227848101266,0.03648548026805659,0.022338049143708117,0.005956813104988831,0.045420699925539834,0.0037230081906180195,0.018615040953090096,0.0022338049143708115,0.008190618019359643,0.010424422933730455,0.0,1.0,0.02625431416057303,-0.02081264495351118,0.04126239651734124,0.01717823010063363,-0.006131910377203304,0.01790398297575229,0.016800197029468725,-0.03176965420424248,0.03918925445894721,-0.01880319465315927,-0.007022463403110304,0.02911970653568006,0.003738183485690852,-0.01297931083967916,0.024755269648445054,-0.00032898753016986714,-0.009124163598188583,-0.002729298448631808,0.011591899358272786,-0.009644054744584794,0.023206106925414405,0.03017949404379458,-0.004768496643512728,-0.013542742831579269,-0.02976811595648022,0.02726343721730772,0.013181400973357736,0.00814771770209457,0.001442537511349837,-0.007108961786663119,0.00880334032028382,-0.006215357372150865,0.04337671152153125,-0.023353331764423602,0.009340115860141145,-0.055904847524786416,0.033043597848426316,-0.0028694510110939915,-0.010532165736828154,0.022958240422864526,1.0,0.026273877732972857,-0.021548877638328804,0.042529487082227604,0.014534353344996384,-0.005218051100340314,0.017294335759316985,0.014402695949866961,-0.03193462428929639,0.04080739860123791,-0.024613050989903035,-0.0017904921610720314,0.026550270176480668,0.0014639587918048905,-0.00978871507356571,0.02349894186183412,-0.0052655285676067014,-0.0034190836746950636,-0.007748517498337621,0.011488453029429725,-0.007936761574900725,0.022868904809328627,0.027748873786354076,-0.0021683437874264774,-0.016806688827069108,-0.0325716597023385,0.02946620701527582,0.011423751054255471,0.008298314814819359,0.002885345900105905,-0.009347160484300857,0.00808300635427466,-0.005963628420003246,0.043490830713993,-0.02708372929309903,0.010942585501296577,-0.06216105130465389,0.040268926820013526,-0.009444067227022946,-0.004008125249532959,0.022239744694492185
3.522449176572157,0.6557801343607392,0.8868205510052122,4.0,112.0,125.0,123.0,86.0,62.0,55.0,53.0,25.0,15.0,4.0,2.0,134.0,113.0,129.0,123.0,124.0,130.0,109.0,126.0,113.0,124.0,125.0,113.0,0.17867867867867868,0.3738738738738739,0.44744744744744747,0.26657552973342447,0.3308270676691729,0.4025974025974026,0.0193596425912137,0.011169024571854059,0.01712583767684289,0.016381236038719285,0.01340282948622487,0.005956813104988831,0.0029784065524944155,0.004467609828741623,0.0022338049143708115,0.0022338049143708115,0.04690990320178704,0.007446016381236039,0.03201787043931496,0.007446016381236039,0.021593447505584513,0.0193596425912137,0.014147431124348473,0.004467609828741623,0.008935219657483246,0.005956813104988831,0.0029784065524944155,0.027550260610573342,0.0022338049143708115,0.029039463886820552,0.01712583767684289,0.006701414743112435,0.02680565897244974,0.04169769173492182,0.0052122114668652275,0.04095309009679821,0.029039463886820552,0.0193596425912137,0.09456440804169769,0.0022338049143708115,0.05212211466865227,0.02084884586746091,0.04169769173492182,0.05584512285927029,0.06180193596425912,0.008190618019359643,0.03052866716306776,0.016381236038719285,0.007446016381236039,0.044676098287416234,0.004467609828741623,0.02084884586746091,0.0029784065524944155,0.012658227848101266,0.008190618019359643,0.0022338049143708115,1.0,0.00793284159423665,-0.028336540441806012,-0.049945652662663834,-5.1103476809121735e-05,0.007332352319050869,0.04789044065044466,-0.006893158809608192,-0.07360242022249022,-0.0030240654346979597,0.07131110635945187,-0.008508920781583022,-0.012078638201677372,0.0075419716499203985,-0.008955664773765137,0.043867616900822276,-0.007190819813237417,-0.0042530687428915205,-0.042232681675913535,-0.002776587614067007,-1.1564831250826452e-05,-0.007188932224467999,0.00482987198419542,0.0384231599751634,-0.0057168753312932565,0.003632652060779,0.020510122249008514,0.019455452487827762,-0.018910811438221792,0.007391006453863822,-0.005625315163259421,-0.010147278634311157,-0.03986669590675015,-0.0048167046003225675,-0.013366506338439521,-0.05347451593734761,-0.0018107600706068403,-0.007209238234922291,0.05423284789989308,0.022326781753428365,-0.0005369614467813526,1.0,0.007938752802578126,-0.028443618667970936,-0.0496432535318088,-0.00011521387553449456,0.004563747978147088,0.04568861691636838,-0.007266725835848295,-0.07114380049640678,0.0020937446882623553,0.06802542787214108,-0.017144721854409475,-0.011132083249430595,0.01530263939048395,-0.004240876918142729,0.04314976587618644,-0.01898186166894911,-0.0011599100085250061,-0.0286545218716249,-0.006336800916803866,-0.007867731185907799,-0.01160873761657462,0.006441776862499372,0.043621270566624785,-0.004593264598349055,-0.0003185775820506279,0.023093504748475813,0.020883558947229885,-0.016736001607686967,0.006130122436319494,-0.005624376751879403,-0.002907883167903775,-0.0453162785030787,-0.009540321212489499,-0.010117520696144706,-0.057981752679576504,-0.008848442426255215,-0.01202659383666287,0.05430069971598963,0.020870059584354974,-0.003353198979820586
3.4829652577195973,0.6380071541231469,0.8823529411764706,10.0,107.0,117.0,115.0,88.0,90.0,29.0,26.0,29.0,5.0,16.0,3.0,134.0,109.0,125.0,124.0,115.0,127.0,97.0,119.0,117.0,112.0,118.0,107.0,0.1984251968503937,0.3732283464566929,0.4283464566929134,0.2706552706552707,0.3333333333333333,0.396011396011396,0.01712583767684289,0.0052122114668652275,0.01340282948622487,0.014892032762472078,0.014892032762472078,0.016381236038719285,0.0022338049143708115,0.008190618019359643,0.006701414743112435,0.0029784065524944155,0.03052866716306776,0.010424422933730455,0.04244229337304542,0.008190618019359643,0.017870439314966492,0.02680565897244974,0.01563663440059568,0.0014892032762472078,0.007446016381236039,0.006701414743112435,0.0037230081906180195,0.029039463886820552,0.0037230081906180195,0.023827252419955324,0.01340282948622487,0.014892032762472078,0.03201787043931496,0.04095309009679821,0.0029784065524944155,0.03648548026805659,0.026061057334326135,0.011913626209977662,0.10647803425167536,0.0007446016381236039,0.058823529411764705,0.014892032762472078,0.0379746835443038,0.05361131794489948,0.06999255398361877,0.00967982129560685,0.03350707371556218,0.014147431124348473,0.008190618019359643,0.05063291139240506,0.0014892032762472078,0.01340282948622487,0.0014892032762472078,0.006701414743112435,0.008190618019359643,0.0014892032762472078,1.0,-0.06921681380946335,0.025071324340539086,-0.020927998391805435,-0.016626895258408377,-0.017757123278207124,0.016083649714915445,-0.03331581540261233,-0.007823949875634999,0.017871286462644957,0.011158880000170276,0.0006162705206774783,0.0392216553231153,0.00692520079877031,0.025981004710524436,0.006545158563399416,-0.0071542595303728555,-0.007175556857835132,0.033997296667054894,-0.040986725805772964,-0.00521794568808734,-0.012071968873323293,-0.040624703829457494,0.024183472334929793,0.031221000025937713,-0.014780823969996953,0.04582228510447371,0.00018014582637300214,0.02669599551788069,0.001961321902855322,-0.00499796530310822,-0.024196025662786627,0.013870095750326925,-0.04451118994234202,-0.004732082679871065,0.011838215602352391,0.03808034569069185,-0.01786096339692828,0.018311538745630872,-0.0568242501557072,0.05297134555689283,1.0,-0.06926839116699647,0.02040852867410571,-0.017951012927416556,-0.01992767262750088,-0.019556174966638428,0.01413123534241203,-0.031567127492279044,-0.014121081539758398,0.017941622139854722,0.013184656791405755,0.0002675018299493923,0.03836508589364822,0.014179985075715086,0.026621518318994276,0.010738807285519647,-0.0043854931389647805,-0.004488400359960457,0.03492855719583935,-0.03422010052747758,-0.011709219812243954,-0.010773449313202522,-0.043648353034229086,0.01716485499873398,0.030816530273969734,-0.01244831267673404,0.03977109889483211,0.004259601490135497,0.02797390229039642,0.006154482066477933,-0.006074051062652842,-0.016206902885678685,0.012035038112890086,-0.04005352162099607,-0.007631037950292007,0.012845006105343794,0.03722863014084689,-0.014648425034919883,0.005616855103115054,-0.055069602421407446,0.04619897225174423
3.4937393907395853,0.6233099486257143,0.8875651526433358,10.0,103.0,124.0,118.0,78.0,92.0,30.0,39.0,30.0,11.0,26.0,1.0,134.0,105.0,129.0,127.0,121.0,127.0,105.0,126.0,110.0,109.0,120.0,105.0,0.21299093655589124,0.3580060422960725,0.42900302114803623,0.27291960507757407,0.32933709449929477,0.39774330042313116,0.017870439314966492,0.008190618019359643,0.016381236038719285,0.010424422933730455,0.016381236038719285,0.014892032762472078,0.0007446016381236039,0.008190618019359643,0.004467609828741623,0.0022338049143708115,0.04393149664929263,0.016381236038719285,0.039463886820551006,0.004467609828741623,0.012658227848101266,0.018615040953090096,0.014147431124348473,0.0007446016381236039,0.007446016381236039,0.0022338049143708115,0.0014892032762472078,0.03201787043931496,0.0029784065524944155,0.03127326880119136,0.017870439314966492,0.011169024571854059,0.027550260610573342,0.05212211466865227,0.006701414743112435,0.03276247207743857,0.0193596425912137,0.011913626209977662,0.0953090096798213,0.0014892032762472078,0.058823529411764705,0.02680565897244974,0.027550260610573342,0.04839910647803425,0.06924795234549516,0.01340282948622487,0.03276247207743857,0.016381236038719285,0.012658227848101266,0.05137751303052867,0.0029784065524944155,0.014892032762472078,0.0022338049143708115,0.005956813104988831,0.010424422933730455,0.0022338049143708115,1.0,0.11322428848479914,0.0030263025835930413,-0.016556721452356257,0.022830845578419696,0.0364205359788113,-0.030554036866956666,-0.002530110967690365,0.022272197647934384,0.0483583642191289,0.0372231277452408,0.015345206302545407,-0.026967101708560155,0.024945160680858978,0.026456971670496834,0.016769040086725674,0.001082868820845247,-0.005903616747056848,-0.020540573259842113,-0.02438424548363065,-0.007070473088820943,-0.04667832523160114,0.0023173609906840145,0.0319938036953581,-0.009188754885119492,0.016147195034972178,0.038026922347052156,0.01319966017684447,-0.005203015108287443,-0.016719410206493118,0.029319018764442702,0.013993718027378397,0.0010926800786731016,0.002468668926733757,0.03329055133839306,0.005946985499631519,-0.03629515769346868,-0.011407031861585773,0.010622981200583467,-0.04496342589787189,0.04976310483085507,1.0,0.11330865829738095,-0.009935597628245562,-0.01602209591814216,0.026991312953199793,0.031233090923252108,-0.039192510275306965,0.006493233976685875,0.023042809624192254,0.04121430989417248,0.028143408998021594,0.011643502104001035,-0.03136623106969179,0.030207403686901745,0.018366577049093682,0.011163187805700284,0.0010104400805748851,-0.005276168903864701,-0.02783382612009228,-0.02319824646170079,-0.0025043901815881902,-0.04665540341273663,0.01211527889660634,0.03060306161662318,-0.022989834446361396,0.021554984114643554,0.041370663358855836,0.0015223214114410191,-0.00469227691477369,-0.008019692678315218,0.03285108115144536,0.0064999099702469955,0.0022624577474210806,0.0020620759899242567,0.03473169854345705,-0.005789766145250029,-0.043308531026487004,-0.0025577628127165654,0.011964361143939062,-0.061455185374124484,0.0619291863262276
3.5152724149910397,0.6345826148146577,0.8860759493670886,3.0,108.0,126.0,111.0,91.0,91.0,32.0,37.0,30.0,8.0,8.0,1.0,134.0,109.0,131.0,127.0,121.0,130.0,107.0,125.0,117.0,113.0,117.0,111.0,0.20278637770897834,0.3715170278637771,0.42569659442724456,0.2697642163661581,0.3314840499306519,0.39875173370319,0.0193596425912137,0.00967982129560685,0.014892032762472078,0.012658227848101266,0.011169024571854059,0.01712583767684289,0.0014892032762472078,0.011169024571854059,0.005956813104988831,0.0029784065524944155,0.03723008190618019,0.006701414743112435,0.029039463886820552,0.007446016381236039,0.03052866716306776,0.027550260610573342,0.014892032762472078,0.0007446016381236039,0.008935219657483246,0.004467609828741623,0.0037230081906180195,0.018615040953090096,0.0037230081906180195,0.029784065524944156,0.008190618019359643,0.014892032762472078,0.026061057334326135,0.04839910647803425,0.0037230081906180195,0.026061057334326135,0.029784065524944156,0.016381236038719285,0.10126582278481013,0.004467609828741623,0.04244229337304542,0.026061057334326135,0.03052866716306776,0.06478034251675353,0.07520476545048399,0.011913626209977662,0.034996276991809384,0.01563663440059568,0.006701414743112435,0.0387192851824274,0.0029784065524944155,0.020104244229337303,0.0029784065524944155,0.005956813104988831,0.008935219657483246,0.0029784065524944155,1.0,-0.005884167636415613,0.005166634977010894,-0.004338156994361576,0.020162272776866174,-0.02022880986050286,0.030190601949707352,0.03679288867380752,-0.04871797261850529,0.023620820454981577,-0.024844719466803757,0.037595774576953844,-0.035249878549198845,0.011786295747458498,0.0017372042666061957,-0.010892001545399972,0.013021615491970518,0.005764576533602185,0.005410799715758071,-0.009745719025981899,-0.019588459734626997,-0.0498264634258512,0.008181564749900354,-0.010143494489531906,-0.03198574976134309,-0.007798802692352391,-0.004763286536688858,0.019221004666288812,-0.010906430919357515,-0.019696995488434677,0.03499123360253612,-0.023195232409142303,-0.006579203366660526,0.0018725714146684766,0.04029146280998709,-0.004363701465191819,-0.02190515860412426,-0.015315226995150207,-0.017991614288233013,-0.005579455320151305,-0.04099087421538017,1.0,-0.005888552262076124,0.005139843798603521,-0.004287552215647561,0.020147016723657533,-0.020035847159281618,0.02990506234331482,0.037729920231139594,-0.04962663535824595,0.024132921506784123,-0.02573966495227872,0.036944164038155314,-0.032537676871708665,0.006028309192898274,0.00609907291162248,-0.011914348162626999,0.01374041198905351,0.005999091775607331,0.0019961462168901693,-0.0025106716236427125,-0.027783089832527287,-0.04582896465741247,0.005274508860851918,-0.00951999735024092,-0.03310702339371394,-0.007271190958078763,-0.0033490771812121067,0.022878393787797286,-0.008591030653030327,-0.025392654269460427,0.041334315260097045,-0.024416020427154794,-0.005545974190064552,-0.001352905210160195,0.03874698305833464,0.003927355723499788,-0.02930127080319578,-0.015476550508620542,-0.014611589292068962,-0.007172066862342077,-0.0423664256873605
3.5221264674201374,0.6260247489227109,0.8801191362620998,9.0,96.0,122.0,117.0,82.0,70.0,27.0,44.0,9.0,13.0,13.0,1.0,134.0,105.0,131.0,126.0,125.0,130.0,79.0,129.0,99.0,123.0,122.0,92.0,0.20398009950248755,0.36650082918739635,0.4295190713101161,0.2817204301075269,0.33906810035842294,0.37921146953405016,0.01563663440059568,0.007446016381236039,0.014892032762472078,0.014892032762472078,0.011169024571854059,0.014147431124348473,0.0007446016381236039,0.0052122114668652275,0.0029784065524944155,0.004467609828741623,0.03723008190618019,0.006701414743112435,0.039463886820551006,0.006701414743112435,0.022338049143708117,0.027550260610573342,0.01712583767684289,0.0029784065524944155,0.00967982129560685,0.0029784065524944155,0.004467609828741623,0.022338049143708117,0.0007446016381236039,0.02531645569620253,0.016381236038719285,0.010424422933730455,0.03052866716306776,0.04393149664929263,0.0052122114668652275,0.03350707371556218,0.024571854058078928,0.016381236038719285,0.09381980640357408,0.0052122114668652275,0.05361131794489948,0.021593447505584513,0.05286671630677588,0.06403574087862993,0.0573343261355175,0.011169024571854059,0.026061057334326135,0.014147431124348473,0.006701414743112435,0.04169769173492182,0.005956813104988831,0.020104244229337303,0.0052122114668652275,0.01563663440059568,0.0014892032762472078,0.0052122114668652275,1.0,0.00022008409850688836,0.013657214957243174,-0.008106905267284529,0.002080547861245725,0.041970976970351175,0.041146110375845,-0.01099283580544221,0.026853395568301828,-0.007306656508972118,-0.008829649598223886,0.02545451011087352,-0.01579472908073474,-0.031228561587632733,-0.03359605487441971,0.027881338186644292,-0.00027620192397910135,0.02860282111434232,-0.018099611654343508,-0.0027634395618439255,-0.03597069660075931,-0.0199176621314701,-0.020411627322554696,-0.003901045422661797,0.008189485238891509,0.022472640050728663,-0.06356009980261028,0.040317474916565,0.03034734599308209,0.03731626972016866,0.022995770569765872,-0.02992301988502491,0.011519175444320275,0.024282929565871518,0.04144579605983349,0.05861970452213516,-0.013892346463372436,-0.02482060206697618,-0.01484098078238383,0.030906728655898018,0.06875456192651876,1.0,0.00022024809559967928,0.01367753581390328,-0.008132560558194276,0.0019046056364760394,0.04235973888446161,0.0412691293853097,-0.012181384918002977,0.026643273120104102,-0.006475683193183174,-0.01182142525266421,0.02297034202442029,-0.016647980597476266,-0.03388236884293022,-0.03499818610046592,0.030922039109675614,-0.0019602882738627703,0.0273910041319162,-0.012537818812349765,1.0446736991020494e-05,-0.03521714175764877,-0.021718630523090667,-0.021114987659921064,-0.007178369613484582,0.011894099663343337,0.02561451835184337,-0.06340192454925377,0.04325136889735532,0.036366992656819405,0.03996743105706766,0.021422487916437718,-0.025747431123686913,0.009543977341824116,0.01602572979567008,0.036745259746883474,0.05374053905963718,-0.018329755874350543,-0.01873090106786861,-0.01953283309558871,0.02767394083725866,0.060024986564786297
